5.417100168800077498e+00
-1.439683060052593611e+01
3.173195553247325762e+01
2.466588499546884705e+01
6.526659727606641148e+00
1.805131125997520014e+00
6.342717543963021676e+00
-1.570689881699403045e+01
-1.580089025075725218e+01
-3.752828760816414366e+00
1.204827404724763440e+01
1.830064685468108721e+01
-6.569215752260020302e+00
-3.963101400290740095e+00
6.634975781610971346e+00
2.262528917411564677e+01
2.294562433577501892e+01
-1.045471489538829424e+01
-6.436496037921065394e+00
-6.678270149782303378e+00
-4.158004309800953813e+00
-1.170740758091910649e+01
2.078002202106290142e+01
2.217265830098228108e+01
-1.437656276008227429e+01
-4.315592214200753673e+00
-1.600401005324093973e+01
2.581081316406540438e+01
-7.957508702583243831e+00
1.158645148950188997e+01
-9.820989131280823514e+00
-2.235153158373831772e+00
-9.225633747652850047e+00
7.413211455270507511e-02
1.240671981723438932e+01
3.333169305791016335e+00
2.613372058465075476e+00
1.783252499041098060e+00
-1.907685982321668661e+01
1.064646056546152408e+01
-3.028105011233480637e-01
1.122196242908758812e+01
-2.766049213479332991e+01
5.743416318327621894e+00
5.373061246626563481e+00
6.718145283763585773e+00
5.715377214116085014e+00
-2.429907927256623523e+01
1.517055864240900576e+01
1.541536203781168979e+01
-1.310576142943299383e-01
-3.172024437474016523e+01
-1.820165509553757488e+01
1.261308904433813050e+00
1.356395194076462696e+00
-1.519597113649295750e+01
-7.320736442662145294e+00
9.151945128218180514e+00
-1.704709479077881085e+01
1.923283022846657886e+01
-6.645950580078003433e+00
-5.595236275441459739e+00
1.974312231483491686e+01
9.967976514003639821e+00
2.273231849092478107e+00
5.710434786448162825e+00
-4.126538024243060931e+00
4.316848581283956321e+00
4.355622386498718690e+00
-5.188595218184415714e+00
-1.866363194041976570e+01
2.269780452372891055e+00
-4.902177112685162541e+01
-1.020161117890470237e+01
2.268622691795853186e+01
1.349514020659921165e+01
-6.761067513461425982e+00
4.655773625524371795e+00
-9.097000323179059933e+00
1.159467281000284400e+00
-8.261957052543982272e+00
-3.305414836217875774e+01
-5.196270085419591567e+00
1.849073958697118414e+01
-3.858958833578386560e+01
-1.877782137249868866e+00
-8.765065264362668529e+00
6.208607017193723543e+00
1.506949413069495591e+01
-2.418204626641146771e+00
1.333812234065643665e+01
-2.236622509265519554e+01
-4.962698151851999029e+00
-1.822293362284988616e+00
-1.619661672446152068e+01
-1.910764634172298670e+01
1.153953619338195402e+01
9.879590091458409162e+00
-1.648482520255168637e+01
-1.219391961860467433e+01
1.917202845634663078e+01
2.487661228201658759e+01
-3.682187960620046496e+00
9.405543486765777672e+00
-1.128257116613485600e+00
-2.243617203440959429e+01
2.456058617887930851e+01
-2.780193612987809360e+01
1.219366460109709394e+00
8.296722935409288624e+00
-2.147623527912705654e+01
7.303850574571561616e+00
-1.729060936104919932e+01
3.556831988269347988e+01
-9.247411335849793801e+00
6.063547852061882182e+00
2.655628597767823251e+01
-2.794647816897713355e+00
8.084252578619472995e-01
1.980313527056819467e+01
-1.403035052445081909e+01
-8.099293261782005260e+00
1.503384745595777794e+01
2.392446388186671413e+01
9.172760330637935056e+00
2.847688984568802084e+01
5.050158395615986784e+00
-3.640494005289308177e+01
5.664933764778927738e+00
2.215596516131093097e+00
3.986254603282862519e+00
-2.503264676203392014e+01
-1.412435464535323071e+01
7.586497499073228568e+00
-1.877840494594723708e+01
1.178976579564503702e+01
-1.676698314975679116e+00
2.390128178099981682e-02
-4.203938532115966353e+00
-1.230950744001377473e+01
-1.546105330925093213e+01
-2.942321519232633520e+00
1.868690820987639611e+01
-1.149431460351491197e+01
2.753781089176753127e+00
-2.462076176289094143e+00
-4.280419170868363210e+01
1.434157699357885285e+01
-4.695965363273272075e+00
7.398228801920666342e+00
-1.449034655969301788e+01
-9.717501155764484366e+00
-4.603348007288671084e+01
1.843673523580643403e+00
-3.497524770097035329e+00
-1.441866216061149153e+01
-6.799616704482072116e+00
-2.079546643444005127e+01
-1.338317549403804385e+01
4.264606891375320785e+00
-5.733207558782587476e+00
-2.456775504991072223e-01
9.111956596727573299e+00
-1.883137107589176962e+00
-2.300927504479976182e+00
-7.002141507533622189e+00
1.925134986574254725e+01
-1.893614290046744486e+01
7.538517351967071178e+00
-1.005785992203169599e+01
-1.711325181277931051e+01
-5.631625364794391686e+00
-1.580266919703786499e+01
1.838571311658637697e+01
4.870588486772639669e+00
-1.363070539936894221e+01
2.685786753995104803e+00
1.047023705697784735e+01
-4.370697876061265141e+00
-1.350329694007701775e+01
-1.491839631064776306e+01
1.462435587432831419e+01
-7.304557796805779546e+00
-4.718250961571536450e+00
1.020086681027627762e+01
-1.420789355735666604e+01
-2.808017960303984140e+01
-1.409038520487098101e-01
1.131585285866948709e+01
-2.389368200881477478e+01
5.652002195807322771e+00
1.357126268074587649e+01
-4.534506935162851526e+00
-1.355548208444058744e+01
-9.909763547928250205e+00
-4.566025323197174579e+00
1.628250677160957949e+01
1.106931588700570623e+00
-4.690250671343716427e-01
2.311304718051174767e+00
-2.471039833748398706e+01
-1.567049528724828811e+01
1.557647618778102228e+01
6.227971534614995974e+00
-6.743606410262018791e+00
2.635646052916865401e+01
2.237471874957751083e+01
8.534226792085085833e+00
7.940303196892122273e+00
-1.918179822750790109e+01
-2.327426382709566965e+01
-3.150243892434475512e+01
3.188554328124202897e+01
-1.266542818074964494e+01
1.779577686185127661e+01
-5.460482555204046129e+00
2.125291417638203484e+01
-2.785507132259951391e+01
3.095818357346247218e+00
-1.461878319246955193e+01
1.898135314640400528e+00
4.010023750893259908e+00
-8.820666295999382456e+00
1.463284836558404933e+01
1.060058181572757263e+01
2.750846978812632315e+01
-2.248753798391851433e+01
1.142728083959791796e+01
-1.697952554011655835e+01
-3.530997529147354541e+00
-5.200794514958912629e+01
-3.068911955587621776e+01
1.132497591444415264e+01
3.175054577495259878e+01
-5.048664778142712528e+00
-1.524641369167759741e+01
8.953356636427844961e+00
-1.052113791139901089e+01
-7.699181806225563029e+00
1.530986286311302846e+00
1.649832008240666559e+00
5.270012808685051731e-01
2.451136208322759913e+01
-9.635322657915299516e+00
-2.114471531532936410e+01
-2.181131432562624539e+00
-2.851713238470367529e+01
-8.927727860050341135e+00
5.697817469782554767e+00
1.618171803082379290e+00
-5.822568430926502003e+00
-2.001017070092524719e+00
3.268969784542768053e+01
-3.109416838744222389e+01
-7.074967975600142900e+00
-4.570636160541531545e+00
-1.445320796896407134e-01
-1.057205356351303216e+01
1.010421993318129452e+01
-9.476976236180956192e-01
3.426871579296878245e+00
-1.360599984840539101e+01
1.421774238179628824e+01
9.491945380731583448e-01
1.066031478633133212e+01
-1.744588812650913923e+01
-5.220504917491409103e+00
-1.935244903699311081e+01
-1.543446898390705257e+01
1.572630673933194956e+01
-1.321967190467591280e+01
-3.146830791832716656e+01
-1.673393896001286762e+01
-3.394209652236833108e+01
-2.485708891126323294e+01
-1.899448600399795239e+01
1.858958464722216064e+01
-1.780182452096622470e+01
1.676434792005012397e+01
1.400096296076932978e+00
1.448492357849847245e+01
1.487550340518557768e+01
-1.287728943366282586e+01
1.917997670059688886e+01
8.213497472168999280e+00
-2.224602149035191268e+00
-1.015824735149525360e+01
-1.306819266544727043e+01
-3.782387987764844972e+00
1.222040432869966864e+01
1.238450067438591518e+01
-3.056491674946710191e+01
4.415319699544945742e+00
8.048265329995883732e+00
3.158415040950153241e+01
1.742600068103923405e+01
3.109272305241269407e+01
-3.152702288144016762e+00
5.675147040784331409e+00
2.514671297197402922e+01
2.426572403901904451e+01
7.592436404970053232e+00
-1.458682798643914502e+01
4.381336317551691728e+00
3.644956650010374233e+01
-2.254114293845172767e+01
-1.376300228444056728e+01
1.185510829938963262e+01
-1.265178793817547742e+01
-1.082052448699991176e+00
3.824762233436711512e-01
-2.364543389982397770e+01
5.230051765380627415e+01
1.564070087736218184e+01
9.078830511776708079e+00
-2.847190700989544609e+01
-1.056056944751456150e+01
-1.328996083280200757e+01
-1.575714676917472357e+00
2.260368159012246636e+01
-1.034860757350425331e+01
4.044111090398398289e+01
-1.291730975753359445e+01
-1.624260886594377951e+01
-1.334930899112052316e+01
8.630761266391873576e+00
-1.419429580382815992e+01
-3.757400422442508869e+01
3.118010657082973225e+01
1.437993085416537697e+00
1.787120822129935283e+00
-6.201194753537029314e+00
2.625942233181690355e+01
1.512824141702530589e+01
-2.208708472090930286e+01
2.431209699730348461e+01
1.105763089792181653e+01
-6.986737106723335700e+00
4.877922467537191054e+00
4.721278800724977032e+01
-1.231701605317117298e+01
-2.348156146526544585e+00
4.739557103231224033e+00
6.314822028974591994e+00
9.646951759411241056e+00
-5.281605443257231691e+00
-1.534747374551541199e+01
1.607494521741590532e+01
-1.796205158947885039e+01
1.400718472643314527e+01
6.030519720436100961e+00
1.713730422752837157e+01
-1.505161180434639867e+01
2.196438081525585417e+01
1.371400520158149838e+01
1.699215900291813597e+01
6.556052630703636197e+00
-3.835330561990784481e+00
-2.185858971010013008e+01
5.234565249659824282e+00
1.280358299401649802e+01
-1.379252128311269843e+01
-2.285662353823660453e+01
3.042980254530796103e+01
-9.284804335130240061e-01
-1.532936602280977212e+01
2.160583049694202273e+01
2.706728086519458287e+00
1.097818342194654484e+01
-1.297936385787064495e+01
1.570399628053489138e+01
8.834583452014921789e+00
4.844679932976247549e+00
-1.998079766493691567e+00
-3.046508574211325815e+00
9.213065692911326821e+00
-5.782981340494494304e+00
3.639976905129579166e+00
1.543033892085856351e+01
-3.982701267119286292e+00
4.009248717039508580e-01
-1.711354963585819178e+01
5.872603198771580324e+00
-2.416998555467273135e+01
-1.069770848528273355e+01
3.509901064107005908e+01
1.332609423007807514e+01
-3.750822196917300033e+01
3.544870453065549043e+01
-1.540761594024876047e+01
-3.951581999970636971e-01
-3.398104313482988026e+00
7.793477085542964033e+00
2.270969020982339970e+01
-1.235450109881856839e+01
6.826982285200818623e+00
6.558580581675923504e+00
3.135629394427927430e+00
5.305693134215294648e+00
-1.639692969797856392e+01
-1.170827395112189473e+00
-2.762472363548684484e+01
8.845216565535048758e+00
1.026697705855307508e+00
-2.320921337127615836e+00
-3.467361143506187915e+01
1.888309249531542333e+00
2.422072312319046006e+01
-2.383052551857398882e+01
-8.084127090836892293e+00
-2.672217202886367815e+01
-1.973871699050749484e+01
-1.019551045204464401e+01
1.625200337991105926e+01
1.226238493446474287e+01
-8.943140023109517500e+00
-8.211905626374640832e+00
2.326243522204380554e+01
-1.978189482881796479e+01
1.337898477141595244e+01
2.853452599830657022e+00
1.553756209057135962e+01
-1.847547788276029834e+01
1.122463801415386619e+01
-2.684005509090435382e+01
-8.945587088405886789e+00
7.697279844823047057e+00
9.134962167037470326e-01
2.843319372159588454e+01
-1.983449203330466659e+01
1.022549056781775967e+01
-1.726294452457766937e+01
9.501840238801160243e-01
-1.961395330170788265e+00
1.443800690272517606e+01
-2.148038844870366049e+01
-8.117876383299968523e+00
-3.594471917595827293e+00
1.630379160278765172e+00
1.424514291001379185e+01
-1.938547778840127300e+00
-1.310551545073435165e+01
-1.385783751138986108e+00
1.092784286565436958e+01
-4.190587600625299558e+00
1.237694860716277567e+01
-3.484142709944350003e+01
8.875254648167194560e+00
1.057239157381961903e+01
2.436310881994010025e+00
6.041413810681588892e+00
-4.908250488407292167e+00
-2.017797168328891999e+00
-3.943603377162412826e+00
-1.183218982872951131e+01
2.387333711656596336e+01
1.669270886854787861e+01
-3.426128677014872004e+00
5.567014831499837335e+00
-1.528750008525615733e+01
1.794052853365300626e+00
-3.895037148637347513e-01
1.591311190731155678e+00
2.000439208522320556e+01
2.989924871600846856e+00
1.177008653487926537e+01
1.046358498894046818e+01
-2.866518913015002212e+01
8.670310055942861638e+00
1.035720089163286772e+01
8.655351705199454404e-01
6.617543423246032841e-01
2.214218360347547154e+00
1.988260441706501069e+01
-5.526244990817493097e+00
-1.190554643383614319e+01
-1.993033946294917058e+01
3.048795593697805728e+00
1.772456125534806048e+01
4.662048007002867145e+00
9.033898812475287698e+00
1.255177540171034600e+01
1.080340898021086993e+01
-3.743646423318783611e+00
4.645101826076963647e+00
-2.396201549295938094e+01
1.884141390851070241e+01
-1.369021089247387302e+00
-7.154189771147622778e+00
1.012521615232656558e+01
-1.649118832808429502e+01
2.115323686214209431e+01
8.663153973410727460e+00
-2.304825312776340951e+01
-5.905386662923072016e+00
6.441369501490731508e+00
2.607287498104344081e+01
-1.597534606414306424e+01
1.118021877254057372e+01
3.012392112697642332e+01
1.900985121614409579e+01
-1.877353369703147923e+00
-1.254848484285103716e+01
-1.101609157917526005e+00
6.312609157709693442e+00
-8.203845732989696771e+00
-2.093702389829542376e+00
-1.952635203948131348e+01
1.798972702342278751e+01
1.858946165777369330e+01
-1.814463151612966385e+01
2.090476544525477109e+01
-1.683559441779837229e+01
-5.978876914795685948e+00
1.192743736563321022e+01
5.710604651670757370e+00
-7.665252148925813636e+00
2.449598160146852166e+01
6.514116754422321076e-01
2.156918754043095987e+01
1.648335782057190357e+01
2.314486180675423554e+00
4.236812259033358785e+00
-1.341678232704575002e+01
2.453356469188430466e+01
3.305731381413930414e+00
-5.059287468346023608e+00
1.107739960674998692e+01
7.953958400986784749e-01
1.048995435700575030e+01
-2.500608469320436811e+01
-2.153051148105443069e+00
-9.978175545263901824e+00
2.703722112588010162e+01
2.511722416511429046e+01
7.108124608818332746e+00
-6.917623308744641486e-01
-5.181505711525642432e+00
-6.937003775312407861e+00
-1.182627457815362826e-01
-1.246010140747864092e+00
-1.103923149978149176e+01
-2.108786472188966243e+01
4.843880307287251608e-02
1.230232544025942865e+01
-2.541341302130885893e+01
-2.314156102985642605e+01
1.843513031935969382e-01
-1.993279405936019089e+01
2.662752905109342905e+01
-1.940259761044278974e+01
-1.410338157083719679e+01
-2.625921214211409804e+01
-2.617645511948047066e+00
-1.384663861242759531e+01
-7.058138740931322097e+00
7.840431142765462269e+00
1.434467259987080245e+00
5.385046691868511370e-01
-1.220337843222014307e+01
-3.986484215256649755e+00
4.625350867843448732e+00
1.613764254182264102e+00
-6.793929479916827496e+00
-1.140612140329016988e+01
5.924528627652098756e+00
2.336054081143849714e+01
-9.728572976869525490e+00
5.193241259563639023e-01
-1.804064699038706010e+01
2.204114461473120201e+01
9.350318817492809131e+00
2.269417655839693637e+01
8.562591486257973727e+00
3.214818552613108693e+01
1.140017292409418914e+01
-1.347567484383929326e+01
-2.682157204085800473e+01
2.508529879439433330e+01
-2.142608618327161096e+00
1.697330340275260596e+01
-1.458256423985597117e+01
-1.767106664813277606e+00
-1.394242966705007092e+01
-9.307539057218406242e+00
9.375124991430345389e+00
-2.592155534851292842e+01
1.136190092076185110e+01
1.180218239802379010e+01
-9.967387892909020053e+00
-4.217360205422465924e+00
-7.650423479164916163e-01
5.403201298847663203e+00
3.809539674731882286e+01
1.022135824661276438e+01
-2.007111895336338492e+00
-3.763145329209824475e+00
1.879896506863303784e+01
1.891755931541389879e+00
-3.943899630038941062e+00
1.595753087918753144e+00
-6.664526472535152735e+00
2.619488217626622628e+01
1.565578117209525999e+01
-3.126523292923874209e+00
-1.547866337167344319e+01
-2.529744877114208990e+01
-6.748680902438850548e-01
-3.894367481227390293e+00
3.793662944341389220e+01
-3.036343436442493982e+01
6.164474700412228003e+00
1.979212584585093637e+01
1.899326829407567274e+01
2.141616086796298646e+01
-2.200140899081064205e+01
9.796727972194383405e-01
-2.142856426973138895e+01
-1.002418636982663713e+01
-8.750782835271126103e+00
-1.544533226903062051e+01
1.040894509786974886e+01
-1.404341719859978710e+01
-5.715626479467881715e+00
-1.353322406907265574e+01
-8.658670904383901856e+00
-4.205940638771340723e+00
-3.099115146730561321e+01
-1.593211422156383961e+01
-3.158702885384633952e+00
1.493694895121640265e+01
3.345980755131028772e+00
2.352644082855338681e+01
-4.491194401077175380e-01
6.398993204020468895e+00
-2.005137985301420400e+01
1.428228853305834001e+01
-1.148517545809585982e+00
1.256579181323130534e+01
1.931055908237089369e+01
-4.584814211229130798e+00
8.775883824046166737e+00
2.167188604949577879e+00
-2.681403320932039946e+01
8.261366262618706102e+00
-3.247081747744206548e-01
-1.211313346093495724e+01
-2.827939846665437074e-01
3.114246922720306898e+01
-6.054966561920841484e-01
4.823609591605849012e+00
8.303207552384062495e+00
-5.917626239058447091e+00
-5.565916480571382330e+00
-1.381433841537407581e+01
-4.163140934071288157e+00
1.219674263012982607e+01
1.040443887179495341e+01
1.249518083572198401e+00
-3.822022624151989589e+01
-1.044733064045211535e+01
4.918740889970955266e+00
-3.669978305533495799e+00
-6.550821454512099962e+00
1.676373839217417228e+01
1.260368336975627557e+01
1.569352562516535210e+00
1.899101472721077144e+01
7.574737319579345041e+00
2.027034686221567128e+01
-4.041864746547529919e-02
-2.817590234417868267e+00
5.006311848886019433e+00
-7.655266758746114064e+00
2.184577414103235782e+01
2.480776103893609275e+01
2.412452460227825668e+01
1.188071344204812441e+01
-1.626796122892864460e+01
1.916606142093922927e+01
-9.527554839002959852e+00
-8.542317848074041819e+00
3.205817471144511899e+01
5.382249657870122661e+00
3.421202392717248131e+00
-1.443601982944836237e+01
5.114694295405051605e+00
6.686958103877092441e+00
-1.087227910539147935e+01
-1.366087139535851946e+01
1.833466275983418470e+01
6.879113333670741071e+00
1.667423245956965516e+01
-1.496203994265532522e+01
2.454155797737455913e+01
-6.234126908537911405e+00
1.186317986618892029e+01
1.543679469248009894e+01
-1.819065172356458371e+00
1.278358549267200672e+01
-9.304046303694294195e+00
-4.013324601523685864e+00
-2.144083084112885018e+01
-1.514076029005781532e+00
-4.388686484969311685e+00
1.123984556965911352e+01
1.596118376520334436e+01
3.569596911830147157e+00
5.327773948830348161e+00
-1.297433884850183361e+01
-6.974506120939079956e+00
-7.310692931069466383e+00
-9.088930276187854318e+00
2.117498211545895614e+01
1.338091875599416447e+01
1.863411287453730969e+00
-7.032262045375744286e+00
-2.354716233275872206e+00
4.176118445424788383e+00
1.118563549553885039e+01
-4.282087164323159278e+00
-2.338440836381222354e+00
-5.978911868034328947e-01
1.952014742275579451e+01
-3.049976735763307190e+00
-4.024002106870957718e+00
1.195616420233781341e+01
-5.405433139419169031e+00
-5.390344808913400954e+00
3.527352584995360196e+00
-3.182700779778105016e+01
3.142308099549757650e+00
-1.618184777076038117e+01
-1.831462098023299845e+01
-5.034964630115858597e+00
-5.068186878853381039e+00
2.248323795206008668e+01
7.453597422156354568e+00
2.119835631065972237e+01
-5.466467220543761663e+00
-7.233091978883314788e+00
1.111168566169988914e+01
-1.409781833460053235e+01
1.532570329247550056e+01
-1.728397689658026870e+00
1.544182230027783476e+01
-2.096358093569568837e+01
7.881735016338751620e+00
1.492086816874619970e+01
3.658289865893550541e+00
-1.084926252455612605e+01
-1.238655183218956246e+01
1.402010618051528290e+01
8.330352313336502945e+00
1.081041182797143563e+01
1.300407300630444141e+01
1.690604101218830735e+01
2.338030049429319135e+01
-3.874339233634653112e+01
4.589936806698759142e+00
-9.853046852675251266e-01
-2.263451064887240349e+01
2.373075439235426387e+01
-1.832506425786569748e+00
6.648949659756222985e+00
2.299981590491163175e+01
1.582245060153035610e+01
1.648519000653181976e+01
5.160083341709643889e+00
4.838645218341605769e+00
-3.809259444006440987e+01
-7.133729772882126063e+00
5.517472041569972951e+00
3.974781676837465305e+00
-6.087290119552530854e+00
-1.592304193622506503e+01
-9.392233181005266829e+00
1.065978404775840716e+01
6.223577271844395575e+00
3.537648363852176736e+00
2.250093231422447104e+00
-9.474909191150761245e+00
-1.738344617948790827e+01
2.219368920467679374e+01
1.482914171567357187e+01
8.739332199918401045e+00
-1.348315159890892723e+01
-1.990652922743176489e+01
1.578098408756172688e+01
2.204448508111437732e+01
-4.764399327079840596e+00
4.842535581610321049e-01
-7.239465546502240612e-01
-1.591219066423059125e+01
2.704590456632881867e+01
-2.850208405653557975e+01
7.983617130183617405e+00
-1.111642213930979395e+01
2.066411504505198948e+01
2.622405602763762111e+00
4.639302054122848240e+00
-1.021489041173773771e+01
2.055788757372859621e+01
8.441218710090687694e+00
1.913561331732933013e+01
-3.852409200205048734e+00
2.078788537174884965e+01
-8.152910969760990056e+00
1.434164908801285776e+01
-1.295732129411467604e+01
1.608356521561477015e+00
-1.018036522887777551e+01
1.813871368340533152e+01
1.557105920490570838e+01
2.062316704820414515e+01
-1.883211700654297260e+01
-2.160754059117368087e+01
2.125590419576639789e+01
1.659595670941989454e+01
-1.914872976121473869e+01
-8.118824159716069300e-01
-1.637939957789836498e+01
-1.991367796888140518e+01
1.194911900768091151e+01
-1.388234126280054959e+01
1.942489743095342902e+01
9.647298109228035656e+00
2.908355688795442262e+00
-6.675105095482374296e+00
-1.082918600519338703e+01
3.248668383510078250e+00
-2.573346217219966192e+01
1.161304423945296094e+01
-3.073870043330097701e+01
-1.049941696670419056e+01
-7.909264980615692053e+00
7.741348891439403523e-02
2.580842947584069513e+00
-3.767240373005849818e+01
1.042671218559579671e+01
-4.378893538538195962e+00
8.638344104034699100e+00
-6.301325699441759021e+00
8.152211902399180588e+00
-9.895504586983573603e+00
7.545885110214131331e+00
1.161048177762114797e+01
1.133595136995118402e+01
-6.893023009500630849e+00
-2.070645662786741070e+01
9.456939061997807983e+00
8.076673299311204701e+00
-1.536763022022673297e+01
8.723452898144007150e+00
1.660073106827637091e+01
5.045563532375444638e+00
2.094845143731314963e+01
1.416780096830334479e+01
-1.458196176812427503e+01
-4.406706700046258973e+00
1.032771777822287795e+00
3.640103285146252254e+00
2.594589668729409482e+01
-8.799773149126506766e+00
8.020936967266550255e+00
-8.582518857859529504e+00
7.948350575414406816e-01
2.209777372569408094e+00
-9.350003823154930060e+00
2.637466574056609048e+01
1.861118497994777599e+01
-2.046217016519023346e+01
5.612138153898572845e+00
2.059710017091510537e+01
1.128239810863790282e+01
4.108843272063023022e-01
4.566305081416705214e+00
-2.127409836464392612e+01
6.285445866375463098e+00
6.480165709705593358e+00
4.459215255493398189e+01
1.251052808433727748e+01
6.110718434662389953e+00
2.300500337601794598e+01
-2.685433402613375975e+01
1.215881350034497821e+01
7.386492924217915590e-01
2.124043360739046093e+00
-7.032324670264780586e+00
1.478889470972435660e+01
-7.410802224684873707e+00
-1.371853506323265925e+01
2.723425403681437373e+00
-2.269445718298508297e+01
8.018070641450233182e+00
3.692731461627065670e+00
1.441743099511888992e+01
-2.295664971030242185e+01
1.520201803936089746e+01
-2.129297619699535105e+01
1.238446016484737200e+01
-2.411881758883376303e-01
-3.025949819976577082e+00
3.616131665917339255e-01
6.752144983506811471e+00
6.898489377866590111e+00
5.967277766959384167e+00
1.224674732358406359e+01
1.268415530856321816e+01
-3.020752289140296476e+00
-5.076900527982938449e+00
-4.235791100589957381e+01
-2.070825633070032978e+01
-9.557656561969761100e+00
7.594119005586978943e+00
-1.629334630444604670e+01
-3.581057954665385523e+01
-3.537135280869791565e+00
-5.409817214428742638e+00
7.193312140727485815e-01
-1.607327081034507188e+01
3.212275153445012243e+00
-5.978385606942634212e+00
-6.211915744077113999e+00
1.245592611435613861e+01
1.193410252226932089e+00
-4.869696005688689766e+00
6.536229790021448771e+00
-3.792451358520589899e+00
-2.139747374279025727e-01
1.721167468141523926e+01
1.092637493965835027e+01
1.838175220634719054e+01
-2.549924792049034750e+01
-1.931673208537586817e+01
-2.268565996255613371e+01
6.073486391851134591e+00
-1.297068807179024930e+01
1.495564704473326856e+01
2.717024887819674461e+01
1.149796225999780219e+01
-1.635657926348130342e+00
-1.214755758470768043e+01
1.487680472191884995e+01
-4.356603131246544081e+00
2.583943750889227076e+01
3.282387997753416187e+01
-1.579317886991321629e+01
-1.980737617485247526e+01
-2.321699369357484777e+00
-1.435131956472637249e+00
1.040782395589672760e+01
-7.191386135316800932e+00
-2.714058900555930798e+00
1.965832311764700302e+00
2.348248999175060803e+01
1.336764229153885708e+01
2.483060552254640285e+01
-3.952475986031535271e+00
-3.646708037910498135e+00
2.173454034588824513e+01
-1.728311316701226730e+01
1.002370686199301275e+01
1.680148216619443913e+00
2.571157472631282914e+01
2.455906530584381287e+01
-1.239119476866120007e+00
1.545133173077444866e+01
-5.463337288843454154e+00
2.839239762648829313e+01
-2.022199110431463254e+01
1.225673311083476102e+00
-1.354971008392911536e+01
-1.562537524579759740e+01
1.911226061148982636e+00
1.060246539874884775e+01
-1.631155989789456484e+01
-2.115730704395006612e+01
-1.632733474997366585e+01
-4.635865386577560088e+00
1.678989895866823900e+01
6.021443220492088244e+00
1.871268900541413771e+01
-7.280308774267705729e+00
4.117218716225429453e+00
-3.614322138877940205e+01
9.860613939837765685e+00
-1.014432519898600837e+01
-1.374993258626507853e+01
-6.280204447678888080e+00
5.781686089846868271e+00
-3.812833187668572599e+00
9.766482882924069742e+00
-9.708968494041428698e+00
1.750133256048810537e+01
2.593039076473048432e+00
-2.376816816343504613e+01
2.519534206968015866e+01
-1.238183690562068051e+01
-2.839348574236050737e+01
2.769373802698888198e+01
