4.384150434870480062e+00
-1.110946495237379761e+00
-4.010782210712745766e+00
3.739133881594340014e+00
-1.905377902990998074e+00
3.017458450308220019e+00
1.043332980296819912e+01
5.896736956001547902e+00
-5.105947074070191327e+00
8.171802553989948592e+00
-2.139245269376181469e+01
-5.389412517401283687e+00
3.602589880586344329e+00
-1.843263400902741100e+00
-3.051396491727533244e-01
1.141083071913409874e+01
6.121714090307932565e-01
-1.562496124178233536e+01
7.881959332226534443e+00
-5.646162613501798155e+00
1.048842778420172017e+01
-8.322283999474036076e-01
2.408739688831383674e+00
8.322852424470282173e+00
-1.111291348459448081e+01
-6.283102879738810209e+00
-8.708787184927922809e+00
-1.729360940427203275e+01
-1.394392695771374235e+01
-6.175883921615917593e+00
8.111112992723509052e+00
-1.937211491482159764e-01
-2.006222816608612902e+00
-2.967218799121306372e+00
-1.409335914112600108e+01
-2.179999239772783537e-01
2.939393353236467554e+00
4.059032416686495282e+00
-4.676053427209551749e+00
2.206628232458581529e+00
1.652742924063867469e-01
-4.185160548461633212e+00
-5.126328235269906664e+00
9.208975113714254590e+00
-1.592779680375154072e+01
1.336955851551340668e+00
1.258485995500440602e+01
-6.286417301226098431e+00
5.936684301561487409e+00
-4.459870721285447814e+00
1.399624985595390214e+01
3.598277869544388885e+00
-1.118171753379250610e+01
5.411152701153598699e+00
1.103322913349029299e+01
-7.325710371921414499e-01
-1.172335434882716676e+01
-6.714228727972296973e+00
1.796185432204725485e+00
-9.044912938710941930e+00
-3.705709808670973882e+00
-7.881091487066535173e+00
-8.202013304805769067e+00
7.782265743802984304e+00
1.487663352001751704e+01
-3.933281278700421435e+00
6.131802752066351836e+00
2.713842432469066424e+00
-3.906312923635532286e+00
-7.037669274708879819e+00
-4.606406616468023074e+00
-8.379978063549781808e+00
1.523819472105576267e+01
-8.055433445515438606e-01
1.292046285628645652e+00
8.713851114355385619e+00
-9.436416806159758863e+00
1.347952797049958029e+01
-1.244448159796935549e+01
-3.772912134015657504e+00
1.492827084933195181e+01
-6.387685984190346389e+00
-7.157210090951512171e+00
6.873203828709592678e+00
-1.093153896752277987e+01
2.891423989677733619e+00
-7.579716727410194643e+00
1.471639219892543160e+01
-1.848338897421377247e+00
-6.075004581392533964e+00
-1.224627681346775354e+00
-5.050654406303859645e+00
-6.134376681659579056e+00
3.098483663704201252e+00
5.170699433632115039e+00
1.433252510301045923e+01
3.970035825226165382e+00
5.244420915884158596e+00
2.195127378955441522e+00
4.167218719531362581e+00
3.391543689878189771e-01
6.912326406810159085e+00
2.624161119896491812e+00
-1.050176206986962057e+01
-4.462894470007176650e+00
-7.400693187449848942e+00
4.755881418364856117e+00
-9.842331704312631047e+00
-2.300358497117254597e+00
-2.184390327434834411e+00
2.498380728084584224e+00
-1.086724384738273486e+01
-3.761913879429958030e+00
7.063046706623934412e+00
1.050068612535392187e+00
9.674240628839636535e-01
-1.409203582326945359e+01
-2.233006409660424740e+00
-8.942012264795958787e-01
4.999576398334430571e+00
1.322721310995160993e+00
6.206998522397180196e+00
-8.170847927515863418e+00
-8.341182161175529686e+00
2.108087453603319616e+00
-4.978597479137907733e+00
-1.747488092170095086e+01
6.916569172921503750e+00
4.867273769399170114e+00
5.357562209029173239e+00
4.061748189550451471e+00
-5.308810918569696113e+00
-1.971835558300879532e+00
-3.764280362768508859e+00
-1.253833097637354932e+01
1.983265809529505574e+01
2.608315612085163160e+00
2.195068952246859606e+00
1.304841157720083089e+01
5.312414604593319822e+00
-5.353307680004949276e+00
1.465177307645680571e+01
-1.222949587205189381e+01
-9.871535391145480176e+00
-5.982825551778510942e+00
-6.445426098291886063e+00
1.634614747856572015e+00
-1.533481651382045108e+01
7.095630076839168687e+00
9.738937586186686701e+00
-1.375653440607675115e+01
1.027038523858865071e+00
-8.855024501088362143e+00
1.103088312196461551e+01
5.930883368740244244e+00
1.508517219645690588e+01
5.563946184452576160e-01
-4.854377224423953585e+00
7.246793367921570805e+00
-8.057074738041560380e+00
7.642509187036751195e-01
-5.551510025911720270e+00
5.129742242179682776e+00
5.615676953891659551e+00
-1.709244391608452984e+00
1.963502548204793197e+00
8.479328310006154723e+00
-2.698528240367355391e+00
-1.000979679028284863e+01
8.592057744171411215e+00
-7.022736501124864361e+00
5.338139988532837776e+00
2.172359644260880351e+00
4.484268881009483287e+00
-1.792127330710476363e+00
1.265823936272576766e+01
-1.527763405581453293e+00
-1.052051389850696950e+01
-3.177128901765123192e+00
5.367378144248363014e+00
3.547250124053406839e-02
-8.503235965223723269e+00
-6.468580574452482690e-01
-4.174579825440541292e+00
-4.097933164399002237e+00
1.119825568430639351e-01
-5.110592700956455126e+00
1.008232259765646077e+01
-3.005457481789484575e+00
1.284806591841066492e+00
8.519280593336349128e+00
-4.221115071823009934e+00
-1.589796494928010784e-01
8.191057525673519635e+00
-4.022995273774151670e+00
-8.229186388552908182e-01
3.857158111065256190e+00
6.082148161615603676e+00
-6.909242288532437826e+00
-1.299646026723115000e+01
-9.098401420258995786e-01
-2.214199349972175934e+00
-7.280330427064548360e+00
1.156117389578508714e+01
2.048221914704955537e+01
1.573408092396836366e+01
-5.441851678211057752e+00
-1.466373355805793466e+01
-9.349479114986705142e+00
-5.154031813658689565e+00
-1.378842274308057281e+00
-1.972446195557208526e+01
6.273236061793409091e-01
-2.867911488444926604e+00
-7.656601318950639889e-01
1.245631905353884461e+00
-1.836605919129464803e+00
4.026779389751046767e-01
9.725196768043874229e+00
-3.182262701039412001e+00
5.063323264855522865e+00
-3.438218986160904933e+00
1.373289105426704282e+01
-1.241357626156625393e+01
-1.890573146150789796e+01
-2.500859730062403585e+00
4.589011904754880966e+00
1.143075085729489082e+01
-1.483993521304424856e+00
7.135832681944131117e+00
1.404997346779247458e+01
6.248532112623047752e+00
-7.827317184253632654e+00
1.090006145226321888e+00
-7.762472795247449042e+00
1.140589821029486117e+01
4.876959397788423800e+00
-2.251062445012291491e+01
-1.196324345010491541e+01
-3.191831295717553640e+00
2.896945025540865526e+00
9.975108437061178890e+00
-3.520921542307546837e+00
1.031639511074912541e+01
-9.364561383554541596e-01
2.282827435027797502e+00
8.424360817919518851e+00
1.278164543512769669e+01
-1.060729013207792448e+01
-1.006485691361553592e+01
7.882152307996624252e+00
9.913850894699729466e-01
3.882067363418463923e+00
1.616172904418165501e+01
2.551448313667445511e+00
3.459928988097553670e+00
-1.106200071223123160e+01
7.523716882726969146e+00
-1.556805324443724814e+01
6.332352937706921203e+00
2.474292737315713975e+00
-7.476573778147900029e+00
1.048550235389437812e+00
-7.832806092202355686e+00
2.066178554931553180e+01
2.996067204594891287e+00
3.501734697521989403e+00
-6.034827636297538156e+00
6.096864607478204690e+00
-1.117010671717164172e+01
-7.890367049911392039e-01
5.787582973112866291e+00
-4.549293652490542961e+00
8.935400302108774673e-01
1.106611261929801415e+00
6.204353101648593105e-01
-9.321014817004899200e+00
3.738900637988711750e+00
-2.460129694140900991e+00
-6.036121179108969059e+00
-3.617145780129129129e+00
4.872445658197319673e+00
2.121486121368684058e-02
-4.068768872830326622e+00
-7.333027481405300918e+00
9.896472314699817474e+00
1.501881495316040116e+01
-6.125561009171113014e+00
1.905491706885791814e+01
-4.154263355475240616e+00
1.058318930901163313e+01
-6.142429919343602052e+00
-5.107425086544057358e+00
-2.944994797879807447e+00
-3.910102751414850086e+00
4.406205296357605938e+00
8.376578148775676524e+00
1.957607863945726834e+00
-1.120905908322572131e+01
-5.490281142941226378e+00
-1.654738740644907224e+01
3.229783564367962434e+00
-3.281400310393031372e+00
-1.718670292080806661e+01
-5.003539089987588007e+00
9.525213358600096214e+00
2.898195961234922624e+00
3.080097756397588871e+00
1.028794838689255364e+01
-3.238932475826364232e+00
2.757442706586812342e+00
1.050139106159899960e+01
5.152699277462103211e+00
1.517541186913369033e+00
9.752366909732707256e+00
7.915624797707765392e-02
-9.115464306592692412e-02
-1.515783106466616381e+01
5.926028289404614569e+00
-2.028027401489304538e+01
-9.117588203428018900e+00
1.631331124755138262e+01
1.549314765208727129e+00
3.337616236141228154e-01
1.384584486262672520e+01
6.864324210722941189e+00
-2.352676623512312659e+00
-6.281148190061457193e+00
1.278869188669710333e+01
-1.070436071121699051e+01
-1.876622454257438566e+00
1.105338581693825084e+01
-1.014885539381018909e+01
8.213658105860691450e+00
-2.096759139939842598e+01
3.560162237327205714e-01
-1.460734024255177488e+01
-1.969643553256879542e+01
-8.563228551769299202e+00
1.022659160508124998e+01
-2.923354881922331838e+00
-8.196040928883281396e+00
-1.223678251248160720e+01
-1.284778965877702994e+01
-1.807061640570475802e+01
-4.325963691059109273e+00
-6.681319049680043420e-01
-1.801147411567269874e+00
2.042425679254807669e+00
-7.519505494891317809e+00
-5.432793931674532395e+00
3.282536272109748410e+00
-1.029290145463569495e+01
5.140836741795168585e+00
-1.231829188580376133e+01
7.537502474993167390e-01
-1.078442433899417985e+01
9.172630090234106248e+00
7.847277179891010590e+00
-6.849805028887080205e+00
-7.436802482543757087e+00
-1.005006889305355422e+01
-5.064199570729845945e+00
3.292901207329200108e+00
-7.265216072654214763e+00
1.781201349643789067e+00
-1.038796280346131029e+00
-4.011839102594032980e+00
-4.139411313801991454e+00
8.943725102433722540e+00
-2.331838077612415017e+00
-7.837680668153733876e+00
7.016344422433522077e+00
-5.271096976761550756e+00
3.534988795375568760e+00
-1.075952975910682774e+01
4.858098483511246179e+00
-1.562093896188752673e+01
-1.556157528852276073e+01
-6.879405267856928852e+00
-1.206024464866388612e+01
2.991439556920545861e+00
-4.460044762789731720e+00
1.662660535977109078e+01
-1.049476093686921452e+01
5.232249905154995773e+00
3.894774631136369347e+00
4.694318043932045548e+00
3.645540417533473132e+00
-6.831181949161321043e+00
7.413449646905999835e+00
-4.243838057178242806e+00
-6.828442759223157799e-01
1.129276502972392349e+00
4.790558147077981666e+00
8.153594331913950555e+00
-5.240059147531797024e+00
7.184161450394038084e+00
-1.146188602223005670e+00
-5.775797006124040678e+00
7.704965352956177904e-01
-5.185979591385118326e+00
-1.193359775444162052e+00
-1.042093878378395289e+00
6.827958703513621330e+00
9.529121766529641491e+00
1.328329390015298550e+01
-4.673321210380282587e+00
-3.088619012952548148e-02
2.269877841770876703e+00
3.103538883322855657e+00
-3.396991406239871392e+00
-9.133462251694636436e+00
-4.267738306826804440e+00
2.347182711144376377e+00
4.646205290288973444e+00
1.366190136546682155e+01
1.275086359285949322e-01
-2.047845211062663040e+00
-3.304010529440228883e-01
-8.564195125882463344e+00
8.414100455921745825e-01
-1.506235339769506298e+00
3.988431321557581288e+00
-1.865054637492489897e+00
6.936250615509296225e+00
1.484888951616987818e+01
-5.554537435637619147e+00
-1.642593946517314762e+01
-5.594394292049000406e+00
1.158819795176009443e-01
-8.484043652322890594e+00
4.637339802144453849e+00
-6.195783585433279228e+00
2.327804296086446900e+00
-5.981253921939357454e+00
-1.692477103880134592e+01
-2.990351520091622639e+00
-7.297830036878288906e-01
-1.156941541610425084e+01
-2.219435366492464645e+00
5.321648897718648463e+00
-1.143086580499538130e+01
3.723260390594487212e+00
-9.596571854003249413e+00
-6.295199755405350928e+00
1.460394790047792846e+01
3.676630941955185694e+00
8.482904233764982038e+00
2.972696748805240041e+00
1.542523232950280665e+01
-8.376335120351530605e+00
1.624534369427038172e+01
-8.143630415286731150e+00
3.818966920557745226e+00
6.699429922776075408e+00
1.098663165527798691e-01
7.963194914140499847e+00
-1.580577832094947510e+01
4.387322537891233054e+00
3.578677157394121178e+00
1.382457640052535375e+01
-1.488136756757613099e+01
2.039589199231087946e+00
-4.708500642060116981e+00
-5.999202595043864328e-01
3.244354807341187641e+00
1.761957676504681558e+01
-5.876731388555695546e+00
3.437632972103113360e+00
-2.354810961467225017e+00
-8.824109149726787393e+00
-3.259286987526532897e+00
9.747702720104075569e-01
1.077351212440914807e+00
1.578832341651435156e+00
-2.473019350762807989e+00
1.131649633073135419e+01
7.701402314218677603e+00
3.765746453562127005e+00
-9.794140554920886643e+00
-1.383056234700932485e+01
-1.376023388835293026e+01
2.570330230240768010e+00
-8.145354067146893584e+00
-8.979942267332290395e-01
3.275487127283021938e+00
-5.024167947046529470e+00
4.024763051375735756e+00
1.140607840232951276e+01
1.913062617715948122e+01
6.503634956251752364e+00
-2.549092843455222912e-01
6.394348192531455588e+00
8.794224650835793966e+00
2.703456564193420508e+00
-6.400464553736869178e+00
1.294653742786187678e+01
-6.337486118848977057e+00
-4.530386974555611346e+00
1.185194527672252285e+01
-8.725527991867952693e+00
-3.137864482306917946e+00
-1.558473068044746412e+01
3.688163091116889447e+00
3.079860542711994942e+00
5.877480101485176078e+00
1.655049798268703398e+01
3.855728944969334382e+00
-3.698150653849558545e+00
-9.796579312843055831e+00
-8.909348156311958089e-01
4.463932822553115187e+00
6.262718596447720110e+00
-6.538624502964768048e+00
-4.377891304519863525e+00
1.857092556775308623e+01
-2.526152295151058436e+00
-6.635451051385563126e+00
-4.227639046015767121e+00
7.422525171895710816e-01
1.412709839736259632e+01
-3.428238337306321437e+00
-2.779965153922954180e+00
6.950138488758806687e+00
1.597903504795413987e+00
-2.400110653261017246e-01
5.570924440628874486e+00
-2.724252449432581713e+00
1.669641846562639254e+00
-4.041914973427918945e+00
1.846774438319737310e+00
7.123958442697830407e+00
-7.381030819625966188e+00
-4.740490575549290320e+00
1.080291373064556204e+01
4.197283260794610449e+00
1.367854556713363312e+00
2.364599718659610161e+00
-3.946810134002764481e-01
1.412673064929196620e+01
-3.814909123003169977e+00
3.172339275216442100e+00
4.710489581718241503e+00
3.817131935280202892e+00
1.878965244312260863e+00
-7.400328506810754936e-01
8.279006774834588356e+00
2.517498114951178395e-02
3.523516031247106994e+00
8.090294420647664575e-01
-1.247811787032153319e+01
-1.950680983602563145e+01
-2.542923392435954000e+00
-5.243641623331483537e+00
2.275838240461772521e+00
1.438726743517428197e+01
2.938033977698903065e+00
7.883872051182239105e+00
-8.713116729805543414e+00
-1.149582513530575945e+01
1.583575760033558044e+00
-2.728398782819299839e+01
-1.189887815164927254e+01
6.466758742263609250e+00
-7.037191269954705675e+00
-4.157622436142327516e-02
1.098047364393761249e+01
-8.899513912919628789e-01
8.130986139497830223e+00
-7.397244944874791228e-01
1.731753441245241332e+00
1.364138892791117996e+01
-6.246760884076067555e+00
1.940880208243041416e+00
7.764193233609431921e+00
9.646197467106548018e+00
-2.120882481082988136e+01
1.353986580718947508e+01
2.162134893514104927e+00
5.380396969894653658e+00
4.926928242876610353e-01
7.188924717979484846e+00
2.879446675396488242e+00
5.555351342403437975e+00
-4.942972709095981187e+00
-5.961107041144104279e+00
-8.600358400480120347e-01
-7.404526522950076739e-01
3.381645766691817379e+00
2.066737118971878395e+00
5.424291869469450411e+00
3.844548198445599585e+00
-4.792259531400891781e+00
-1.070251445744065499e+00
6.349440996389613900e+00
-8.342637437154746038e+00
8.863879426031864739e+00
-4.659555898358482828e+00
-3.671448942319285869e-03
3.823058570553309998e+00
8.940095399852170388e+00
1.510120189078176800e+01
-5.200345734978002454e+00
1.621619318329500103e+01
-1.156226038345112700e-01
8.192948272346971095e+00
1.946228187979980762e+00
2.532434417056107723e+00
-3.413697667348730924e+00
-6.743809920364611799e-01
-1.051350341121928489e+00
2.648784100935197117e+01
2.646701550796832336e+00
1.090487811666175055e+01
1.705559605776972187e+00
-1.369793809105734894e+00
6.437594638797393465e+00
-3.997954339460008111e+00
-3.208516663132794378e+00
-4.207340948309427731e+00
7.461755703294636000e+00
-5.110682161847869054e+00
6.688043563827575255e+00
-7.189291565217126312e+00
-1.279334367432493735e+01
-1.368095599682189079e+00
3.313602848806159074e+00
4.535398707784103145e+00
-9.538074993207080965e+00
1.092710968268964322e+01
1.674275056497866032e+01
6.516120470892713401e-01
-1.757744313883643628e+01
4.814927046882072403e+00
7.117633238144621899e+00
-4.134302798150950586e+00
-7.095160804337711902e+00
-5.062819854725656432e-01
-3.910571213600747331e+00
5.848119045180774300e+00
-7.247639676791002294e+00
2.564362999409827371e+00
2.652171806604867843e+00
5.527813203066796355e+00
-2.719575045718273465e+00
1.053153189868724304e+01
-1.819482649425073717e+01
2.931748829829170511e-01
-2.489667430503299972e+00
-3.132109506422401157e+00
-9.154002680193930042e-01
7.883540016853189947e+00
-1.398165387772615986e+01
-1.100943482244516680e+01
1.425230318839570032e+01
1.442106858896106680e-01
-1.449866139767651774e+00
-1.841965442358428628e+00
1.464969903412821850e+01
1.303738283790579899e+01
1.951417048062036086e+00
2.663357063001685621e+00
2.903625551735166788e+00
-2.015506508205926472e-01
-1.779761869001335128e+01
-1.520629417972934228e+01
9.088346899030472770e+00
6.432899372138729532e+00
-3.969177131736155051e+00
2.227452499206610259e+00
1.124051206993187968e+01
9.196632271261076852e+00
7.020813041850603398e+00
8.787236970072395792e+00
1.361836176750006722e+01
7.688676269723116796e+00
8.138105332253115165e+00
2.461552328449352789e+00
-1.162323254760444158e+01
1.162930337083471599e+01
2.203109171486973938e+00
4.641492392318242288e+00
4.893153658373865511e+00
-4.043598475817633542e+00
-2.112642483630438606e-01
5.180522338681811334e+00
-5.602079143699608466e+00
1.068629533942695886e+01
2.024780147361104898e+00
-5.222736291903663286e+00
9.127082127270565337e+00
3.601161748800169260e+00
-1.959733522874375522e+00
-1.511001565702244775e+01
-9.393495510329655573e+00
-1.259661051076330640e+00
-9.053403852344870106e-01
2.673233134340156969e+00
1.777268115430331363e+00
-6.193711985704601908e+00
-1.425962541190437527e+01
-2.233197199726072668e+01
1.244779704838303758e+01
-2.862636209904590778e+00
7.763272932950516569e+00
1.658094341167317154e+01
-1.106332858175295186e+01
5.201453653342984484e-01
-3.981198677512789441e+00
-2.893196878414897366e+00
-5.936577082897520619e+00
-3.440444544144180661e+00
-1.247091265047890474e+00
-1.419394223803640998e+01
7.867742440326819242e+00
-8.175199821862053629e-01
3.889345638381180414e+00
-5.268396360596748984e+00
-2.250470091590250910e+00
-1.800391069478220585e+00
-1.113952604291241322e+01
4.279542647269302336e+00
-8.851897540921450869e+00
-4.632725309623721976e+00
2.741682635216844410e+00
7.912703645766177907e+00
7.912381266842388072e+00
5.870032679040149581e+00
-7.263424818174678776e+00
-8.132576279229613903e+00
1.039363340483733023e+00
2.778006208416984535e+00
2.681207476297049030e+00
4.875607882287588346e+00
1.195710311177044183e+01
-2.401052736210993022e+00
-6.637488365091278375e+00
1.109804652979864192e+00
-8.329688317509555961e-01
1.193204513581065562e+01
-1.625649069982037531e+01
-7.216837017530840725e+00
2.131226361043294659e+00
1.108431857634995410e+00
7.465158902395104157e+00
4.813290412129914486e+00
-4.032249108568369600e+00
1.361246578143177821e+01
-3.369887283873595152e+00
3.674954919328262903e+00
-5.895099110706540024e+00
2.517073428923626288e+00
-1.169676736486255209e+01
1.056316723810485314e+01
4.202420489674590698e+00
-7.800829444577792593e+00
7.645670380997114712e+00
7.208940003048271983e+00
4.110626516012977905e-01
-4.678412491792607875e-01
-1.406730236315592997e+01
-3.908290086162711230e+00
1.215253094505243325e+01
3.188596572769140547e+00
2.552156397973132762e+00
-3.581646025196491556e-01
1.818332197945530382e+01
-1.073600232462603188e+01
-6.108389217744490729e+00
4.654037927861645940e+00
1.921919649356356175e+01
-7.542210472744979022e+00
1.312628979901820647e-01
8.822698057232749136e+00
-3.128691743316927898e+00
5.631515844760413003e+00
-2.000071723100226961e+00
5.354889589305440012e+00
3.512863667162211545e+00
7.777140148883756154e+00
5.884403839986020124e+00
5.928430277662435799e+00
-1.823514462996496666e-01
-3.599930830994260589e+00
-2.450567564747719196e+00
-1.363534015805769051e-01
4.038479881192158061e+00
-1.674500212202670468e+01
-5.779684552742996750e+00
-8.245262860432685414e+00
1.596799433052630413e+01
2.809941823096113289e+00
8.910583784310118105e+00
-8.132991016068409351e+00
-1.194112557590695012e+01
1.061245123820840774e+01
4.284820915531975416e+00
1.913451369401655811e+01
-1.537802023451375066e-01
-3.490636232021644414e+00
-7.353913008379008964e+00
-6.067610116947818710e+00
5.447088055155345110e+00
3.084614276547304801e+00
-5.034703950398931038e-01
5.981960284628076163e-01
1.034504257914344194e+01
-8.243993412006243915e+00
5.613052656533565332e-02
-8.851351557211135201e+00
-3.451680376403277073e+00
1.140450060183792047e+01
-7.411666107935750425e+00
8.814231832998070004e+00
-5.418379536711532829e+00
-5.688579838939061162e+00
3.798565750266337915e+00
4.066950921348971848e-01
1.026312714703080609e+00
-3.219882258669345632e+00
-1.026513514138014216e+01
-7.949996923248533243e+00
8.266286480146368021e+00
-4.082935264125651109e+00
9.602325232057461690e+00
-1.163815651870607049e+01
-4.124761974944020082e+00
7.339905242333613078e-01
1.265674484529852872e+00
-2.051861375933547560e+00
1.270785845365382527e-01
-5.020691550435753214e+00
5.644415083398392596e+00
-8.062692943006824819e+00
3.030287608465703109e+00
5.434643240937774955e+00
-6.682970037731254642e+00
-3.882647566403145234e+00
3.366579769553337709e+00
-7.232784062697336758e+00
7.972196508439123086e+00
-3.104844332298783538e+00
-3.967586233390029360e+00
4.974695695662205708e+00
-4.332164052846803948e+00
5.976902226784079453e+00
-3.390517890115998245e+00
-7.559733334238252667e+00
8.089461560534193296e+00
1.368191917132407021e+01
6.151703808904846582e+00
1.014984878859946926e+00
6.316338534537313976e+00
-4.699243187322582060e-01
-1.212905834305808145e-01
6.727747569984523501e+00
-8.312431414235152971e+00
1.289364087678604243e+01
-6.178570758673658680e+00
-5.541459894078553994e+00
7.890665798028095423e+00
2.155226125436307871e+00
-6.219888882017158060e+00
-1.228048730946437317e+01
-3.282122901861264097e+00
4.506760197888620922e+00
1.138787675248442488e+00
-1.255045922294024940e+01
-2.716738119566552090e+00
-5.132957051303502993e+00
-1.955995949852164406e+00
-9.337104912965040526e+00
-2.072546664704707498e-01
-6.125354122904651533e-01
-9.595802134342664047e+00
6.931183655588490033e+00
-5.749143935827989438e-01
-1.922759779638351096e+00
1.137072173381786655e+01
-2.538056409325037066e+00
-5.188034675187839229e-01
3.381294547579468679e-01
9.802571006659671626e-01
7.270717545483402766e+00
-7.648094570047669016e+00
4.698420600748010045e+00
3.285542654810851726e+00
-7.699579746492737797e+00
4.295581339640201612e+00
1.775902109011023189e+00
4.142646955532926611e+00
-1.237824159619621867e+01
1.002002507934646758e+01
1.489737434266359628e+00
-1.553652509254533065e+01
3.318260002096947048e+00
2.920720209611121998e+00
4.632497754480053409e+00
7.092288223964508198e+00
1.741380661487026771e+01
3.653498682028781808e+00
5.384560771347401520e+00
1.988588861456569035e+01
7.856018310572719265e+00
5.489570744944411551e+00
7.290755702478889155e+00
-2.061524382573216485e+01
-1.329892303356200500e+01
-1.497124031862919047e+01
4.262156712507743528e+00
-1.239767163073870027e+00
8.012286935479103533e+00
-1.457354871439718558e+01
6.435124846634729501e+00
8.453559108604734362e+00
1.100570492207370243e+01
1.086476672010371658e+01
-2.241879308893877720e+01
8.539758173624509396e+00
1.486062543810826808e+00
1.876821855022784646e+00
-7.200239550834847790e+00
-7.771251267856476908e+00
4.735039557573898494e-01
1.656520680738661877e+00
-2.125364501992144106e+00
1.074879625948267936e+01
4.823193808984500563e+00
-4.000799743418155252e+00
5.942355628004932555e+00
8.644298656058410302e+00
-1.882056427986510982e+01
7.403809378928975171e+00
-1.261585490614631588e+01
-8.444146269688273421e+00
1.294795597391769171e+01
7.493942984970800580e+00
9.356662085579904087e+00
-1.618732844247603220e+00
-2.220436668316074602e+01
5.333429886622611527e+00
1.116010909895591929e+01
-1.316316564122868016e+01
-3.987747034241717170e+00
-9.468636516034262485e+00
5.153717845660839458e+00
3.224484576672505542e-01
4.732648951295494455e-01
-3.022336304617981195e+00
5.298565591612243608e+00
-1.905981009907755208e+01
-4.389606375822943996e+00
-5.626457542592700811e+00
9.238171974311485402e-01
-1.526957639958117774e+01
-1.451796161715811273e+01
-2.730753062020998101e+00
4.906263561949552598e-01
1.753779159713763525e+00
-5.353306980643921520e+00
1.432363444576409428e+01
1.689659703317605377e+01
1.675233500451854818e+00
3.781688299061937375e+00
4.449444666090002776e-01
8.064094250313813106e+00
-7.922296000830673535e+00
-2.122551271897097802e+00
-3.023982277010544562e-01
-6.057411489647178904e+00
-9.845483604094381391e+00
9.818172679657308777e+00
-4.037303368348374444e-01
1.211676667642103133e+01
9.659178927284953531e+00
1.033229530758597114e+01
8.284637438651329955e-01
1.886225210354666970e+01
3.962061352101164058e+00
-4.571402110606396008e+00
1.141400112014323298e+01
7.444523725473600528e+00
-3.054372294886280037e-01
1.288154351084750715e+01
1.642270974554086749e+01
-1.561658996931373977e+01
-2.099478874006448503e+00
5.891733845805668501e+00
1.571359080094435035e+00
-7.638848118569615764e+00
-3.941510745926282144e+00
-1.002343860758923277e+01
9.242490089691358435e+00
7.387291687359643255e+00
-3.510947740315713883e+00
6.850184461603493702e+00
8.532359867983529966e+00
-1.007508137420271588e+01
-5.555633512985301614e+00
-1.051217948638094946e+01
