-4.672870105007770114e+00
-4.625039792535536876e+00
-1.917865384071755885e+00
-3.759130074494822504e-01
-5.232979625026566772e+00
-2.669549878970749468e+00
-6.713530242317154340e+00
-1.684010608280261323e+01
-7.415091044683213894e+00
-8.508125597057546230e+00
1.856314236042436505e+00
-3.199203239894705231e+00
-9.889261676173452642e+00
-5.610504011088124798e+00
6.248860994313798045e+00
-2.366282841641093038e-01
-4.912641357517651741e+00
8.772877691144197243e+00
8.766674297355894652e+00
-1.077827530970436776e+01
-1.609138460455950792e+01
-3.962102454493774850e+00
6.587411177846370869e+00
-6.446464911386247387e-02
-6.059143062723948425e-01
-1.287888501159602406e+01
-8.142234281615628788e+00
-1.574263842952223991e+00
1.281026563384917516e+01
1.785001132432101656e+01
9.158834851791257670e-01
1.484416142440429276e+01
6.906590780566647103e-01
5.451401508808261909e+00
2.517106506290703649e+00
-2.997570236998585269e+00
8.012486146250193286e+00
-6.108579142025143405e+00
-7.045521906335938667e+00
1.378709039996295793e+00
2.159191451035053078e+01
-3.145796003990693368e+00
1.485515501610120914e+00
7.725231005838112175e+00
-3.612470138609617631e+00
1.474249007006610590e+01
-2.340470107592551585e+00
3.592396204589194952e-01
-6.939357196369801528e+00
1.101998393165337475e+01
5.184766072968744588e+00
6.815386864290053026e+00
2.318607306141755586e+00
-2.108082140316609010e+00
1.107958708867615982e+01
-9.151355651653831913e+00
1.943038107871211295e+01
-1.482311165302733436e+00
-1.138498560034034268e+00
3.878752540116765068e+00
5.586397228697633999e+00
-8.814220356133715129e+00
-5.776086701540463331e+00
1.098736734244492474e+01
1.359057896173976765e+01
1.065550306136012360e+01
8.190333579925972884e+00
-9.365665067815130973e-01
-5.620908763760658289e+00
-5.832208036997618805e+00
-5.862483352519386459e-01
3.788135086826175169e+00
-5.746547878852860336e+00
-1.255573926110180949e+01
-1.382350426760842410e+01
1.290359673900390547e+01
-1.213054214668051323e+01
1.554401857669791998e+00
-4.021392674959257008e+00
4.467776175291948704e+00
3.006645094755906467e+00
-8.609798760050239252e+00
-1.091220947489933657e+01
-1.643169796298130336e+01
-1.048281600356498089e+00
2.766663541920527880e+00
-1.141635310614137033e+01
-4.926098881620066372e+00
-1.153574861719434175e+01
-2.332140495604382302e+00
-9.011056475267832155e+00
-5.055291492835388922e+00
1.727713210939225164e+01
-8.903445981573705481e+00
-5.543686583594194417e+00
-5.291319158558502878e+00
-6.958210345132124885e+00
7.996816217845736929e+00
1.192931934402294480e+01
-8.527932070941776743e+00
-1.306964175763578595e+01
-7.466534221058486409e+00
-7.072491720836361351e-01
1.261934159355782015e+01
-9.579568974609463439e+00
6.042733614682656018e+00
2.482550068031957213e+00
-8.308969637836517208e+00
1.295462497172039740e+01
-9.069229700720928378e+00
2.913371778764277664e-01
-4.903720713832439237e+00
5.703961751735397989e+00
1.210754112152788764e+01
1.167995827153517219e+01
-3.589377510529936810e+00
6.594488846004646909e+00
-1.129634732125596486e+01
-6.711804361917872441e+00
6.586515985716897781e+00
1.196041325536463162e+01
9.996123747730623066e-02
-1.336975483087187477e+01
-1.271390019136953065e+01
8.907186577861029519e+00
-3.834799950676548441e+00
-1.055216667032214772e+01
1.182492668136222669e+01
-1.401219968593334997e+01
2.932330736087605771e+01
1.411422507526251380e+01
1.125382658190718921e+00
1.839653800935854022e+01
2.072912874618177526e+01
-3.348570375932087839e-01
6.865349141261249066e+00
4.707839235678574319e+00
1.208470514779418181e+01
-2.183563884078959916e+01
-3.006075865103345901e-01
-3.374270065064651103e+00
-8.543421446421321619e+00
-5.580791843637642025e+00
3.376943565743509623e+00
-9.060581399998072882e+00
1.683529092369461111e+01
-6.369203137877687659e+00
9.031457659184140008e-01
-1.295539169896772158e+01
-6.587243535977302500e+00
-5.361406821867911177e+00
7.486417678849407231e+00
9.996133687062350504e+00
2.802396808333044387e+00
8.725120519633396299e+00
9.667184920859337893e+00
-9.892157167688234054e+00
-5.263434451664979363e+00
3.328599475428207555e+00
-7.731057405278458639e+00
-1.945232375638582534e+00
2.485329695262044059e+00
2.036009520876391310e+00
-8.939195976727868143e+00
-5.460762829558227782e-01
-3.690897212782540127e+00
-5.792011480513440169e+00
-3.772816710262023143e+00
5.559412913739740780e+00
1.864318693172401398e+00
-2.696858071104210097e+01
-1.168607228854198787e+01
3.263451999395760250e+00
1.561404772106816807e+01
1.107074839340926076e+01
8.045283258485962818e+00
1.972491344150639492e+01
-5.683785836867867758e+00
6.944705303665481999e+00
6.069705893023023435e+00
1.693997242827751037e+01
-9.370833656957206159e+00
-1.468783091289703302e+00
1.856871732221861038e+01
1.100797807893278968e+00
8.779558448249444425e+00
5.342928997561708471e+00
-1.454525784858162396e+01
-2.633454274043064647e+00
1.596271752881296280e+01
-5.491642910879432016e+00
-5.848537215251481403e-01
3.759591195636385219e+00
-5.073529551503156654e+00
7.857237021319991577e+00
-1.560414882321579100e+01
9.527933024779951410e+00
6.164672103353499466e+00
3.910828808598461492e+00
-1.832608133377563675e+01
-5.409109943103685758e+00
4.831897550384211648e+00
-4.714343452892444830e+00
-2.442965258011634688e+01
3.847772764645001953e+00
3.986228848232828970e+00
4.449498046103884441e+00
-1.106064641047716623e+00
9.157688855657744043e+00
1.007765252917454113e+01
-9.853471206388189074e+00
2.358407680617348401e+00
-4.718875831505063623e+00
7.917679390636369163e+00
7.924863437617887252e-01
1.156447760626772769e+01
-1.402039502761258216e+00
-9.177744856286992325e-01
1.959010197392686115e+00
-4.661292707724968842e+00
1.311912191083174406e+01
-3.561915148524966046e+00
-2.656543029638856623e+01
1.307933175625562150e+01
-1.172542610109809047e+01
2.134657935280582119e+00
2.183417079641460923e+00
-2.130744979355801316e+00
-7.988798053759535556e+00
-3.908089398239501300e+00
-4.596415768382948741e+00
5.517052319956913031e+00
-2.925616782095572965e+00
1.473564157482807779e+00
1.196621443837421772e+01
-1.375140095057410861e+01
1.810526347480745923e-01
-5.377123750501630051e-01
9.437926659921958006e+00
1.037603590150408372e+00
1.383450449371964019e+01
1.361118483108508492e+01
-1.253718480506373645e+01
-1.540397014709499146e+01
-6.551963774752764813e+00
-5.675573762062194660e+00
4.233588245580507947e-01
8.110214349200632000e+00
-8.601946343166440911e+00
-1.570790846544671382e+01
-1.144816460335315611e+01
8.918764246312967936e-01
-1.971759428400899594e+01
-2.028382749351524517e+00
-5.164558329738324183e+00
5.674364159381275918e+00
-1.500604325761519853e+01
-1.060220997154914180e+01
-7.208943766914208240e+00
3.137640957168874589e+00
1.311948262634072826e+01
-4.810226129730865274e+00
-1.504458353040613039e-01
7.849249141653598549e+00
1.619026679407895841e+01
9.060116848240365783e+00
1.478827013849886107e+01
-1.246871912319595044e+00
9.937701029646383688e+00
-1.053434328360598826e+01
1.009668500041242289e+01
-7.109148409814829428e+00
-3.307903514520299293e+00
-9.637639209280679964e+00
-1.187736516362448214e+01
-6.594244484443962051e+00
1.603206033028738275e+01
9.238384617618443428e+00
-5.194855730746080980e+00
9.388808271539193839e+00
-1.251554847862859088e+00
-2.607915750999507054e+01
1.361732226446882699e+01
-3.054189597419667557e+00
8.454423161709570422e+00
-9.417199971715756845e+00
1.755217393347194399e+00
1.966948010207856257e+01
1.101450728379947108e+01
-5.104623502199225893e-01
-3.424738685420899209e+00
1.306914418426945979e+01
4.870060068295207323e+00
2.824890842913687639e+00
-2.388141906103255607e+00
-1.231443369523342657e+00
-3.760933198315788761e+00
1.459632450081472932e+01
1.473513871368270278e+00
-2.978790578081607521e+00
8.344001645967157543e+00
4.102395414142729901e-01
-1.487093582311223017e+01
3.073941370174902765e+00
8.559247234736973908e+00
1.056248459022128294e+01
-3.995403553579619960e+00
1.738189286649169718e+00
1.381474964064883970e+01
-6.822074040391981065e+00
2.018802461131589610e+01
6.464890631989641534e+00
-2.577737525129384810e+00
-1.586865492843508996e+01
-3.202556777764592688e+00
7.392625609029368938e+00
-1.296936727660146893e+01
-1.687131615946175245e+01
3.597968969342304479e+00
4.400466506338879924e+00
-1.044010593445126212e+01
1.194526883546422891e+00
-1.070384061538771370e+01
-2.699362584402229981e+00
-8.099316786562368975e+00
2.879824250098570459e+00
-6.565934277910566053e+00
2.335009651681571707e+00
6.349017496932067850e+00
1.498494342772066501e-01
-6.464574959390655629e+00
-2.824139805974060558e+00
1.288857184446694726e+00
-3.702980289049353502e+00
-4.543036494562909589e+00
3.251964480079510889e+00
-5.136329513403656399e+00
1.992202100164676892e+01
-1.388089127955534607e+01
6.474639649444988265e+00
8.073397675867546752e+00
1.753143347615764824e+01
1.872418720268702330e+01
8.660722361110821055e+00
-7.453468812149771416e+00
3.484031960404029515e+00
3.419858260555845852e+00
9.215890191599877213e+00
1.078236923078364917e+01
-1.389356875634440236e+01
3.251953509339242099e-01
-1.217391117201468376e+01
-7.061552781685417557e+00
6.774455663611382406e+00
1.386436474112106509e+01
4.494975352350779829e+00
-1.283113066717936235e+01
-8.933990479876486646e+00
-2.270427635440334324e+00
-2.162597131380828586e+01
-1.262600456928024073e+01
-1.280504174467154144e+01
-6.883049911928256215e+00
1.827457670619520158e+01
9.252870668773825358e+00
-5.282765813402520161e-01
-1.814691074589442721e+01
3.232609683891838159e+01
-1.084832017123358749e+00
1.269894889969160978e+01
1.388782863005190649e+01
8.479686283610229358e-01
-7.500838646405300736e+00
1.089103423069720300e+01
2.444250948819851055e-01
5.602139517529583834e+00
-3.313475841736872318e-02
-3.606341650806634380e+00
-7.466265314057836111e-01
7.387973921409164646e+00
-6.220699249195372538e+00
-3.022545975604966628e+01
-1.630959705429444284e+01
-8.914692370352970130e+00
-8.692342630553159921e+00
-1.228395064097086653e+00
7.142516049447319437e-01
2.922321230713497808e+00
1.368981828951575253e+01
8.658356188902903483e+00
2.204431816005592903e+00
2.658322816000349587e+00
4.640398390311458954e+00
1.883251078954561453e-01
-1.709161597962819101e+01
-1.225795183156765233e+01
-5.949447405078059248e+00
1.662530709786121719e+01
2.623458282710869671e+00
-1.788443654892065249e+00
1.641067610263579368e+01
1.419085234169783938e+01
-7.534239528819493437e+00
8.804322321912257721e+00
-4.936429753037982593e+00
1.605705059262045253e+01
9.859680078689656568e+00
9.140483028853010339e+00
2.223327591763558786e+01
1.576597192895649258e+01
-1.362460622912329455e+01
-3.502705811533557423e+00
9.179596573942422566e+00
-4.109882639615756617e+00
2.180371376844436782e+01
-1.930349959812335925e+01
-1.049507742308395208e+01
5.769567336111599332e+00
-7.275142155202360961e+00
-1.418308294529243119e+00
1.903353956383924839e+01
-1.408915879244952984e+00
9.312064576750843869e+00
-4.199559171465423901e+00
-1.153370544071613324e+01
7.404936654177681987e+00
-1.047961531398711038e-01
1.029931744020914941e+01
-1.338827106132252887e+01
2.750063419911758622e+00
1.509030908816414573e+01
-6.775937131541108549e+00
4.588673740172275473e+00
8.883504009174039595e+00
1.015677832938837177e+01
7.009346118390533675e+00
-6.701314966590569355e+00
1.102962190344705817e+01
5.555959425255743156e+00
3.794856056920703491e+00
-1.644899185699195954e+01
-1.333558611152955642e+01
1.428643681009207000e+01
-1.617155320021590725e+01
1.179615776207009503e+01
2.964692046100061429e+00
-7.194126548750536365e+00
-1.026810830935527363e+01
-1.119739171967229474e+01
-3.868464206241014836e+00
4.922870739143430097e-01
-1.264640711609814971e+01
-3.121211954727857174e-01
-1.015845448934413575e+01
-8.794140743500364010e+00
-2.281064283101370993e+00
-1.559175001050080844e+01
5.782762978821418542e+00
-2.485185020794820954e+00
-6.008776627545961979e+00
-1.876115265509125152e+01
-1.261449185181024824e+01
-7.983375135542950751e+00
7.605718957683595072e+00
1.909212527261522041e+01
-6.998569510300421292e+00
2.426570234672288162e+00
1.493321010567126805e+01
-6.049224257956230311e+00
1.632629230591399860e+01
3.093952622539152486e+00
1.111451406890324911e+01
2.212693141967375432e+00
1.314116822958372133e+01
-2.678580447661301545e+00
4.655865057194766621e+00
-1.784649935342245541e+01
-1.495889694351747179e-02
-9.150221733869367213e+00
4.879988775377354315e+00
-7.199077822615461031e+00
2.235191361872798321e+00
3.166613839251912310e+00
-1.203575989732583373e+01
4.002756965267497691e+00
-1.414804950720053078e+01
-2.892088004629548958e+00
-9.117372739776696378e+00
-1.206702533297417368e+01
8.373831493737348808e+00
1.170877551664228378e+01
-7.820674577592223287e+00
3.834986749268439077e+00
-1.346631260975285072e+00
-1.447122710564218551e+01
4.225695031581832239e+00
-5.476901283720385649e+00
1.143989199516486899e+01
-1.496677838583866382e+00
5.799873671828581934e+00
1.033049858470821469e+01
-7.507455669640516582e+00
1.014164476421201755e+01
-4.823015132062146826e+00
1.417507139991066900e+01
8.188946237516073978e+00
1.018167448601537517e+00
-8.147852186162587884e+00
1.520921363654121450e+01
3.715363652349680024e+00
-1.872339999294261403e+01
7.897404194116407261e+00
1.803297811543742668e+01
-9.405057340118382569e+00
-1.079035094628791464e-01
1.447925005561554679e+00
-8.273645834269213850e+00
-3.016936737868327612e+00
1.180740241351700526e+01
1.311513217829504008e+01
1.321271931774316855e+01
-1.030225152969233982e+01
-1.676510124642338795e+01
1.340194312545813915e+01
1.987178379869468214e+00
5.639913818141137014e+00
-8.854341338926719374e+00
7.817158826213704836e-01
3.920163313591057408e-01
-1.266299637918267385e+00
6.357152848854552118e+00
1.574633722090497123e+01
-4.717232999463782939e+00
6.470524245217518233e-01
-2.194560110776780260e+00
-1.401665937025413555e+01
-1.414999086395443695e-01
1.053130616322777513e+01
2.656146554764463019e+01
9.498896553926083897e-01
6.597010308331075379e+00
3.912437853673754962e+00
9.350971975820767668e+00
-1.433794884338866105e+01
1.115032286863756772e+00
3.968373723049900548e-01
1.522056535252619902e+01
7.302579899553297338e+00
6.948586740149225172e+00
-1.600253730805352381e+00
1.323193349362119164e+01
-7.252093687002123978e+00
8.720007435644882676e+00
-1.605916218173145671e+00
-8.214730568336999994e+00
-2.903224196733960927e+00
1.254285023578073321e+01
1.520228207170619017e+00
2.127957495421339829e+01
7.577255127456094641e+00
-2.068785143877756028e+01
5.826102014991525024e+00
4.432521517493829499e+00
4.615543469710463143e+00
1.476309690865103885e+00
-8.423800636312106960e+00
-6.225716793006474070e+00
-1.389993643518849176e+01
-3.306927117758103885e-01
-5.856635101018924594e+00
-1.766754151606488321e+01
6.804135711915983542e+00
-8.716258458729871705e+00
2.832944261670721886e+00
2.355258583193026722e-01
9.566423970867498738e+00
-5.406734651763712485e+00
7.390448407848608348e+00
1.131559856254614527e+00
-1.570717474971525007e+01
7.316305229415127620e+00
-8.507766593602251959e+00
5.114156617028739582e+00
-9.037236366772678053e+00
-7.181697660005916362e+00
6.144749047843627743e+00
2.189281809763569342e+01
-1.240170646950810962e+01
-3.503760117039662170e+00
1.668852265793524836e+01
-5.826577678448471964e+00
-5.462617512064869452e+00
9.497203754520722185e+00
-1.230770206188064009e+01
-1.454701507832761109e+01
1.162757938963162552e+01
7.237973602511841520e+00
1.532333470175521661e+01
4.446198862097213933e+00
1.394768367460303260e+01
7.940282108480371193e+00
-6.395321657832674589e+00
1.512145107469258676e+01
5.163140160368937970e+00
1.108858233838662244e+01
-3.037088998854342581e+00
-2.825997554291653113e+00
-5.680373039744581298e+00
1.705348107760085341e+01
-1.266936338965487741e+00
4.676341324079636763e+00
7.161805776627290676e+00
-2.370172870507130991e+00
-1.536927730810135628e+01
-3.381628754836669692e-01
-7.786808205683155570e+00
-4.688795158608966673e+00
-1.729705711835664417e+01
1.073915447256301370e+01
-1.360722380686270716e+00
-4.588991087194155938e+00
3.044657314307233875e+01
8.839120574596327273e+00
1.520660741694159590e+01
5.369127172544775339e-01
-6.188014482564224039e+00
-2.114674985321453349e+01
1.015450832741018417e+01
-1.976001178896268806e+00
9.681418030188929436e+00
-5.204225726683527675e+00
-1.476281432380573477e+01
1.901545431391485508e+01
1.874742800722531744e+00
-1.050083653182874777e+01
-6.656982461739229251e+00
7.128519658198546161e+00
-3.930258141138755157e+00
-1.904032872865908743e+01
-1.125775541944964253e+01
4.371594229157583555e+00
4.673067509527477070e-01
4.228261758133185499e-01
-6.742549255473965886e+00
2.733630373306752404e+00
1.768497691142133021e+01
-2.015377002768520498e+00
-1.310157081379409005e+00
1.063458749488671096e+01
-1.910232608714443714e+01
5.182399535500596066e+00
-1.013031370788170804e+01
-9.187407528656134303e+00
1.156319412384297429e+01
-3.371805566819686906e+00
6.440344117377275523e+00
-8.364625120229584709e+00
-5.085618288601295056e+00
2.028116068225457980e+00
2.150834216884109473e+00
6.975127357580373832e+00
-2.300051313413391973e+00
-3.563588259414783188e+00
-2.326911254285349617e+00
-1.409605284893102439e+00
2.743931397379794301e+00
1.229313465506463032e+01
1.166855712823282509e+01
-6.049117958730361622e+00
1.201004550786945480e+01
-1.250684354705208357e+01
-1.720198964863684310e+01
-7.485668197813392766e+00
1.410932218808571292e+01
-5.834418289261714463e+00
-1.410054032104397947e+01
1.920618166897352541e+00
-8.160307734038845240e+00
1.090991613766093060e+01
-1.307780643248269925e+01
3.442359173367989023e+00
-1.139167007058156500e+01
4.349693449856735228e+00
4.957277387422744042e+00
1.610415102681802679e+01
7.429783263818761085e+00
-7.127533463774805789e+00
-7.023494158535314114e+00
-1.477176154309573342e+01
9.003625741234797530e-01
1.252079817350685254e+01
-1.594422108946390360e+01
1.346153507448865838e+01
-2.371607062381646092e+00
3.707379863606131032e+00
1.014940234315643863e+01
-1.956525809101986368e+01
4.871796759865619997e+00
-3.700102808011887401e+00
-8.162405765843484318e+00
-3.822953935377908063e+00
-5.268594323186465367e+00
1.554154525845398460e+01
1.960001613706009671e+00
-7.493262240405536012e+00
2.819267531118120473e+01
-1.160451481135149443e+01
1.171897973779730506e+01
-1.538279790737078212e+00
-1.358207744691024921e+01
9.419645365017586869e+00
8.687220315269714277e+00
-1.306322892484724107e+01
1.159817609606203526e+01
8.192028603688058297e+00
2.732802691313536059e+01
-1.827435640686174523e+01
7.988234150132923483e-01
-3.598973797101458150e+00
-6.072953332009822347e+00
6.870541571411363790e+00
1.125122501310959322e+01
-1.036454530653633732e+01
2.742389568599403749e+00
-4.210150406995908590e+00
-5.533847993011286270e+00
-9.057249431398567197e+00
2.929837848416574175e+01
-6.491948281130468956e+00
1.362234266598697197e+01
-7.001272567415745662e+00
-4.744559650910256998e+00
-1.831133254658561427e+01
-1.921137336770486703e+00
2.072585511755104548e+01
-8.404668273565430781e+00
2.553788679356013613e+00
-2.260575612635886245e+01
-2.194277864273415801e+01
-1.154348969334072716e+00
-2.338448281418985975e+00
-5.233355121895348461e+00
2.722058725806665969e+00
1.818452916720960388e+01
-7.282383583925297721e+00
1.093247037174345238e+01
1.444726821993108601e+01
-2.195939760891156212e+01
-4.970413323859951049e+00
-1.238694722559161399e+01
4.127339696902528665e+00
2.040497611207915085e+01
-6.512171665568177836e+00
-2.478716579518088281e+01
-4.999962704290275006e+00
1.792375607900203960e+01
-8.938082773785911428e+00
1.970773874750958754e+01
-9.375533216252703639e+00
6.421760728712649247e+00
1.974609671494883401e+01
-1.485901291121290591e+01
-5.181215059335914752e+00
-1.082221036248297130e+00
2.067964551959831088e+00
-5.260050964860785605e+00
4.679117760389937430e+00
1.193308970884822706e+01
2.034115539554681718e+01
6.735942967033698991e+00
7.244216996929885966e+00
8.153362626886085707e+00
7.952109123435611160e+00
2.899484066240710334e+01
-5.929616718898021333e+00
1.411687745343601819e+01
-1.263111773177299746e+01
9.118294930672371734e+00
2.503554063026787624e+00
-2.509496459079317177e+00
-1.322832862240946739e+01
-1.203924786357777066e+01
6.765088952865042637e-01
-2.559975718711751114e+00
1.032468969742950993e+00
8.577053224697648304e+00
-4.585190218927303718e+00
-1.061735465053210703e+01
-6.716497909052772108e-01
1.488447351459470092e+01
-3.546174364017509184e+00
1.185615697007987102e+01
-1.117601550748339534e+01
3.974771779451732989e+00
1.011602152998696447e+01
-3.616496716944271661e+00
1.232020268576056488e+01
5.078941059490116317e+00
2.768378437700515615e+00
1.050285514858380509e+01
-6.170535401004421772e+00
7.183277787717765150e+00
-1.654519905181755624e+00
8.027031669467943331e+00
4.249456252595560812e+00
-1.831622941674475147e+00
6.207334634099029635e+00
-4.635660284771146777e+00
-3.510310145324849973e+00
-9.584114519162538315e+00
-1.368808536351702188e+01
-5.326051814618292246e-01
1.471711770231771510e+01
-1.745975553981449124e+01
9.063016846158964412e+00
-1.054810663521212000e+01
1.757313468734575324e+01
-6.755018518678491013e+00
-1.013414699848539158e+01
-1.699915288925608792e+01
2.823733894978900594e+00
-1.752812238563931047e+01
-5.802750244869502971e+00
6.251900593094875447e+00
3.796772085134913599e+00
7.065265261590186974e+00
-3.161859237199969641e+00
1.195087349760725504e+00
-6.109461247284476038e+00
9.952861316370231748e+00
-9.858161968441914169e+00
-1.205470250318352310e+00
-5.964518474962017258e-01
-7.975533209414158442e+00
4.785727063888219668e+00
-1.616647661891564169e+01
-1.879727288432100707e+01
3.172642637690978873e+00
1.214529024834659587e+01
1.224526334685459084e+01
-7.979698425901667891e-01
-6.612001851245114636e+00
-4.500311462737162316e+00
3.903899064396948670e+00
1.505136135394214847e+01
4.814678865727650248e+00
-1.521852268298633737e+00
-1.802024828472168139e+01
-1.128249858188242172e+01
-7.082466465987211635e+00
-2.691035918155400886e+00
-3.203926352985587478e+00
-1.606857889074601431e+01
-1.375515452326652088e+01
-1.156572046669874787e+00
-2.475050176685693604e-01
-2.003395594170730831e+01
1.290766805536681083e+01
-5.665577313422164529e+00
4.436827627602104585e+00
7.818274891304546337e+00
-2.012421683605740697e+01
1.329126708392547229e+01
-1.338870271634032605e+01
-1.140973254516598340e-01
-2.307879822112513857e+00
-2.374541877064071471e+01
5.565254198460319657e+00
8.934983627457670607e+00
-1.145205965685345717e+01
-2.968006009417080371e+00
1.134388698393675377e+01
-1.233303290723852363e+01
-1.184882318614159225e+01
5.538470431007397998e+00
-1.294729877984622135e+01
-7.111645421396369571e+00
1.024883256090715067e+00
-7.637834503199815828e+00
2.952028658722915644e+00
3.166312466829545702e+00
-8.868210399552198808e+00
4.656588159370494751e+00
1.125450130432430207e+01
-3.434504842762949206e+00
1.313891420863478565e+01
-7.778240116716529151e+00
-1.457541394379513733e+01
2.198921274208488441e+01
9.480161250584824728e+00
-1.821621857268756273e+01
-4.619525149955523879e+00
-1.343653241885343164e+01
-1.739971924241375589e+01
-2.921047272410052908e+00
-1.259090510777247829e+01
6.135737664134434333e+00
7.153755268034838188e+00
1.995611513955707794e+00
5.489766397358728511e+00
2.781731389872286631e+00
-4.221988519963566944e+00
4.000990873067758469e-01
7.708104447326805442e+00
2.424555969534236866e+01
2.406891959019184668e+01
3.671187133721557139e+00
-9.208823278602347173e+00
-1.443476285884382149e+00
-2.964029796547487106e+00
-2.484534321264544321e+00
-1.751975198524749189e+01
6.744157303738025355e+00
1.736325364582526509e+00
6.601813217099194553e+00
-1.190580686321264459e+01
-1.184328699044148614e+00
-2.150633856708488523e+01
-1.322270929176732146e+01
-7.803093521927415566e+00
1.424802010270025399e+01
4.238779234179552269e+00
1.360003883937152658e+01
1.672299484099372435e+01
4.742163611321129402e+00
5.151545334309084012e+00
-1.097092959146086599e+01
1.541474880882818255e+01
-1.414986548909149811e+01
1.235469964594024539e+01
-9.970112863672893511e+00
-1.733943004636813612e+01
-4.484321164336301457e+00
-3.185214018508264910e+00
9.344669715024236822e+00
-1.301975276932502901e+01
6.237549058692259507e+00
-6.364292544270054641e+00
-4.758115737860769023e+00
-8.583841808369910842e-01
3.291522419614879347e+00
-4.947547322514158630e+00
1.986343023031350796e+01
1.142317508780357649e+01
-3.346885754505832811e+00
1.447325737872782447e+01
-9.088731030170412950e+00
-7.283629986872980355e-01
2.182598259793958917e+01
-2.057915331456882768e+00
-9.426867815126401817e-01
-1.225501200933195989e+01
4.493638336753439377e-01
5.648677868185581374e+00
1.103099860116144271e+01
6.340056816850631272e+00
-1.317430618658713293e+01
4.786235450646615597e+00
-1.721187324153762965e+00
8.870939214818294616e+00
-1.020053654379331221e+01
8.095730810525816779e+00
-1.022788145685724182e+00
-6.018340507015472740e-01
9.620364756942800355e+00
6.029552704230843219e+00
6.751622308754872570e+00
8.509101043223092020e+00
6.991293318901882436e+00
-9.165383650753975431e+00
1.041366101306577896e+01
-2.173678268706869687e+01
1.783724935128515376e+00
-4.160480163176627499e+00
9.918144671010251656e+00
-1.915224891468602975e+00
2.968920699434421717e+00
-1.343800728694150415e+01
-1.532269170832278604e+01
1.233501684903091444e+01
-2.637002139047451976e+01
-4.632918956112382247e+00
-3.627248517409098039e+00
-1.111237238122205007e+01
2.525510132154287213e+00
-2.319313838343308287e+00
3.651294762590749698e+00
-3.129931717713255068e+00
7.213149251400474249e+00
9.507122851574024480e+00
-6.437572257846641222e+00
-1.873530883726797769e-01
1.406263719180576466e+01
-5.113857856043558803e-01
-9.480644834393020304e+00
7.331684626431068885e+00
-2.034264624311987180e-01
-1.015900637027304931e+01
9.821521486887441199e+00
-1.761966345466881378e+01
-7.492718247954813116e+00
