3.263222441743403035e+00
3.214805081216120186e+00
-1.022256988554848534e-01
9.999106026757562105e-02
7.192225451175911388e+00
7.054908205682528965e+00
-5.609991520148545519e+00
-1.665180297052438974e+00
-8.292732868942251367e-02
8.443704793098398831e-01
6.489593361391133186e+00
-1.053693342092251406e+00
-4.170904065719340803e-01
-3.965355116998888096e+00
2.360202189793697780e+00
1.012415541341166625e+00
1.156520031536768967e+00
7.015288315138194619e+00
-1.396496109769396865e+00
4.139093073747130980e+00
3.289595006179102388e+00
6.324462959241705651e-01
4.846891105561691226e+00
-2.353072353601295130e-01
2.888783690093203460e-01
2.069874753178383209e+00
-6.060899038028823016e-01
-3.239823780636271966e+00
-3.362798151452964568e+00
2.583704739695177333e-01
-8.494677470093096261e+00
4.413290114679669252e+00
-4.732694864771192833e+00
-1.142722288991446566e+00
1.343812509651808318e+00
7.081211250273857338e+00
-3.279862786336034564e+00
-2.890534013112068479e+00
2.532717336035831934e+00
-1.128932179426916038e+00
4.668582005814290170e+00
-2.023860904022388052e+00
6.967835063464451473e+00
-3.326515080644452116e-01
1.552560602881979612e+00
6.486195550040403379e-01
2.779406120419547488e-01
8.429771491682296336e-01
-3.954092141762674206e+00
-4.768662518265855965e+00
2.268968446714949572e+00
2.897621483585100410e+00
-3.489431532464456254e+00
-2.172621755809996724e+00
3.942315357478771709e-01
1.040596963027334398e+00
-6.535715264756755127e-01
4.092741453918322669e-01
1.204838399025040641e+00
-1.266211848418969110e-01
4.442244839147077684e+00
2.083665138700969255e+00
-3.832384281025127848e+00
-6.312642991305917661e+00
9.061662748786182553e-02
4.013002158749519488e+00
1.780176804273306601e+00
-4.322718118210337579e+00
-1.206807216633820623e+00
-1.534091464562724327e-01
2.181458796362129859e-01
1.205955257743755205e+01
-2.213237735199493184e+00
-1.955705411546597439e-01
-1.684228349864256957e+00
-3.229861377882441431e-01
7.170361144925501140e-01
-1.241340242014166373e+00
3.414074466388602680e+00
-1.022044738844962053e+00
8.250794588952761188e-01
-5.270341198558404550e+00
-4.502162460756635731e+00
-1.571151316050503899e-01
-3.747402969699348052e+00
-3.551444344442967971e+00
-5.484381726674022239e+00
-3.539800420241212109e+00
1.078608289707527979e+00
-2.280694636451726875e+00
-4.959905410134713755e+00
1.063947058163699610e+00
-1.965669351441885926e+00
5.397009124195232266e-01
3.713855875174765231e-01
-2.264651461622454232e+00
2.879860765059274907e+00
-3.089217105253570406e+00
-1.291977200027976780e+00
-1.968475915801088938e+00
1.116984909932933201e+00
-1.119334473238019712e+00
5.804821045986758854e+00
1.045693519549478623e+01
3.381165838331626539e+00
6.151922190701967885e+00
2.230258251669459568e+00
5.895621782156537094e+00
-2.497819829827167826e-01
-4.710371304437444451e+00
1.373511310229046378e+00
-5.135965955674163252e-01
-2.670604640460656931e+00
-3.414519140605963177e+00
-3.614493474264405481e+00
1.781307954250127779e+00
-6.303251279426827836e+00
3.809595591209057552e+00
1.608962750784115103e+00
-4.418663819877877152e+00
3.187709226059812107e+00
2.896518405986188593e+00
1.892513130293520751e+00
1.576687617044520096e+00
-2.406212207684415461e+00
-1.816003297685942153e+00
9.519337173767267180e-02
-3.750324449374615288e+00
-2.468502622576629779e+00
-2.610961881331266721e+00
-1.114853205010533310e+00
8.325654448869965751e-01
1.224221342360295672e+00
8.369781835887085686e-01
-5.477236224909461937e-01
-1.978099084638375249e+00
-9.296479036917917327e-01
3.601714526076949419e+00
8.522047690524928498e+00
-3.548672248356616876e+00
-5.365483644284976816e-02
-1.927428031987199919e+00
-3.564525534848171917e-01
-1.007216619310983052e+00
-5.505926349700921429e-01
-2.745130129283646081e-01
1.028203427340728116e-01
-1.706728252422937020e+00
4.103430711756307359e-01
3.141691393608309735e+00
8.196715320598039201e-01
-1.607015691778057587e+00
-4.954780671387224444e+00
2.258706824251262901e+00
3.514258637582141909e-02
-2.719282679499913424e+00
-9.918812769871871993e-01
6.513682225820000005e-02
2.534176206246689933e+00
1.441570852449677531e+00
-6.148285715863504031e-01
1.610228288151745790e+00
-3.293522862619815417e-01
-2.649942150770533189e+00
-5.410492304078595716e+00
3.960672608065297862e+00
1.750146996112027287e+00
5.183211672352761923e+00
-5.727837656226416607e-01
-3.988126291896654241e+00
7.305658863159155691e-01
-6.340449833510152011e+00
-3.734093662003398872e+00
-2.729826026621234192e+00
-7.066493432766653982e+00
-1.262667514059892193e+00
4.782378080237587703e+00
-8.498525642899007693e+00
-1.124295390808566220e+00
4.958194424092178032e+00
3.983588255802750222e+00
-9.188046172983645121e+00
4.209739777173423292e+00
-3.531816254982012016e+00
-2.092282401164335059e+00
1.319679776877084265e+00
2.688253294236643942e+00
-1.840333960635845756e+00
-1.884229429637168440e+00
4.818016856600256803e-01
6.384861415848316568e+00
-2.595918938265489029e+00
-2.018909729747076220e-01
1.381047681489547818e+00
-2.990432304886054826e-01
-4.619251747800946717e+00
4.814490978771765128e+00
-9.871478877995634171e-01
1.460849310150374558e+00
-7.153854596517447817e+00
2.062456582883906542e+00
6.211887374057204703e+00
1.988193793256485042e+00
-4.416512707102412394e-01
5.497188575469518224e-01
4.336162682129629964e+00
-2.763287471307748433e+00
1.342391222263590311e+00
1.554257407976540994e+00
-1.399401041631749054e+00
9.677515899193054327e-01
1.171996254654744440e+00
-4.300295525635048577e+00
-2.374302882692444161e+00
-1.286598872889099798e+00
-1.245596209926262077e+00
2.016641919987965270e+00
-7.362034734923093016e-01
5.294339813060951805e+00
-2.661534113919963751e+00
4.805815291301596126e-01
-8.701714922899170812e-01
3.050347232351179105e+00
-3.937673693611407622e-01
6.858174337842445567e+00
-1.531948562046154150e+00
-8.289284658087081592e-02
-8.806050935961640125e-01
-1.426839919429090608e+00
-4.312789446523066950e+00
-1.170413061878080585e+00
-1.552074532950543873e+00
5.995541623513178653e-01
2.146399112730715597e+00
-2.501064499830835786e+00
3.246885945352493974e-01
-4.494878995198965832e+00
-1.577808128534927690e+00
-5.273419536158164611e+00
-1.525035632784327078e+00
6.543678954947625970e-01
1.713941847731893064e+00
1.470696651297476454e-01
-1.486927706532603866e+00
3.955256658304194151e+00
1.131513956786887265e+00
-3.725116264738883576e-01
8.498693428193435095e-02
-4.778359163199511705e+00
1.095824765854733901e-01
5.556886871439483677e+00
1.445291163919290911e+00
9.065001643985258761e-01
1.434044977971649981e+00
1.039819341921264462e+00
-1.062236497877294905e+00
5.646720167543972657e-01
-1.417710435096301458e+00
-3.853162418327765959e+00
3.122360226830637187e-01
2.831432821540579514e+00
2.371467244658794105e+00
3.358729268900559006e+00
3.704714248111775188e+00
9.211121740906730304e-01
4.154486886445850402e+00
-2.152671593226333169e+00
1.491789383788280521e+00
6.234196833120384973e+00
7.938400645238493647e-01
1.727174445861984209e-01
1.439744806946446243e+00
5.777986580122453919e-01
1.565018408231268587e+00
1.573179815531912551e+00
-5.158149906206827007e-01
1.513912710002516260e+00
3.442352317276543339e+00
-3.444476692495323622e+00
2.558615104449061928e+00
3.943871413089056865e+00
3.751180414470803637e+00
-4.426790421345875970e+00
-4.489868964443554766e+00
6.132451687483130298e-01
-5.352275594956664051e+00
-3.206961982590526450e+00
6.638058457604345541e+00
-5.462547821567230955e+00
-5.835861374915975119e+00
-1.597524450423105646e+00
-7.920299602481815082e-01
1.297089339170776900e-01
3.226621002302504149e+00
-3.226905248999751841e+00
2.965715424336488493e+00
2.626943772845383940e+00
-5.838428442540044561e-02
-3.943759558649368113e+00
4.039320056211997745e+00
2.300692773951393377e+00
2.737032713723507982e+00
8.351569535097434382e+00
2.606565016160128589e+00
4.088335852429365147e+00
7.171125307104693647e+00
-3.396457349074079257e+00
-3.933804560437432318e+00
-5.569067910190678150e-01
-1.508743285679882973e-01
-1.083908656353366862e+00
2.518645950684233803e+00
2.364028020558334831e+00
3.382307004309192067e+00
4.965901898159769345e+00
8.509769378715380528e-01
2.302933475813251807e+00
-2.793659041615866867e-01
-3.072296194431848537e+00
-3.835384316260401771e+00
3.783682879468839300e+00
1.932909175583927608e+00
2.903570468204295096e+00
-5.784287491130713832e+00
-1.720405362798235860e+00
2.803492845759317120e+00
2.083257555858782695e+00
5.992593014007139729e+00
-1.264149412031251030e-01
2.476231681157720743e+00
4.229016785567586423e-01
-3.136791595646081454e+00
3.702264515995467686e+00
-6.713285303990459418e-01
-8.485394972912468914e-01
1.155029159830356811e+00
-3.917895745536926544e+00
2.746274786189438100e+00
2.196957993907757700e+00
3.916962772715304464e+00
-2.106910848521997170e+00
-6.318674553289829188e-01
-2.198041150214006478e+00
-2.762892288001317809e+00
-5.838523968515986873e+00
3.458780330322974272e+00
8.353537640528545083e+00
-3.688099333929627299e+00
6.064055685678943597e+00
-2.882869022806271442e+00
6.000607863703113498e-01
-6.666655734014595991e-01
-4.227940353725660572e+00
7.305610861506451892e-01
-4.163363692962340323e+00
1.835086552784078284e+00
-2.987308069053573600e-01
8.603358685248456705e-01
1.450846737590203217e+00
-2.166897772106368691e+00
-6.377488229514183260e+00
-2.228737377022051103e+00
-9.616619789057312406e-01
-3.464686282715894627e+00
-3.230397756347350047e+00
-1.945910283191643941e+00
-7.905268375023806193e+00
-4.524452381249934874e-01
3.571919805853034369e+00
-7.260462198765173625e+00
4.040625408129016050e-01
6.244562256665493472e+00
5.702627639870798681e+00
-8.473518978907316201e-01
1.396745667028421733e+00
2.240133104418326582e+00
1.355776542362284065e+00
4.142244433041466500e+00
-7.388861460614526422e-01
-1.559394702886859774e+00
-3.963818931396889678e+00
-1.772922188884608952e+00
3.986138528942404502e+00
2.495064890544849978e-01
4.115359842929154688e+00
-9.216765710495207209e-01
-2.213929051607701926e+00
3.129130751885699002e+00
4.315615141898974549e+00
-5.298289228793563233e+00
-8.272352327803856875e-01
2.669065423780422108e+00
-1.534979367915707327e+00
2.675569412043655504e+00
-2.152678963816496260e+00
3.957101770424056864e-02
1.029292904053466406e+00
-3.692912378354312963e+00
-1.776155979975405863e+00
-1.091613154710357136e+00
3.150704545507049481e+00
-2.212576318523495456e+00
1.915525125160095987e+00
1.547417892150025009e+00
5.527491023970296347e+00
-1.195725084738580968e+00
4.801336148057121278e+00
4.528472119793835127e+00
-2.863387222016392730e+00
2.625995852034749500e+00
6.969269339279153819e+00
6.963580102729585164e-01
-1.222556933196417450e+00
-2.746603904129080176e-02
7.124232040684540523e-01
2.490222725178445895e+00
-1.681383525732287110e+00
3.059397876744862632e-01
-2.324029605902487639e+00
-1.299765386285890889e+00
3.189422822292083737e+00
3.852789088378586246e+00
-2.699046487147040985e+00
-1.537546443390726658e+00
1.539568409573777386e+00
2.741792068733375665e+00
2.365875467830689693e+00
-2.928950972872687686e+00
1.236285213045788201e+00
9.949091454382206212e-01
-1.994728779669863172e+00
-2.246479768545953437e+00
-2.029014005146991817e+00
5.237719951680813502e+00
3.693413269063870352e+00
-4.239360143431532890e+00
6.391878026151282199e+00
1.624699634905195422e+00
6.363622054631497882e+00
3.899316961706279283e+00
1.369787599707504411e+00
5.344788061990290995e-01
-2.439206256074069490e+00
-4.560986806546079464e+00
2.179985360608117428e+00
-1.798071275616763387e+00
2.900212193158572926e+00
-9.076796167517855451e-01
1.098242560030191717e+00
3.639933208072297699e+00
3.105166721594466495e+00
6.831874087614272506e-01
-3.142951111156957023e+00
-1.972726188453044038e+00
1.891887363527526289e-01
4.263109493958577856e-01
1.769058505663680947e+00
-2.293072854777256087e-03
-1.960525519395899252e+00
-1.977521828720158137e+00
-1.885292125196878388e+00
5.234968716330380190e+00
-5.802327283646865896e-02
2.734366491323375836e+00
9.402735763137682667e+00
3.974852918456848627e+00
-6.459393242332714280e+00
2.520885864311799285e+00
-4.149174947780998934e+00
-5.045566731082112844e-01
1.552275109160234479e+00
-1.840733199224364736e+00
2.953369266253319303e+00
-1.932113684125644326e+00
9.871941474025827112e-01
-1.336041864872445029e+00
4.716493826334593464e+00
-2.361102129042476072e+00
-3.794373323520831010e-01
-1.817888942073827785e+00
9.091690851111458027e-01
-3.602642562884207589e+00
-2.031832228464435008e+00
2.097761962649726364e+00
-8.193687340236246897e+00
4.009828005995266231e-01
6.824753220740131354e+00
-3.203442114278365338e+00
7.011325429021172950e-02
1.255336737564749061e+00
5.406203216581324078e+00
5.615598933694906369e-01
-1.271081862920682370e+00
6.673900281173433813e-01
4.801243739623680895e+00
1.131901316931456902e+00
-2.238835060715623992e+00
-1.076712572176746763e+00
1.561066476652290369e+00
2.585332369365900274e+00
8.725064011200136527e-01
2.744122983197635257e+00
-1.474828861201639585e+00
-4.752232321750966548e+00
1.481645687664102873e+00
-6.771129312557405910e+00
5.865117404037358817e+00
1.984692931543380112e+00
6.004688454320937785e-01
-6.884838577516586566e-01
-1.599489115161912389e+00
3.962874460858344605e+00
1.106499629842404353e+00
4.335134710381227663e+00
-1.968523804176517622e+00
2.485280178064785073e+00
1.742831091020001999e+00
1.367285511063708991e+00
-3.101395051136993652e-01
8.138052142718945614e-01
2.940050155566487966e+00
2.400986282462401977e+00
-1.172894456104104810e+00
1.810018408136434553e+00
3.045320459425011617e+00
-3.961072894514234388e+00
2.267687423445975126e-01
-2.165224069688735931e+00
1.738173618590703962e+00
2.612837863082726031e+00
4.918359278237784515e+00
-3.808506580549797516e+00
1.116498988143770577e+00
5.321260016286316841e+00
1.883754588952671449e+00
-1.228819280923582946e+00
-2.692183381228675287e+00
3.431100498348117478e-01
1.107545276131184586e+00
3.576560952561302908e-01
7.054314124867741675e+00
-8.755056449283575404e+00
2.763778236272723010e+00
-1.768204876305081719e+00
1.329241900363833939e-03
1.981030816025729280e+00
-9.983523081064915594e-01
4.603936243887374324e+00
-2.131650346798177775e+00
3.296377109216211410e-02
-2.133072192929754252e+00
2.197928266891983284e+00
-3.765027452905080896e-01
7.790899215435569403e-01
7.946191141745736486e-01
-8.225646021408460129e+00
-1.432949069086292715e+00
3.531319402166510191e+00
5.542414277239715581e+00
2.442075991663401613e+00
-2.987698230230666940e+00
-2.369402914666648652e+00
1.047202027439431138e+00
-1.369715247845069594e+00
4.826105144647795164e+00
6.578532525654734453e-01
-2.590967541326434365e+00
2.709199895044786643e+00
-7.742284772474159027e+00
7.252070635362048989e-01
1.037533801609043493e+01
-2.330460103403380501e+00
2.199206258161522376e-01
7.894887930377452179e-01
-5.067163037769405243e+00
-3.669313203493214104e+00
5.530806508176746572e-01
3.914092727245032322e+00
-5.095899387595074437e+00
-4.163471434809604688e+00
9.203630188478645335e-01
1.117453510764766511e+00
4.986910557233306118e-01
3.513236523108336229e+00
2.526293260657065165e+00
-2.911880643977601268e-01
-1.249534895461870576e+00
3.858172601096423904e+00
-2.007391249128046340e+00
-2.127881776780045975e+00
-2.629096454023450935e+00
3.051085635798970852e+00
3.197312499379781681e+00
-5.371942680595661379e+00
1.935884363938543407e-01
-4.019199373258189212e+00
1.910192402973122761e+00
-4.926417850587467839e+00
-3.492161179312597286e-01
-1.516080655522384912e+00
-3.698022294057027093e+00
-3.991681610467955332e-01
2.045010837785002256e+00
-1.512954902161098403e+00
-1.598808140039120529e+00
-4.301381563303552369e-01
9.240719349671366878e-01
-1.406159065452580847e+00
2.354683564536327545e+00
-1.490423983912603501e-01
-1.394187557827579527e+00
8.207174796359719693e-01
2.052585922500011595e+00
-1.006513033238841448e+00
2.113014320180162109e+00
2.512711931077324934e+00
1.259015637302340673e+00
1.751514216749689767e+00
-6.173324500954850969e-01
-9.059876363812817690e-01
-1.191979574308925649e+00
1.514242021371292601e+00
-4.323421621267824477e+00
2.612171715810509109e+00
-7.457014520543752134e+00
-3.067005653109927676e-01
1.123595342024420685e+00
-4.545936782142582233e-01
1.001133265202398093e+00
1.931228224581875486e+00
-4.811654188839303181e+00
4.392592388588527186e+00
3.917940989298901222e+00
-4.072661470430862352e+00
1.733715546053594680e+00
5.191360608160143109e+00
-2.859351077777994021e+00
3.037358240319525837e+00
1.338497378598300314e+00
2.663280939458534391e-01
-1.208785019119231197e-01
2.093182962695023797e+00
2.891061241790458425e+00
5.900077161838673812e-01
-5.647850461501158215e-01
7.065677743832626811e-01
-3.698751442033143100e+00
-3.823912979463695017e+00
-2.494764605026495996e+00
-8.467622128864910058e-01
6.720413604948011210e-01
2.621788724474778398e+00
-1.877054162146508887e+00
2.113868264400417196e+00
5.245751821095273604e-02
2.719065854635098312e+00
-3.655163743247316965e+00
-8.205088430496829122e-02
-3.600868084278196157e+00
4.926799107354708163e+00
9.117994328336059828e-01
6.898602428576440238e-01
-6.235715111402842403e+00
1.780601420363576437e-01
-3.454883068990632911e-01
1.041560480336082728e+00
-6.726634031579529216e-01
-8.190910475304528093e-01
5.281662940932850603e+00
5.677550384960742491e+00
-2.126532747235386100e+00
-7.357443627784738815e+00
-2.853689070927963645e+00
7.800812351930596078e-01
1.419792462554424040e+00
4.220859902589403134e+00
2.044706970342172081e+00
1.855248378485054195e+00
3.165936104032829768e+00
-4.890864270669878167e+00
-7.989948786843442896e+00
-1.996603565321835028e+00
1.164886525085973235e+00
4.270188031568309839e+00
-3.483513635511187534e+00
7.816003518795204552e-02
-4.102571680389237585e-01
-2.184021035406070066e+00
-2.238521659453601931e+00
2.839844552409145351e+00
-4.301501850294877194e+00
-2.808542550295482165e+00
-1.629902027497964090e+00
-1.898310723766541752e+00
3.540135167737804789e+00
-1.369510802896595436e+00
-5.024970265392494362e+00
3.224293249468139777e+00
-8.222003815824094342e-02
1.133673176731753579e-01
6.455060680408209350e+00
4.570475646601255271e+00
6.576042880865552220e+00
-3.186861606326607976e+00
-6.671561111342166894e-01
2.026047003222574805e+00
-6.146481902676089737e-01
2.018758689536334305e+00
-3.450900509924002879e+00
7.478490530886418020e-01
-7.667726697565682148e-01
-8.553303118110864300e-01
-1.410791073250186933e+00
7.572903891124141973e-01
-4.007334972002739804e+00
-4.015126182413646383e+00
1.366166140989261368e+00
-5.404833552538158559e-01
1.213446991207888015e+00
6.415983740735828889e+00
3.097600851765553442e-01
2.165893499172172110e+00
-6.021752800101168646e+00
-3.920754797696051508e+00
2.177710504394374080e+00
-7.972406045795520591e+00
-2.824795231509684701e+00
-1.485065434857278655e-01
9.490259412195312105e-01
-2.354059339141780338e+00
-1.921132335889454090e+00
1.347343661212066390e+00
3.902619322094218024e+00
2.287464644072132014e+00
3.748166672576541458e+00
1.486741400744889141e+00
2.887355644690407619e+00
1.763468332424847240e+00
4.857833748896690507e-01
1.284859163880886168e+00
-2.404282060196365034e+00
-5.298327646323168771e-01
-3.405024488355881562e+00
1.565221418894340522e+00
2.120751590353130989e-01
-2.575683824029516344e+00
5.299649627515272687e-01
7.868622409000421314e+00
1.430104067900671794e+00
-8.352929973405537334e-01
2.643076086320178320e+00
-2.778565787958004130e+00
6.475063772980739207e-01
-4.164888247474681116e+00
-4.777579707876495441e+00
-5.356043720898660432e+00
5.024442577223029005e+00
5.260290512998448520e+00
3.516069257953438498e+00
-2.186114408647366059e+00
6.248100614600436309e+00
-1.775505984968136719e+00
2.396677352274513062e+00
-5.246172485061197932e-01
4.699686525475700094e+00
-1.883231139224259998e+00
-4.390249100069641308e+00
-1.177013009222085849e+00
-5.108153751706293377e+00
1.082923800489398625e+00
4.446295540952474923e+00
-5.385336295744356239e-01
-1.596129167403664839e-02
-8.933400564222282458e-01
-2.484728714227287583e+00
-3.688012680271533839e+00
-3.517143754042511450e+00
2.298809707574843930e+00
-1.176067423061958994e+00
-7.476643069467637126e+00
1.990598845809734119e+00
1.621446266313081086e+00
9.172762225306371420e+00
3.854044571575388822e+00
-2.082205482319460010e+00
7.066606552688025289e+00
-3.404428346434713593e+00
-1.932291172403457491e+00
4.864140467339550078e+00
-3.322264314035257460e+00
-3.542209247974828501e-02
1.903137959594416673e+00
1.228839071725580517e-01
-6.913836412830123734e+00
-2.944985994816727626e+00
-9.840039743275321715e-01
4.814850045520102206e+00
7.680119218185220697e-01
2.751989723598380344e+00
1.126004257249377138e+00
2.801356282715536938e+00
3.687435010716311190e+00
3.171478412749265674e-01
-1.253658961449153120e+00
-1.776274194791420957e-01
-1.188908780705636881e+00
2.237746512949960298e+00
-8.389192822206599232e-01
3.541779379930995564e+00
-1.447179900013636278e+00
-1.062142433730532742e+00
-7.239057595175461657e+00
1.446564453781092219e+00
-5.838910146636647203e-02
-2.103407489297457023e+00
1.478957415115987883e+00
-2.677621159904690629e+00
2.734436366176251187e+00
1.614181151328963448e+00
-2.772431777794168717e+00
5.221282082136047720e+00
2.005837654744886400e+00
-2.075784997829617229e+00
4.074532755198893241e+00
-1.111294022270540305e+00
1.945469306221405681e+00
-6.022139706664102476e+00
7.190984224976190164e-01
-9.879115603431218862e-01
4.429857683820658032e+00
-4.289885703009375995e+00
-3.120509893596182138e+00
5.389769779868259780e-01
3.857724286394554891e-01
4.992417471866456014e-01
-3.073570580858877577e-01
3.818612539466480271e+00
2.561563774265330773e-01
3.935467286559291011e+00
-2.085526234448872529e+00
2.442687793574065402e+00
3.096566342821467810e+00
-6.665691320256966756e-01
3.689026139117991931e+00
-2.369052266469114265e+00
-7.486777167211223771e-01
2.687594815456268105e+00
-3.595125754030600529e+00
7.452085507197273806e+00
1.343362140025632145e+00
3.559435299282109444e+00
-1.684908973867377924e+00
1.384272219886796274e-01
-2.132972140642472592e-01
-2.245821089466188969e+00
-9.219644537746058965e-01
4.214351631382598384e+00
-1.411705037824201092e+00
1.868056077103735779e+00
9.509122035503350112e-01
1.928454321189678744e+00
-2.019046280338833821e+00
5.173474165744218034e+00
-8.572898756835671819e-01
1.524462423089488983e+00
3.226745241089293614e+00
-5.528288486377711308e+00
-4.769500362623374734e+00
-7.712027659437002969e-01
-4.570452986843362098e+00
2.252868158936243148e+00
3.950777651066127216e+00
-7.901270135963717189e-01
-5.362568826071033357e+00
4.478582105760120502e-01
-3.319770422619154004e+00
2.329403298252860743e+00
-5.023605668783280187e+00
2.844827827215537841e+00
5.590301146958908340e+00
2.982277431571780824e+00
2.578569626967384121e-01
4.140032607457334812e+00
6.137791737920325730e+00
5.303739240936029553e+00
-5.435911126432596774e+00
-3.858968968842614533e+00
4.589800652104343293e-01
1.935282205673610756e-01
-4.150390229953397458e+00
9.640178792523387274e-01
2.759778913969236580e+00
-1.775887860040041177e+00
-1.650741555669885674e+00
1.275634883868403735e+00
-5.383390214524339079e+00
5.502779408754783219e+00
-4.882730360770089817e+00
1.819610773194693554e+00
4.658722389670935660e-02
2.577627254218528563e+00
5.602812599577685404e+00
-2.915433871506349917e-01
2.257808612379469948e-01
-1.029141396686821919e+00
-4.906149017078793584e+00
5.733454715630485587e+00
2.731519448489693414e+00
2.965110882243943702e-01
-6.530436722227732638e+00
2.920840491762839886e+00
-1.777893424584847004e+00
6.950696615137401224e+00
-9.792897895288830146e-01
1.647313425412036070e+00
-3.752180120333501012e+00
3.262972302438473360e+00
-3.300824021464944469e+00
-3.529655891905004061e+00
-1.796847031313772769e+00
9.459944908748418868e-01
-7.857344229579363848e+00
-7.790869133614848785e+00
4.397928600424045875e+00
-3.745168544761169116e+00
2.516158613280510825e-01
-3.424722897394394394e-01
-1.282308036849888699e+00
2.703961460668880878e+00
-4.388555586581242451e+00
1.815424235225172378e+00
2.938243220684685575e+00
-8.521848466026383795e-01
4.008313877153528715e-01
-4.966801831212670493e+00
-3.269737088930317004e+00
-2.116237478518277371e+00
-6.269991699006292940e+00
-2.923479646524486331e+00
2.118527907780726749e-01
9.623785874597102774e-01
-3.343573553249742147e+00
-7.467722833491075018e-01
-8.768997824243516259e-01
-1.285286485792855871e+00
-1.235387166385978785e+00
4.324077535386280147e+00
4.219339870483046262e+00
1.581970914793960681e+00
-5.170491835330889074e+00
2.635828354298274334e+00
-1.217006671120810291e+00
-2.426434589077679949e+00
-1.169119744612648448e+00
-8.344699556620971403e-01
-1.332820917195088439e+00
-1.170841841440196651e-01
-2.611746005726424347e+00
-5.157647133840648657e+00
7.156470522993354955e+00
5.681255566612473107e-01
-2.535849369896348904e+00
-9.071754462393444296e-01
-2.074201302009419212e+00
-4.884635266473119630e-01
-1.506666040507720572e+00
3.067145488346715965e+00
-4.625372613054754112e+00
-3.918893278055679996e+00
2.744323950975031678e-01
-3.110458115470207119e+00
-1.667952634918301147e+00
-2.551918754014087742e+00
-2.429831082779815965e+00
5.171428547955050803e+00
3.517102250876227298e+00
-3.898741206185621255e+00
2.119139321562700129e+00
1.708337681324439306e+00
6.707926841929969797e+00
-3.272990148810613675e+00
2.366688768249503916e+00
-8.771887768826122311e+00
1.261785670164298212e+00
3.269349665363735724e+00
2.537365966614972379e+00
-2.844363255579910099e+00
-5.191038856808714019e-01
-1.322835896733705052e+00
-1.526324899480475006e+00
1.153982114666259662e+00
3.938975622647590935e+00
6.921794548000652192e+00
1.667931911844038328e+00
1.664613728796612513e+00
-3.426044355303068389e+00
4.373886756082224991e+00
-1.902813783024888572e+00
-8.537457639920947861e-01
5.921236794931999725e+00
1.193482864413092592e+00
