-6.414752480037439852e+01
1.154370637455395894e+02
4.909721130954766721e+01
1.357815292369751603e+02
1.459402439521664121e+02
-7.704889732239416844e+01
-1.124538835501557799e+02
-2.278083653412060983e+01
-1.965728460626892016e+01
1.024390507598379543e+02
6.466482800083436011e+00
1.125123797848187337e+02
1.776060613560410673e+01
-7.369905685109466731e+01
6.444818035877065654e+01
1.137052339108603434e+02
-1.608189777292454323e+02
-8.194008147974641076e+01
1.914865590747708879e+01
6.279840024058564119e+00
-1.668002877984445576e+01
1.064601104553936324e+02
-5.236612604011296668e+01
-1.431278342538535640e+02
-1.731891898931190710e+01
1.147203847358926225e+02
2.082544935938300057e+01
-7.670925869199582792e+01
-6.364865296766823377e+01
1.527584997559107194e+02
2.901514830089205077e+01
-1.812854447924449630e+02
-1.004495535572420266e+02
4.696215099571845997e+01
6.338965400495452940e+01
3.737859166860233273e+01
-4.359805487199314200e+01
1.212541279548614170e+02
2.925620231239611968e+01
8.993621880376149136e+01
4.126819552373863331e+00
-4.839046309100702814e+01
-1.228393716744758422e+02
-8.235821098420316844e+00
-5.579858645875075496e+01
9.878780453923658911e+01
7.196568564551809288e+01
-5.186527454887722399e+01
5.119522629087374987e+00
7.511763235942719064e+01
-9.286362134422498116e+01
6.752934139110024603e+01
1.975344000731948597e+02
-7.746371483239371969e+01
1.954721648502951226e+01
-1.193989978873158435e+02
-1.032555356052878892e+02
9.052525153316338447e+01
-6.596633366180978442e+01
1.212569808046202269e+01
1.500940284948806891e+01
5.969315418619593316e+01
3.125027314478370499e+01
-4.380674495763146581e+01
1.575888007671621835e+02
2.706268580638884558e+01
-4.975101670489565464e+01
-1.557015653501858878e+02
2.189180511545668040e+01
-5.287146624532526573e+01
-1.224674037527156258e+02
5.046086366805553070e+01
8.572921174032664737e+01
-9.749265955639336312e+01
5.033029404873981605e+01
6.850242096904642608e+01
3.032368490162134123e+01
9.252965355937239167e+01
-2.624698148691628319e+01
1.597078641330639570e+01
-1.059860368102870751e+02
1.765228656778749894e+02
5.625305451980633364e-01
1.593085725424652708e+02
-4.582675194231567417e+01
1.371381948518575769e+02
1.726763477385057399e+02
6.791767683123667076e+00
-4.907614883351304513e+01
-1.275125039353485903e+02
-1.424474383620975004e+02
5.650581223690787880e+01
5.807294545807702235e+01
5.068278791211339751e+01
6.838264048358429648e+01
-1.710055375630914654e+01
-1.219182690386968062e+02
1.353883224968480476e+02
-7.901318359897936716e+01
6.522069653343842255e+00
-3.912982924512668603e+01
5.598136978295106481e+00
5.094595319967695701e+01
-4.237459743288859215e+00
-1.419802842972655412e+02
-4.393125923555938783e+01
1.150223897922976590e+02
-2.004108255728468890e+01
1.701680095410771543e+01
-2.130473291851444184e+00
1.309072062660893039e+02
1.171940868528010640e+02
-1.035900845988066408e+02
3.139364241433398206e+00
-1.146433052144498959e+02
-8.319961216835665141e+00
-4.851952187928059601e+01
1.145550133971363493e+01
1.034406557457394911e+02
1.139031644614404257e+02
-7.949447545400128945e+01
1.889719423237994533e+02
1.726097350830843880e+01
6.807890174640880332e+01
-5.104021510740636103e+01
-5.207481950764237588e+00
1.274738902270997158e+02
-6.622796709560062389e+00
-5.607630823574369572e+01
-5.120729081429477958e+01
-5.275832043930189030e+01
4.101675874542639377e+01
1.274818318264654238e+01
6.860089725214102430e+01
-3.962054551652805401e+01
-6.826836771324221331e+01
-1.711086096164171977e+02
1.835103573562559802e+02
-2.145388034915349351e+02
3.863317566840951400e+01
1.103883176276063551e+02
7.920992421742818124e+01
-1.453965172715799952e+02
2.857562470958295187e+00
3.978130635784169300e+01
-1.515658886770133904e+02
9.957316444063930305e+01
-5.704292575149151645e+01
-2.586478194861220103e+00
2.707255766800331287e+01
1.595472500966607470e+02
4.664993286143920947e+00
5.878102051283170759e+00
-1.344813362217107056e+02
-4.140722684018779631e+01
-1.168637025536261547e+02
-1.762128072654257593e+01
6.791644634399025904e+01
-9.201348395993447582e+01
1.535840423564902579e+01
2.426633473438451460e+01
-3.333361675265526713e+01
-1.148639022550126469e+02
-5.489765610556651865e+01
-2.468459015652146249e+01
-7.044564633434292844e+00
-7.300115106656119224e+01
-1.019496704068254616e+02
6.748093643846283385e+01
1.631115973560666532e+02
-1.438801622955360244e+02
-3.545358016706517645e+01
5.311148383227125436e+01
-6.932550409613943998e+01
-1.362923476689607298e+02
-1.418181302889616120e+02
1.175314651972305171e+02
-2.412121795868188912e+01
-5.294727878137750565e+01
-1.877412350936554830e+01
1.668384048329408031e+01
9.442630226501347579e+01
9.410105691175304798e+01
-1.003526360366815027e+02
-1.398915954227947793e+02
-5.775250700596262732e+01
5.781771571388854625e+01
-3.368523156710541588e+00
-4.281344193182012958e+01
9.130626082750788441e+01
8.201933980919491773e+01
4.376099058621546334e+01
-5.800665698649915925e+01
-1.597036759036660101e+02
-1.225981214921889375e+02
-2.774225741205772700e+00
-2.375541244511575201e+01
-3.052626676819357243e+01
-5.131251067081489481e+01
9.822372218849357850e-01
6.269493434122181696e+01
-1.433857501034366351e+02
1.755480782920131233e+01
1.496974470783721074e+02
1.006158734177769176e+01
-1.420974171785954709e+01
6.837849305736201977e+00
8.652480778537264428e+01
-2.927336217565288834e+01
-7.442064284574206567e+01
-3.695180597865866190e+01
-1.721890652870483862e+01
1.204825599003633130e+01
1.454689795494494149e+02
9.010284884095547397e+01
-6.888589215748286421e-02
4.387784984642352981e+01
8.747057553923230699e+00
-1.706162187797743570e+02
-5.198114905517716267e+01
-6.497274787450162137e+01
-8.398973893501796795e+01
8.876615276037379942e+01
7.212126725175296826e+01
-1.915213421863018937e+02
1.045932069950791288e+02
2.889770703132398921e+01
-5.576100001881493284e+01
6.742208355903174777e+01
-4.045041732936789458e+01
-1.369078866609973133e+01
-6.604106892718496624e+01
-3.679336597955833099e+01
-7.004979495306136528e+01
-1.357515641352777536e+01
4.986365475840753447e+01
-5.343404499884827175e+01
4.385377366567233537e+01
-8.906177014403476733e+01
-2.535489587072229938e+02
-1.143353108108255896e+02
-4.762916828150500237e+01
3.974556911139529092e+01
1.209189529397426242e+02
4.777461861402728971e+01
-3.626320489586746731e+01
2.124073072610520541e+01
-1.264009087592577174e+02
1.087056524351594788e+02
1.001126248667884084e+02
8.166217363709021981e+01
1.707808783563525168e+00
-2.578382032033981375e+01
-1.635736810337002680e+02
-4.547158623637723451e+01
5.568059742423132619e-01
-7.129778877332134357e+01
-7.498134514268647877e+01
-2.065281399033219145e+01
5.780005695575223967e+01
7.865587410735591334e+01
5.799067113034310239e+01
-6.708407944410728874e+01
-6.635438419953442235e+01
4.606741870469779343e+01
-4.704013246583922836e+00
-2.267193054248655670e+01
-1.297284881119895488e+02
-1.281641566029101398e+02
1.386604071563626306e-01
1.548196029037882795e+02
7.854508161780924524e+01
-1.155709104084431829e+02
-8.354907343965366806e+01
3.621564700761950029e+00
1.604824083933378631e+01
-2.518155344526289419e+00
-1.087732659048272268e+02
1.168050778459792483e+01
-1.246262643680571358e+02
-1.239104411643940580e+02
-5.902699908502992798e+01
-2.101456997095949930e+02
-1.144253531759322016e+02
-3.433973489467084761e+01
-9.302799851700071088e+01
-1.408283350042387951e+02
6.711936352399767713e+01
-1.750474165360555787e+02
5.495734426850555820e+01
-1.475807717448140295e+02
-2.146439635937679213e+01
1.745739719717116145e+02
-8.802695048085249141e+01
-3.782003994431650540e+01
5.110590034950006810e+01
4.287989196118150659e+01
-1.088008812893872772e+02
1.469198119085281746e+02
-7.517374019370035398e+01
-5.396548775986520496e-02
8.343487595979246407e+01
-7.944854469866275792e+01
8.296182137849409344e+01
-1.054636434481567306e+02
1.903956141574764729e+02
-9.989138406841675533e+00
-1.636906042896730540e+01
-1.268100857558928141e+01
1.331717994010126915e+01
-8.398003727246194217e+01
-3.034816702852078407e+01
-1.188749000475863227e+02
6.302652625666419084e+01
-2.062780950968646465e+01
-3.412308201843894295e+01
-3.099103310951903367e+01
-4.527835690809636660e+00
3.937390376383714141e+01
1.034969504816562420e+02
4.605602560995838424e+00
8.286612167901957093e+01
-9.288681636060573510e+00
-8.053844146388492220e+01
2.256228129302571261e+01
1.005073219356095038e+01
3.335953480224878120e+01
7.218956981089819180e+01
-1.798737938358885557e+01
-9.440017902612656542e+01
-9.083940948268836735e+01
8.705653453622069549e+01
-1.468984686117346783e+01
5.948478647268258612e+01
1.244628745502989275e+01
-4.255605145638250519e+01
6.393434071023873599e+01
5.426981661852005345e+01
9.360871593815146241e+01
7.272239854099466072e+01
-2.234390339255500635e+01
-5.514298964240279588e+01
-1.574780366271031085e+02
-1.046174292237119801e+02
-1.681469225402246082e+02
3.116028854581902152e+01
4.708227076903926189e+01
5.730166111616872371e+01
-1.931994768762678660e+01
-2.818121825844826134e+01
-6.510703658530013627e+01
6.593833778594888884e+01
-1.063229090933947418e+02
-7.152946056466527125e+01
-5.195764728828025625e+01
3.535842134002466963e+01
2.126239442233228374e+02
8.838605830357675330e-01
-6.601242649993618272e+01
-5.937044557765515407e+01
1.986944216013851161e+01
2.302776790341764368e+01
6.209263529177300001e+01
-1.713320554617234492e+01
-1.513216540551309208e+02
4.451403567203814760e+01
6.020910964442298763e+01
1.598542647285929093e+02
6.689445517824693432e+00
-6.206051461613487419e+01
5.424319597847346408e+00
-3.216591876374052106e+01
-7.770340487444677535e+01
-1.091112747163328294e+02
-5.761907676403458822e+01
-1.048109668452112970e+02
7.138544089749207444e+01
-6.687466255235777624e+01
8.147701010799939070e+01
-5.743513257544274353e+01
5.463471804832256140e+01
2.951788160862871990e+01
-3.569897830777200909e+00
-3.946728973028928777e+01
1.277486109467769637e+01
3.836635528794705152e+01
-5.145524364045129317e+01
2.412907399852626611e+01
-1.989383966034329276e+01
3.729517518901582207e+01
-5.974847196338931354e+01
-6.752428038162254609e+01
-4.458314964177201745e+01
-5.251888899196389815e+01
3.681179811444498284e+01
-1.201614319228150407e+01
-5.355930943896798624e+01
2.689802226003409302e+01
-1.321957147797390917e+02
1.132479266449219892e+02
3.853734991341559635e+01
1.187097868261882212e+02
2.920996992515561175e+01
9.185985130361132178e+01
-1.827015580995550295e+02
-3.423496725002976149e+01
4.571605380876388836e+01
1.355462484151871649e+02
4.250274018815783705e+01
-3.741817057866776963e+01
4.350336358725645880e+01
-5.701611748399746915e+01
-8.563394888810506700e+01
-5.970739261675108622e+01
-7.929252623763813901e-01
-2.151530037099438175e+02
-5.489887847268624910e+01
-2.218159975435439435e+01
1.583466495327805319e+02
6.681219939298226507e+01
-8.459167305721656760e+01
-4.988685598932940835e+00
-2.342252905491020698e+01
-1.410689182279647724e+01
4.976742984867222930e+01
-1.786436509654739382e+02
-8.396770176512254125e+01
4.505946859999355780e+01
-1.148437840909997618e+02
8.561564819504729940e+01
2.714568635298891408e+01
-3.838374814363697141e+01
-1.352816455311038339e+02
1.270143162280447413e+01
-1.981774229649776942e+02
8.131143163634371263e+01
-2.419988186400854246e+01
5.458047656401853942e+01
6.135863341095046763e+01
2.433923707402610148e+01
2.288846464729525394e+02
-6.693673373819645178e+01
-8.703207542395011842e+01
-1.885059987801433294e+02
-1.031043747979751757e+01
1.709428715602781423e+01
1.313704780047874863e+02
6.227938250345423654e+01
8.379768798481690339e+01
-3.290767026131747031e+01
-7.160830792735887940e+01
-1.177755057855390532e+02
-3.764455975069535043e+01
9.373793769451566504e+01
-3.807546487954552816e+01
1.219336940957623341e+02
7.525286811269236864e+01
-2.528817575262229411e+02
-1.966453794073544969e+01
-3.428836405860823078e+01
2.424088730794210278e+00
-1.528120095238958243e+01
2.397203591532372968e+01
1.380643397911995862e+02
-1.440588817593358044e+02
8.304632584526427763e+01
2.036863628908180246e+01
3.811603381722251882e+00
-1.448990472505212779e+02
1.254516439310427387e+02
-6.756483661190119960e+01
-9.520473904333202597e+01
7.965260902001431020e+01
-1.021618002597978858e+01
1.360054025376449260e+02
2.594471523925775003e+01
-7.429726905084777400e+01
-1.321985695345977163e+01
5.384313112041863469e+00
2.106804891076995432e+02
-2.165498772509015879e+01
-1.039657786457661075e+02
9.371377595815399530e+00
-1.948162484227982247e+02
-2.519218176748093541e+01
-2.832934242643714384e+01
4.519524508846495792e+01
-1.840498499166783475e+01
8.088733289459590026e+01
-2.584573705636933028e+01
-8.050083299726679797e+01
-1.069403929066674408e+02
-2.526496484469335613e+01
-1.545147897387986688e+02
-1.061156997086022642e+02
1.541733737360486884e+02
-5.581193008262810906e+01
-6.422909518205705126e+01
2.893177768015387130e+01
-3.091852932997063874e+01
-1.236434848742906212e+01
-1.849492821473992521e+01
-6.537736701361501446e+01
-5.538451126180637374e+01
8.034289803366885963e+01
-2.760208856658550758e+01
-3.353323484445995462e+01
8.281785721034431447e+01
6.318166155798456174e+01
-1.406419182451108796e+01
8.556344059628906962e+01
-2.389017618639688934e+01
-5.143215466936023006e+01
-1.027532763126293247e+01
-1.021209273548811467e+02
-5.736551642876660750e+00
1.357356473536704868e+02
3.446655050939448728e+01
-7.170271038585521239e+01
1.094661694398713081e+02
1.961340228293687176e+02
-5.297603904333786318e+01
5.551999287420020579e+01
-9.730765411209607407e+01
1.715547667099817488e+02
9.436687558883146920e+00
3.091686089339209076e+01
-4.752047455526219011e+01
-9.242060067434950099e+01
9.095621801269601292e+01
3.657512450250228397e+01
1.238761789902121819e+02
-5.561908453614700676e+01
9.324906819276911563e+01
-6.820374003031592736e+01
2.520454844836003971e+01
3.893722349533990723e+01
-4.084816113534945714e+01
-2.322866775358041380e+01
1.441723955118054334e+02
-1.290590905006784510e+02
7.661000200993670717e+01
-6.947918974183181717e+01
1.142231618933865889e+01
-1.036259786823623301e+02
-3.430461181520047198e+00
1.530733873654329216e+02
-7.492530539641015253e+01
1.173159516925700530e+01
-4.797836022544428403e+01
9.670509848145128728e+01
-5.838370015629990206e+01
-4.058657927171580582e+01
6.524588482437635228e+00
4.071745207573523118e+01
2.211407508859304372e-01
-6.510026157418002413e+01
1.216152775140068769e+02
5.516967269993084955e+01
-2.176432597189761964e+01
1.596293039187627301e+02
-8.743135237920705549e+01
8.512593403779804646e+01
5.292295927041904235e+01
-7.452732833369616117e+01
-4.429288824674706859e+01
-9.439037538413924011e+00
3.747034689168067700e+01
-1.191950617965888171e+01
1.591356056823683218e+01
1.292527691164930914e+01
3.217892028364277479e+01
1.033214720107873745e+02
-2.060345090941978441e+01
-1.982918482726798270e+00
7.729729656499070245e+01
1.003180270101255473e+02
-6.057675579628287466e+01
-2.782068278581428444e+01
1.849721616501143160e+02
7.124162672300651700e+00
8.263688133520794565e+01
1.349136301129965965e+00
-5.769653203006784992e+01
1.471541544917401438e+02
2.991119845707498115e+01
1.238228897287809360e+01
-1.136918441234366242e+02
9.331479506396344448e+01
6.581705998492076048e+01
8.518126922463846284e+00
-2.531168171006588636e+02
-9.351839412074610891e+00
-1.092948184428364016e+02
-1.174439248764446475e+01
-1.050692686169910957e+02
-1.538273844176220564e+02
7.796025242856582338e+01
3.166775131749476202e+01
-8.633907807889991659e+01
-2.188342159229364938e+02
6.694218854426597431e+01
5.023926986418646123e+01
3.642097280134405679e+01
4.622067506337296017e+00
4.807564124667958083e+01
3.637871668939123992e+01
4.947837716429585697e+01
1.790856345667198184e+02
3.748205840293600488e+01
1.201924844649351627e+02
2.440133109960850959e+02
-6.272820176435133277e+01
-7.062839586217620536e+01
1.087723024581907794e+01
-2.256983311887750254e+00
-6.357085986932247579e+01
9.924300752965012862e+01
3.334377149908248583e+01
6.735465425436157716e+01
1.156310867217962368e+02
3.476100331663140963e+01
1.065654793007479952e+02
1.759882466707148296e+01
-6.756977808550388431e+01
6.105324296332020673e+00
7.877730702386078576e+01
-1.606310059807826818e+01
-1.264634289663024589e+02
4.847962997639007909e+01
-2.477681152560161593e+02
3.212927898816982974e+01
6.730424395949536631e+01
-1.744104297245160353e+02
-8.091775633698294712e+01
-1.849354691111874445e+02
7.344031396981961279e+01
-5.394736137468877502e+01
-5.152818281110295118e+01
4.896322841174866625e+01
8.637980601209269693e-01
6.585580659252377700e+01
1.366187220537501616e+02
6.890418310962193971e+01
1.005724774288783152e+02
-4.823210654621018278e+01
5.966180214854232666e+00
6.243293301146045593e+01
3.918457203130053301e+01
5.771239622933081392e+01
-9.547461796366411590e+01
-1.961580520198882596e+02
-1.143519824832524989e+02
1.140006365096152052e+02
-6.449878901473692849e+01
1.167411632644484172e+02
-8.159672914443760305e+01
-5.838570353368637456e+01
-1.446099178051629792e+02
5.877605780229330890e+01
4.260145921173444350e+01
-4.467216926767817853e+01
9.280339824185877262e+01
-3.790331896710956272e+01
-1.843357911455813394e+02
1.684476222012633428e+01
-5.867039743842828869e+01
-9.727126278847985930e+01
1.273562745113583361e+02
5.347066397379267499e+01
3.250593589451209198e+01
1.091696907103755194e+02
2.619885018747297423e+01
-5.522403993094332719e+01
-1.292393121546610928e+02
1.756806702521462569e+02
1.513846342412080617e+02
-1.018254479562315993e+02
-6.864509588922737748e+01
-7.399821119491208776e+01
-9.772825921276690053e+01
1.503960919843324291e+02
1.095300564664938037e+02
1.185345692340066250e+02
7.353617073307054852e+01
1.053488837564281653e+02
4.002724859946158453e+00
1.252155108484463568e+02
-6.898425607381743419e+01
2.003112257394707107e+00
8.335526505792265084e+01
4.154401056486217669e+01
5.046169291148300573e+01
-6.492982639789218524e+01
6.132733379581477351e+01
-1.310912389681839159e+02
-1.483972744014755563e+02
-1.513863930459309870e+01
-5.505985495287344378e-01
-2.013555591467904264e+02
-1.625038096917238306e+01
6.710154741744675277e+01
1.094448964953492833e+02
5.111422262918853932e+01
8.251087387682653684e+01
3.723984771334343691e+01
1.551846057825650576e+02
-5.610945455946681903e+01
3.693583741069456750e+01
-4.545250246914016401e+01
1.188912802415237024e+01
-1.549887992667812853e+02
1.614110364337318799e+02
-1.473039231376758664e+02
7.714166265009660606e+01
3.111694074587162362e+01
-4.257677448500725603e+01
-6.512746655425567610e+01
-2.421296970965558870e+01
2.559661575446440196e+01
-2.047112940005969790e+02
1.939049357733937740e+01
-3.329929230679913132e+01
5.765131764750029753e+00
-1.194474315337032095e+02
-8.756915067659809893e+01
-9.154662260366725945e+01
8.261512969543733220e+01
1.033358234144106262e+02
-6.094900909663862620e+01
-3.573398988865667292e+01
-3.555263020289013554e+01
-5.338668257006091267e+01
1.280341190605343016e+01
-1.280127225928406745e+02
1.325203789701039980e+01
7.079832257703979614e+00
1.125411673725985082e+02
3.316121631083723997e+01
2.252220737777278714e+02
-1.229303291306287207e+02
6.717425143539927923e+00
-4.901109685972095065e+01
6.987206016433586342e+01
9.485477432354541349e+01
-2.686239248372875466e+01
-7.528430712511016054e+01
2.298838471532243943e+01
2.104370503936837267e+01
-1.093677421262393779e+02
-1.132835085906057628e+02
9.807397585755923330e+01
-8.670987385712912499e+01
-8.774350158094792107e+01
-7.429821189932476955e+01
2.384483262422876919e+02
1.099416406074086581e+02
8.556829875527857610e+01
-6.805945007480835329e+01
9.111033477356393462e+01
-1.114247962368764178e+02
-8.953101467591504559e+01
-4.639855780692280973e+01
2.029923563268279167e+02
-1.028324765508246230e+02
1.274047438993319759e+01
5.214159647009365273e+01
2.062267179876877776e+02
-1.351640157590956051e+02
-1.167754946951835748e+01
4.728458307315355569e+01
-1.290415982478936883e+02
1.180654497672631322e+02
-4.591163593132554155e+01
-5.989675684786699428e+00
1.432027653258361966e+02
2.811111960548054611e+01
6.415103584875821774e+00
-4.879300452317795589e+01
4.472354319097566133e+01
-2.926875045574562151e+01
1.059698322633658734e+02
-1.133540425324915901e+02
1.412244256463547742e+02
2.655661214199141540e+01
-1.163466183746282070e+02
-9.321535645964712558e+01
-1.189488691100604996e+02
3.085350255204819092e+01
9.299900313227445281e+01
7.172876717807079672e+01
4.148150737587238979e+01
2.476052571522628654e+01
5.861503322349179967e+01
-8.480272970159518309e+01
-6.617069027852791407e+01
3.636790756464690588e+01
-4.943110602259513087e+01
1.369641107908147717e+02
-1.174861287872411708e+02
-2.343050011946997699e+02
-2.336936680543003675e+01
-1.340609694628930981e+02
-6.994612570885396785e+00
-4.230256421009497814e+01
-2.732676537153374330e+00
-1.113567277521315617e+02
-2.739087906279483775e+01
3.596850868192696282e+01
5.296029082761190665e+01
-4.649589534656440648e+00
2.986710681514203003e+01
1.545764932595956154e+01
2.623076441269506631e+02
4.549964347986819746e+01
-5.948952773719651077e+01
1.037290218030845210e+02
1.402678092883801142e+01
-4.094242492479025231e+01
5.019811525629066296e+01
-5.354803842187502738e+01
-1.448754764789335354e+02
-1.131374558639903256e+02
-1.425550792528359807e+02
-8.898725055947207352e+01
-7.830912635469895022e+00
-7.253532595781247494e+01
4.112716521099680023e+01
5.168405521807054726e+01
-1.282908314988947041e+02
1.912227379854411602e+00
-1.533297943742716640e+01
1.834306972475239661e+01
-1.434412760021023985e+02
1.170498152309498892e+02
1.786061973935636615e+02
1.406732985468928803e+02
-5.408272008057432600e+01
-8.365792818906278683e+01
1.418470678405492720e+02
2.843607079258873682e+01
-1.880186921889709950e+01
-1.199194273706358160e+02
-6.777345168441675582e+01
1.622952390564294660e+02
-1.443841942227895743e+02
7.152426432366407028e+01
1.486858497157862473e+02
-6.435398309081290336e+01
1.300117071113936618e+02
5.181428227629799466e+01
-1.120461823782922473e+00
1.871413238830579928e+01
8.202607662067352123e+01
6.336225014616125151e+01
-1.544414012694681659e+01
-3.752731164336786218e+00
-4.373443889621782432e+01
-1.371329312744023810e+01
-1.297808539251538491e+02
-4.282734576632791601e+01
-2.408026976195518287e+01
-7.179599530246406403e+01
-2.113345348222512854e+01
6.388681889129966152e+01
-3.201905387898492705e+01
-3.742658763406964795e+01
-1.319076108153080042e+02
1.937591943474621203e+01
-3.986470609483924932e+01
-1.598595951889533069e+02
1.044193611105830684e+02
-3.490896216502240890e+01
7.642528879061734948e+00
-6.839442357637253167e+01
-7.585702619570336935e+01
-1.407362497777624810e+01
-3.805029312030965372e+01
-4.596124214505869610e+00
-1.194111143332272107e+01
-6.578715294683155435e+01
-4.058531425936413228e+01
1.352123741267488981e+02
-7.279267644299326712e+00
5.518321936741330092e+01
3.581934145909841050e+01
-1.351563585994506766e+01
6.495542958746875684e+01
1.164177242799962784e+02
7.961928853845724063e+01
-7.919520919994964103e+00
3.340508799116719985e+01
-7.903511005424698510e+01
1.146856974332607280e+02
-1.722088724294680162e+01
5.184928709030923066e+00
2.102896046311084532e+01
7.183812641376864860e+01
-4.206502444302437738e+01
2.057416600425026942e+01
-3.932722756923210028e+01
-4.705512362240162361e+01
2.331337349058972208e+01
-8.237122327789062126e+01
-6.248922693756020408e+01
-2.576575636443775963e+01
7.438213894309539853e+01
-1.593470193267218704e+01
3.336674547530385837e+01
1.465630568331229000e+01
-6.306394413784845199e+01
-6.967835041981092381e+00
-2.510986625955396079e+01
7.122996780053075838e+01
3.292971642742505622e+01
-7.377002097014809578e+01
-1.000804703569714178e+02
-1.433399453057460846e+02
-5.528184834882882370e+00
-6.735248647275047063e+01
1.112444164474603241e+02
5.586474600558941717e+01
6.832801439006486532e+01
-1.252473389620635231e+02
-3.538837684847519682e+01
-4.552426368438730009e+01
2.486415834928497404e+01
-1.371291350223396250e+02
-4.374602385047153774e+01
7.207665344646193262e+01
-3.597523863476460804e+00
4.076791475426291100e+01
-9.297673666423996508e+01
7.952233901235906899e+01
-6.344624688034780746e+01
4.721001754243861370e+01
-5.072433347642243184e+00
1.764858871271269152e+02
-4.048719185326598335e+01
2.370513828096022735e+02
8.898632375568074337e+01
-6.143119459511573410e+01
7.841592013277161755e+01
5.426835820777074559e+01
1.077424607799794387e+01
6.795948827887696098e+01
-3.996354549368637876e+00
-3.721582805235070879e+01
-1.204020432021504519e+02
-4.593965131862508855e+01
1.917190357655505650e+01
-4.474284142312721002e+01
-4.852664656559681156e+00
3.890596502111757360e+01
-6.295503109147228571e+01
-5.012358906826043636e+01
1.531730263122823033e+02
-1.917520774453799390e+02
-1.418498713661594763e+02
1.363416252185974145e+02
1.102624688637489925e+02
-1.231605166812087475e+02
-5.139874975231509779e+01
-4.142863870924417569e+01
3.746662249691359392e+01
2.997086086890633538e+01
7.137212258430252199e+00
7.850030078441206172e+01
1.069389724371685872e+02
1.112763201236267818e+01
-1.346069548297114977e+02
-2.752091523850513255e+00
3.991618374440022876e+01
8.289959198243846572e+01
4.545763379182092478e+01
-3.518929146802243224e+00
-3.842599080567377001e+01
8.105216609922594273e+01
-3.058532489771068796e+01
6.236073247697058974e+01
-2.269485442344025827e+01
-1.516117845511481903e+02
-1.109531544395620699e+02
-1.355698525007410282e+01
-6.239162825456583050e+01
-8.335262924250779193e-01
5.481969075897189470e+01
1.873176468226622760e-02
-4.692212657438230394e+01
-1.008411843975845841e+02
-3.557148410417436679e+01
-8.934548913905411283e+00
2.610059554490008793e+01
-2.473167508788093372e+01
-5.504032387896789658e+01
1.368656147401136991e+02
1.662364894193732425e+02
-1.490803622370436301e+02
-2.611196945096657984e+01
6.686912490870625447e+01
-1.723415083484288175e+02
