-5.001647817467500090e+00
-5.670988453145480612e+00
-2.107006481684013277e+00
-8.490967047216699815e-01
-4.947734629146406604e+00
-2.679030878719768971e+00
-6.489022566992010077e+00
-1.712542656387167739e+01
-6.933355955963592443e+00
-8.749532192784863938e+00
2.590330070175253407e+00
-3.495249640777472688e+00
-9.897507792046454256e+00
-6.201242836128373348e+00
6.886227602634336087e+00
-3.146253432900564806e-01
-5.093927330571930590e+00
8.290674686383594505e+00
8.399098788118152470e+00
-1.126068731689784919e+01
-1.563308056091033293e+01
-3.867521874034827167e+00
6.007864240969120750e+00
-3.618275956342930089e-01
-1.005695456305468083e+00
-1.251790141430250891e+01
-8.820637940337382688e+00
-1.868274340748173445e+00
1.234644350969848681e+01
1.753627131392034499e+01
3.745659839368545851e-01
1.524301413290987384e+01
5.245930914677536805e-01
5.850359320052752388e+00
2.684603574076766641e+00
-3.043103296680717218e+00
8.528860479233546954e+00
-6.343622639809961328e+00
-7.044404737840972430e+00
9.067822863302421599e-01
2.185493103433031692e+01
-3.317849571662770281e+00
6.083569357420537393e-01
7.438601891057253113e+00
-3.980235191442598630e+00
1.492498464358684807e+01
-1.766013129956577332e+00
-6.306990784448489318e-02
-6.979511453347646999e+00
1.069000674683137753e+01
4.766798717838505617e+00
7.344825702142016688e+00
2.034320178539655188e+00
-2.437937502494758490e+00
1.069196865458940948e+01
-9.482786558773089070e+00
1.915781532829047507e+01
-1.137846201517315414e+00
-1.039097068305672833e+00
3.636171169252462310e+00
5.575690202419651520e+00
-9.149251516820182673e+00
-6.727765887354827612e+00
1.062639695050837929e+01
1.302794451300724177e+01
1.032603287727830299e+01
7.969730773481535913e+00
-9.210385769932125655e-01
-5.651840144934919152e+00
-5.750315926527121313e+00
-7.021468045880825404e-01
3.400035396995035430e+00
-5.818321867107059120e+00
-1.286541199256129353e+01
-1.379930235089288182e+01
1.310485067098399092e+01
-1.235317735562330554e+01
1.348468903296806687e+00
-4.271630590723759724e+00
4.287307849847588059e+00
3.571616120351715828e+00
-8.696008395066936458e+00
-1.103809835741257039e+01
-1.656761293061867946e+01
-1.330765273376903757e+00
2.662466273346439039e+00
-1.214993938389571326e+01
-5.280089853528036947e+00
-1.178168518106723184e+01
-2.320580010033416851e+00
-9.320006117641318255e+00
-5.241107909245040553e+00
1.715344030627628413e+01
-9.770434229140825266e+00
-5.085275029034186822e+00
-5.345234723972946078e+00
-7.431975740894951166e+00
7.436537195903015984e+00
1.171302774191411267e+01
-8.630812676044577358e+00
-1.353932456745454793e+01
-7.850441085544250797e+00
-6.390766678447559190e-01
1.255910867192572766e+01
-9.758131510024727007e+00
6.121635560997614967e+00
1.912060204221511572e+00
-8.231457522001358385e+00
1.344087207892396485e+01
-9.131418358993629525e+00
-1.792273635334200588e-01
-5.119857492046917535e+00
6.088874966799791899e+00
1.214151815572893511e+01
1.155473255344297812e+01
-3.826363392203181668e+00
6.579380464118036898e+00
-1.194735605393824152e+01
-6.797161381330709240e+00
6.604736720945087569e+00
1.133106075039921201e+01
-7.260485886406865819e-02
-1.376055543660372749e+01
-1.348387392247424721e+01
8.367671328703337963e+00
-3.509309036350193978e+00
-1.057440390926551288e+01
1.194276356179857856e+01
-1.389431180006067024e+01
2.959733925527798348e+01
1.374233258293861404e+01
1.397098104742916291e+00
1.808049033771813541e+01
2.045597888473734116e+01
-5.518638827452603257e-01
6.705255886728068049e+00
4.682759095236312952e+00
1.161003927428248339e+01
-2.209966157056103242e+01
-1.262408906249303575e+00
-3.670680242746047650e+00
-8.903433537788936647e+00
-5.156880676642586536e+00
3.705092513472939775e+00
-9.579548379972026240e+00
1.706954547697173297e+01
-5.395391770129191578e+00
6.431779831503098288e-01
-1.275152203790816507e+01
-7.082714061224945290e+00
-5.972177868997180283e+00
7.217173427227447924e+00
1.048668824550176915e+01
2.816162897143878130e+00
8.600705000488414242e+00
1.017257375919268192e+01
-1.052882833405077356e+01
-5.342675907313373607e+00
3.582065733171087452e+00
-7.429879499814904698e+00
-2.905444042804040894e+00
2.533805563351284373e+00
1.606865384458748158e+00
-8.739788707013433466e+00
2.003092462437931487e-01
-4.399772106684898709e+00
-6.349747116287749904e+00
-4.316908737620004821e+00
5.540946159947589322e+00
1.490793232585229777e+00
-2.693406944303818307e+01
-1.158183232286057596e+01
3.076460324158304172e+00
1.584212057313534139e+01
1.106693330406328712e+01
7.719568162003564105e+00
2.022870758663599489e+01
-5.728316793753812419e+00
6.714242960332185817e+00
6.272791476472075800e+00
1.755130944439437357e+01
-9.094275479153122177e+00
-1.805734887143848555e+00
1.863139302801744890e+01
1.103600425635557380e+00
8.812070206100502290e+00
5.082965117074207839e+00
-1.455559125577924640e+01
-3.184264003900622253e+00
1.581801323447071361e+01
-6.024771695803343263e+00
-5.106968039003022541e-01
3.684479994411478998e+00
-4.914563237784120631e+00
7.806243136557449169e+00
-1.546560006041575441e+01
9.665253450562982351e+00
5.540564024397953702e+00
3.495612339694063930e+00
-1.856121006217233216e+01
-6.275055719424627476e+00
4.724242240563376605e+00
-5.575305796491157651e+00
-2.535335299499157458e+01
3.631722202253703458e+00
3.963419667831439952e+00
4.500349033000452081e+00
-7.619546794085115815e-01
9.063370930600571640e+00
9.822443424974302673e+00
-9.794350015602637072e+00
2.360109635230818181e+00
-4.924744922737930963e+00
7.654004693811000237e+00
2.640087746554244941e-01
1.181905474332941886e+01
-1.868101107324373622e+00
-1.008650596336656990e+00
1.885692166153726035e+00
-4.473037118985002891e+00
1.319063417705487140e+01
-2.932636808992465927e+00
-2.703528896445328300e+01
1.251303844155667555e+01
-1.259484016315887267e+01
2.440118413788569196e+00
2.351640959319846402e+00
-2.476906012669434887e+00
-7.248664614624377833e+00
-4.225037413056748292e+00
-4.934985443189213505e+00
5.231015993201410197e+00
-2.889523649507937275e+00
1.498306126038839503e+00
1.222522071095336393e+01
-1.443029376631271710e+01
-1.898214855758135200e-01
-1.692074197601851071e-01
9.011914809250914260e+00
1.819724521810005102e+00
1.334350070906589103e+01
1.331316836108102031e+01
-1.251920854114665538e+01
-1.593329064386110083e+01
-6.660758653320223210e+00
-5.961590574668864662e+00
-3.256462281100914180e-01
8.111255053072554233e+00
-8.464406441083250243e+00
-1.615473489633662751e+01
-1.177282113978420774e+01
5.359405021910201850e-01
-2.026433585359325562e+01
-2.090094656485726343e+00
-5.633463187555121543e+00
5.762022385732143981e+00
-1.550590133365366086e+01
-1.076518442470997527e+01
-7.404042116331008394e+00
3.582975656058124070e+00
1.295936289400203023e+01
-5.051244454853414112e+00
-1.273433549180622570e-01
7.830151849143962117e+00
1.638013427686940204e+01
9.239090594648615706e+00
1.463593410720527288e+01
-1.268188185844143723e+00
8.907898219105057080e+00
-1.137374621596497448e+01
1.008734028868504673e+01
-7.881432085256762754e+00
-3.275396805280442525e+00
-9.666000181959168103e+00
-1.181636879367122717e+01
-7.551772962052023530e+00
1.630060065603132458e+01
8.740868833006850025e+00
-5.062738269164002602e+00
9.121324360117659680e+00
-1.306562776652755886e+00
-2.640860373572787267e+01
1.329174431642995025e+01
-2.893913815483632579e+00
8.627110288514183267e+00
-9.707690012109448929e+00
2.095741275331376219e+00
1.958029435490490400e+01
1.060548492034765999e+01
-6.892503207001410281e-01
-3.955141260531869207e+00
1.273338737028887557e+01
4.387788616433830668e+00
2.950521183602117681e+00
-2.649049216191352141e+00
-1.227721467977363146e+00
-4.251592609070232953e+00
1.453715882723049013e+01
1.591066331195282846e+00
-3.271583830194461306e+00
8.194328685479780106e+00
5.108414699644879819e-01
-1.477529075347853471e+01
2.905436969475481135e+00
8.436706409805879048e+00
1.065300451514171876e+01
-3.804088407350700862e+00
1.590922840100549518e+00
1.364228348821608705e+01
-6.468921449609741359e+00
2.043078486614320965e+01
7.272888769964661826e+00
-2.841557033994571491e+00
-1.595598077935208892e+01
-2.543344936181015203e+00
7.582664828012060987e+00
-1.296525972151122197e+01
-1.750174041395395363e+01
3.638792039390771116e+00
4.390975905116902389e+00
-1.035139305166154067e+01
1.090971956227262174e+00
-1.113376590566989144e+01
-2.895409753210613779e+00
-8.213134946215635779e+00
2.710940817280253157e+00
-6.655457281456234497e+00
2.774327481513756855e+00
6.310956321735409880e+00
5.327244898654365235e-01
-6.562897803488607629e+00
-3.101111645536765327e+00
1.006807815688836039e+00
-3.624567545217205922e+00
-4.511343299382928329e+00
2.927709500620642835e+00
-5.702374136060482712e+00
2.036021588676810978e+01
-1.450184592370807302e+01
5.826599212989291843e+00
8.199345536940775503e+00
1.717268569714501325e+01
1.879941578520250900e+01
9.382020682317033788e+00
-7.653325799081341252e+00
3.024689583710637564e+00
3.285380665752137830e+00
9.200664318668179575e+00
1.082305870968099804e+01
-1.462377249886522890e+01
-2.190850084242964568e-01
-1.234856563563275600e+01
-7.690398561192748339e+00
6.976144871244036594e+00
1.399319041282478260e+01
4.539438775804411463e+00
-1.301040318824284903e+01
-9.125188653958435481e+00
-2.271956229667400962e+00
-2.173662962753957117e+01
-1.284733851529729520e+01
-1.266171986243729286e+01
-6.934093937718726508e+00
1.827163791622015054e+01
8.909670156245065087e+00
-4.406630534052077830e-01
-1.790569499247393637e+01
3.266255422178805645e+01
-1.237713047068280225e+00
1.262849127901167279e+01
1.410118529126287790e+01
1.231122926936863538e+00
-8.311898026715809351e+00
1.046951706986855335e+01
-4.896147435712830953e-01
5.781291418156109252e+00
-2.375923641009324294e-01
-3.660831328044969357e+00
-9.649668672701550154e-01
7.294718590248957746e+00
-6.563248391377481283e+00
-3.085809598265540998e+01
-1.622384712271652063e+01
-9.699657813033324416e+00
-8.439550547036487771e+00
-1.301012224276820950e+00
1.140148296063614008e+00
2.900547082167786339e+00
1.365445087316496320e+01
8.276866889388124093e+00
1.724631368243264795e+00
2.622570224132172001e+00
3.953776946382082436e+00
-1.063929941749498093e-01
-1.736050966587052002e+01
-1.248387646933090700e+01
-5.989216691162325468e+00
1.661715234582220901e+01
2.367953986887083584e+00
-1.240949226626679058e+00
1.646115008552572689e+01
1.438222568106369437e+01
-7.810960589052315939e+00
8.169941303437306956e+00
-5.697726596959766354e+00
1.658136177576282577e+01
1.003714216487184352e+01
9.044293507267724408e+00
2.246463970600147420e+01
1.542846496508957976e+01
-1.439274585132799267e+01
-3.248703945493521594e+00
8.799044906907372621e+00
-4.524323354849701495e+00
2.167540180780063608e+01
-1.936015816971442760e+01
-9.931745981963919334e+00
5.675791805123138190e+00
-6.914346737678332744e+00
-1.785904695323083713e+00
1.964725413808896803e+01
-1.812432630258426602e+00
9.724934348209567148e+00
-4.002764128285711820e+00
-1.126300666801472872e+01
6.870771108834475172e+00
-7.609221142461097820e-03
1.020221103769071114e+01
-1.350782751207422727e+01
2.571836599621508235e+00
1.495943901588197633e+01
-6.732623126621057885e+00
4.279934179509568004e+00
8.797712139859163116e+00
1.013558252579281138e+01
7.323833393803800718e+00
-7.123860400349173894e+00
1.109115541987556419e+01
5.427352679786603851e+00
3.825695812989453604e+00
-1.674588150896241956e+01
-1.349310698979481593e+01
1.414027275248618665e+01
-1.676695138161368348e+01
1.165881177790106982e+01
3.185285512174826028e+00
-7.467529665303580977e+00
-1.043244580487955275e+01
-1.120006102455608321e+01
-3.887740326963249782e+00
7.496164984962320199e-01
-1.246873056335622287e+01
-3.084301974360439402e-01
-9.980583125991776328e+00
-8.485403104384092288e+00
-1.943695464730352596e+00
-1.587172185631204790e+01
5.001640910992521505e+00
-2.884833970664606895e+00
-5.934209184853019181e+00
-1.902527877117832489e+01
-1.325085510842618852e+01
-7.993357253126112560e+00
7.665530210391319876e+00
1.857942071472029966e+01
-6.903070861731689156e+00
2.162335808270057225e+00
1.505723221822301916e+01
-5.969233377778072835e+00
1.579368746996824591e+01
3.767924655848561954e+00
1.053531137893631353e+01
1.878026506245008997e+00
1.295554496539934775e+01
-3.272239111637587961e+00
4.833729584007003588e+00
-1.847348398082569432e+01
1.218871275178474572e-01
-9.386557430949245884e+00
5.096200718414641173e+00
-7.678919106299243680e+00
2.410742306888327136e+00
3.310912681463218821e+00
-1.229044138268046105e+01
3.883260063710518573e+00
-1.408446211141404980e+01
-2.850357690529476073e+00
-9.238095270610273246e+00
-1.195909402742030103e+01
8.649136877341819130e+00
1.185652568932543183e+01
-7.704129942337992532e+00
4.039144342830024215e+00
-5.301483547566505639e-01
-1.468668213032066205e+01
3.894320114157518997e+00
-5.535937784910879067e+00
1.104540868549745625e+01
-1.486433091944551643e+00
5.296605884259935948e+00
1.041601253719066200e+01
-7.126450667077087964e+00
9.971889370987076617e+00
-4.659147296242529102e+00
1.430945212885217011e+01
8.065482394845480130e+00
7.909984390112902997e-01
-8.580977231566128793e+00
1.541564504263324942e+01
3.705351521278448690e+00
-1.923789935026587372e+01
7.350457887824787484e+00
1.802438267458861176e+01
-9.597085731103755180e+00
-1.130156001762132323e-02
1.291051450516163213e+00
-8.208997530971904766e+00
-3.225404192615888288e+00
1.147379664615987771e+01
1.342792065778811761e+01
1.302323592860831880e+01
-1.018240449717744767e+01
-1.714596514510682468e+01
1.302293782839692149e+01
2.558551038309940129e+00
5.799501633635526510e+00
-8.723774228178665879e+00
5.827342310018528426e-01
9.643176056205203517e-02
-2.001248954823267034e+00
7.064808370233444101e+00
1.575179756969535383e+01
-5.360067177896426394e+00
4.173956539092744666e-01
-2.639526169424930124e+00
-1.364882438048249291e+01
-5.047400101678680695e-01
1.001076819729374101e+01
2.722746852390759287e+01
1.161810434155314153e+00
7.023340131856854462e+00
3.912293966620246533e+00
9.369779633708709810e+00
-1.417540402684553946e+01
6.045161991664205203e-01
5.796188612821641106e-01
1.526702773704966276e+01
7.774089469270890618e+00
7.258806961417328729e+00
-2.091990176241103061e+00
1.290495823536433129e+01
-7.798881147522241264e+00
8.478461006533990485e+00
-1.889211206955000888e+00
-8.796143286300665665e+00
-3.211164249534690374e+00
1.307106380845598181e+01
6.419519639429219771e-01
2.084781583539201222e+01
7.536385653853636235e+00
-2.063459248257745315e+01
5.994011079528057451e+00
4.991032731522635935e+00
4.013815314084983044e+00
1.084265116218545266e+00
-8.490236598787388900e+00
-6.696240770240660112e+00
-1.380029782905844904e+01
-5.292026362659157934e-01
-5.937579458831636181e+00
-1.856867452553590425e+01
6.807627909636309482e+00
-9.090067547474268039e+00
2.420897454830861495e+00
2.768683476358201334e-01
9.296057273766695772e+00
-5.721447977660740314e+00
7.667735459976982249e+00
4.801428689143686923e-01
-1.568342495724837349e+01
6.874052622952079084e+00
-8.737958533898545710e+00
5.689527843854919276e+00
-1.011201686265575894e+01
-7.267026866431027798e+00
6.213747448825891695e+00
2.207065807575129313e+01
-1.310293865387890300e+01
-3.742061290815561048e+00
1.730186098925612725e+01
-5.981343368161402552e+00
-6.509469978634558451e+00
9.247543360511018662e+00
-1.302796245467654046e+01
-1.558114203939384446e+01
1.102739651872631299e+01
7.859951315592315524e+00
1.588277676235140667e+01
3.940008270577825211e+00
1.433411867539935791e+01
8.218696061479855430e+00
-6.680312115104781512e+00
1.518724757050089913e+01
4.979478572610507747e+00
1.097234009239956620e+01
-3.267501166785680144e+00
-2.922571399573573370e+00
-5.781272124496953602e+00
1.718429902519757846e+01
-1.003405058326850785e+00
4.924470192391236623e+00
6.371257577979488218e+00
-2.543542451736262144e+00
-1.600207500625012713e+01
-2.817104888859880418e-01
-8.055465908855797608e+00
-5.143793827187493228e+00
-1.755308060108961499e+01
1.104683560678492960e+01
-1.677613115900547180e+00
-4.621950997224149482e+00
3.100038613562240641e+01
8.569927714234093941e+00
1.476188239850017858e+01
4.872226164041305041e-01
-6.510732866339517422e+00
-2.193950856104229175e+01
1.038795538608608382e+01
-2.399627376029275450e+00
9.177078090481471051e+00
-5.626866687409757262e+00
-1.528870510661316118e+01
1.910903682785412983e+01
1.915519484708525955e+00
-1.037756093292606963e+01
-7.096079964681427654e+00
6.704803596786631736e+00
-4.308346148167284895e+00
-1.903578985870128903e+01
-1.134835776031818888e+01
4.124191076511554144e+00
7.658877358689949455e-01
6.444141633782576872e-02
-6.870968634154108301e+00
2.810609423043242572e+00
1.743662586326995978e+01
-2.032212645920529415e+00
-7.773663021637136072e-01
1.010678685033729884e+01
-1.964206924551378464e+01
5.305047121743119654e+00
-1.060441819365927785e+01
-9.178502181243775482e+00
1.143926726828537710e+01
-3.382051471088049599e+00
6.307630431198820276e+00
-9.024618283557638065e+00
-4.450382592082578803e+00
1.343848935964420566e+00
2.568262791187359007e+00
6.880454981248509405e+00
-1.827024485869480852e+00
-3.320424097161427834e+00
-2.764401349358385218e+00
-1.121395076709525096e+00
3.291487421933076085e+00
1.209915866906061588e+01
1.184243150378228471e+01
-6.741398216149476319e+00
1.229609225711840104e+01
-1.274073125589671918e+01
-1.737775322652895582e+01
-7.653213719636432266e+00
1.360370112470016579e+01
-5.871216578950936515e+00
-1.386812090552739463e+01
2.291132517491433873e+00
-8.467913873457739271e+00
1.071736262996528311e+01
-1.311099847095564108e+01
3.566467130611736813e+00
-1.206451514027818384e+01
4.500532593497795553e+00
5.124933695885302676e+00
1.571644265235306115e+01
7.668611685510204445e+00
-8.092923404379943619e+00
-7.358329636431609977e+00
-1.504570968522713414e+01
1.642383704223257412e+00
1.286436245787018606e+01
-1.587757442124006602e+01
1.318090072300662285e+01
-2.298393393037359012e+00
3.461042575369426277e+00
1.011767988424166198e+01
-1.953806012444615092e+01
5.098174439793611512e+00
-4.416823007063005235e+00
-8.555021823688829130e+00
-3.447420335069041553e+00
-5.686978306817406015e+00
1.555575123741813215e+01
2.074948347858327047e+00
-7.408259084916225312e+00
2.843041620110096801e+01
-1.128060076394478273e+01
1.222530746697461801e+01
-1.811904154827993718e+00
-1.368105978832891267e+01
9.237822713080198866e+00
8.122954481981114583e+00
-1.283470832295968833e+01
1.190770844970402642e+01
7.853779599872399153e+00
2.832453914594965028e+01
-1.859426290842789697e+01
9.393133940868502174e-01
-4.106959844116536473e+00
-6.760221243699729321e+00
6.806774011913534039e+00
1.059464231856767036e+01
-1.057042922680481922e+01
3.056450915302252103e+00
-5.184368517905539875e+00
-5.707445003359748803e+00
-8.914078204124010085e+00
2.976583278174046043e+01
-6.651893572352500783e+00
1.328156196777370468e+01
-6.621914432648876137e+00
-5.232488988766384352e+00
-1.869248446846490452e+01
-2.101960516564438386e+00
2.061651373706653700e+01
-8.771506379223133365e+00
1.852597596198907626e+00
-2.326590916684580534e+01
-2.279910459349202512e+01
-9.301019258501446174e-01
-2.621033312930978187e+00
-5.617820859334080374e+00
2.412763921368686670e+00
1.835374386314592954e+01
-7.517890012999965066e+00
1.112572652418153929e+01
1.449631663123512482e+01
-2.210307282617365487e+01
-4.906591693030468271e+00
-1.219640522196682930e+01
3.746557208045451670e+00
2.078387017838989337e+01
-6.378884589137284067e+00
-2.443913763347728363e+01
-5.199863937606513886e+00
1.817571600082084160e+01
-9.709912562806948699e+00
1.957704096601110066e+01
-9.100989984283881284e+00
5.852311734219840744e+00
1.958401635851366862e+01
-1.537057264719324046e+01
-5.481681718642545498e+00
-1.424882753323220452e+00
2.104938732692902104e+00
-5.864612948331861197e+00
4.839836201393039161e+00
1.191610665422071946e+01
2.080437045799313367e+01
7.036665876295552735e+00
7.272160821637661421e+00
8.212663230442895923e+00
7.609757758201402211e+00
2.883720917285718954e+01
-5.812232657820227466e+00
1.405775288666304945e+01
-1.263673372410368856e+01
9.364856783733639389e+00
2.745743004406675514e+00
-2.601259441966762065e+00
-1.350023696836981912e+01
-1.249280040247727364e+01
2.396976866721011248e-02
-2.842977085365825829e+00
7.164187522160465615e-01
9.074325679283202106e+00
-4.557605519022334128e+00
-1.044451604922435450e+01
-6.982988129414469114e-01
1.435855608213433499e+01
-4.072821938915170747e+00
1.220126838618552156e+01
-1.163106971904072751e+01
3.868063211671310953e+00
9.947027182995697103e+00
-3.532796532056535987e+00
1.225600379751799629e+01
4.704084032746047583e+00
2.906412180541841472e+00
1.054597899027967500e+01
-6.480021899050314005e+00
6.661075280929828146e+00
-2.271923539801377068e+00
7.645860513185817275e+00
4.053747880421654237e+00
-1.736720126627310012e+00
5.798509207067045423e+00
-4.250210656419002753e+00
-3.374739784379553242e+00
-1.013800981151313962e+01
-1.408608724937737122e+01
-1.106571734969373111e+00
1.475953982879114967e+01
-1.792548998657363413e+01
8.688453783145172693e+00
-1.091339984555642850e+01
1.707056450927348479e+01
-6.958858729063623905e+00
-1.023249142914055376e+01
-1.727437427892990840e+01
3.512447972963132159e+00
-1.844484822596264806e+01
-6.621471287185511478e+00
6.305016074961729444e+00
3.846386264526186149e+00
6.889347671554658881e+00
-3.080277420859066861e+00
1.377937106707294967e+00
-6.540144699062090616e+00
9.680756398741012347e+00
-9.441039788401866417e+00
-1.090755331099961589e+00
-5.487565072861430027e-01
-8.095652283924168913e+00
4.465060229856049112e+00
-1.603492468455362996e+01
-1.965861270518723103e+01
2.929232178443158308e+00
1.208734773642954252e+01
1.248405430863677523e+01
-4.883042307961767414e-01
-7.299721255599857628e+00
-4.708202846349568205e+00
3.925777145536590407e+00
1.540809900688613610e+01
4.643607425198660543e+00
-1.253063746560660441e+00
-1.830722143089973031e+01
-1.117536720855285992e+01
-7.202661315664437680e+00
-2.359385683682686974e+00
-2.684911168224170197e+00
-1.619827196895163723e+01
-1.405541037227507140e+01
-9.374558880580463605e-01
-8.669146693924213720e-02
-2.120694456322748067e+01
1.187856315928696915e+01
-5.515380548059973798e+00
3.885789749351577615e+00
6.922285872966166487e+00
-2.077559245638158458e+01
1.297077017015920575e+01
-1.367516312790148092e+01
-3.249082441951572919e-01
-2.084652277498628248e+00
-2.371501253993612579e+01
6.022950103441768732e+00
8.906258599609511606e+00
-1.191338855302135613e+01
-3.180046014724730696e+00
1.106793996422146265e+01
-1.297494083182528968e+01
-1.222196169609237870e+01
5.555477525459974864e+00
-1.385687199991817486e+01
-7.178239151041747590e+00
8.881785844554941356e-01
-8.061133280387263511e+00
3.495688651014693615e+00
2.850773021683434383e+00
-9.323174305227439618e+00
5.000224964492613999e+00
1.084657038692449404e+01
-3.277714086344589273e+00
1.291539842783429215e+01
-7.757102733379376502e+00
-1.441747884168106708e+01
2.226129385092916380e+01
9.127238959024316145e+00
-1.839109412502482499e+01
-4.671290734794960819e+00
-1.363476677736430887e+01
-1.762923335570368266e+01
-2.935037664821078085e+00
-1.304665387738263682e+01
5.982253611432908791e+00
6.925389905921702116e+00
1.649815762457265578e+00
4.867386049846774476e+00
2.477204772195358728e+00
-4.688601184484133100e+00
1.047010502232656043e-01
7.366398700464735327e+00
2.491427559682451687e+01
2.367794395626597037e+01
3.498012144683232627e+00
-9.546502518068169962e+00
-1.959118990264032023e+00
-2.715618469875424434e+00
-3.067074193635555446e+00
-1.781375799590777831e+01
7.304505837176090033e+00
1.967379244058789611e+00
5.573938993323612756e+00
-1.256926682970647313e+01
-1.116278054741286718e+00
-2.134398993203920725e+01
-1.364951335966089196e+01
-8.763825698222586169e+00
1.444835405702990982e+01
4.019776986048528400e+00
1.357990484792945374e+01
1.710188971718019957e+01
4.647750842740433264e+00
5.362553679738117474e+00
-1.113024647141807222e+01
1.539986340995422331e+01
-1.435621162627339409e+01
1.199873660917311291e+01
-1.074513805492222396e+01
-1.828666366675378896e+01
-4.620009900796476998e+00
-3.022242201611452739e+00
8.994249341099679995e+00
-1.345211297998718614e+01
5.841112315491680640e+00
-5.621922943284150875e+00
-4.973688500187244621e+00
-9.877547695145076911e-01
3.040214667657082703e+00
-5.205235060328784691e+00
2.018108860735202725e+01
1.147112730752514231e+01
-2.971185173562392201e+00
1.480926348562632100e+01
-9.124739801759199409e+00
-8.641635062760510966e-01
2.125926423380449748e+01
-1.712586161303326637e+00
-3.590845925892248158e-01
-1.232266284991639793e+01
2.564726977974337019e-01
5.559736124539464086e+00
1.126542862868729422e+01
5.592416212158640931e+00
-1.319971694529599660e+01
4.651319076222224069e+00
-1.695564341842583866e+00
8.844213930327153861e+00
-9.943516555011997937e+00
7.788729860687485740e+00
-1.490681084792409239e+00
-1.376363592926095558e+00
1.012768198715647294e+01
5.614408748494373214e+00
6.229675407913546792e+00
8.703087696285530583e+00
6.697675379878588409e+00
-9.063621217469048474e+00
1.040438076320357652e+01
-2.196100686995599816e+01
1.549448002435617200e+00
-4.729788516031388390e+00
1.010252037827421390e+01
-1.918918639495864387e+00
2.823084365759793268e+00
-1.341386998689673327e+01
-1.570324334270963540e+01
1.217641362088500934e+01
-2.664970019918556687e+01
-4.999585727692426929e+00
-3.719236245792806983e+00
-1.092302198238537336e+01
1.989820577664238588e+00
-3.173376895127925756e+00
3.594789324235361239e+00
-2.908580537055232895e+00
7.397936533768603162e+00
9.617099661698070179e+00
-6.334345436198390189e+00
-4.503387287332907274e-01
1.471427419598919961e+01
-6.239478156670582587e-01
-9.551188782038302350e+00
7.215723502221883301e+00
-4.686497046042183146e-02
-1.023474998865898478e+01
9.294246729788678607e+00
-1.789132219772745813e+01
-7.833174677898063543e+00
