-4.443324496540498325e-01
4.333870892896533711e+00
-1.714574512021756547e+01
3.963638034373917929e+00
6.191638236835878217e+00
-3.096324090580522714e+00
-1.999911750496598861e+00
-2.952539112366612528e+01
8.463730000786068075e+00
2.101006337531476120e+01
1.096276196793293067e+01
7.982620007570226939e+00
1.901307997919899240e+00
2.967001400366495290e+01
9.983109201872576222e+00
-2.225905671465861491e-01
-1.147629958266805694e+01
-5.715558318283269656e+00
8.068474938277750752e+00
-1.376107704363081297e+01
8.859584736845093289e+00
-1.625563097378694621e+01
1.046863582738994936e+01
-4.386684289383617208e-01
-1.274869184510632891e+01
-1.925679477407813422e+01
-5.645642373095136612e+00
-6.716844336248237290e+00
5.232192452287181439e+00
-1.190437523874749992e+01
-4.783900640819321870e-01
1.236080620853325485e+01
7.809783542950602175e+00
-1.364247569065105736e+01
6.610497152278337119e+00
1.174291418582751234e+01
1.358860290026252748e+00
-9.440141174734305807e+00
-2.404556807369205629e+01
8.275380144121426973e-01
-1.812570112230747599e+00
-1.130218543746270399e+00
-4.272049856193425477e+00
-1.851351023274136476e-01
-7.039692897811926642e-01
-1.616878365875039592e+01
-1.687014027148040185e+01
1.241004024729428146e+01
-7.027842490334311520e+00
-1.926240722854900866e+01
-2.679593771331067575e+00
-1.363177982640716213e+00
4.575611545379890677e-01
-1.554418673965717090e+01
-4.954255494647085811e+00
1.302771137569118309e+01
-4.751736500341256608e+00
-2.950317948261368883e+01
3.912842742777498106e+00
-2.282110772049612635e+01
-1.367846607623042665e+01
1.833063137823986999e+00
1.023635994775015057e+01
4.168061900437829426e-01
-1.287080566688292826e+01
1.552955751935936668e+01
6.948228939472865129e+00
-1.010380278150921640e+01
-9.038589250283530774e+00
-2.620015045437345425e+00
-1.209178579899796269e+01
-2.458792869860517705e+00
1.580129327196495792e+00
-7.337856926846467509e+00
5.994924726944057092e+00
7.379624137045102117e-01
1.972867296043138907e+01
-2.063508975138830803e-01
9.325512542343307842e+00
4.151865181352006218e+00
-8.259832745557680767e+00
6.047165163724590897e+00
3.824283317778628621e+00
7.444212144058485414e+00
1.989522929625504943e+01
6.767983944877645541e+00
5.698344118974493000e+00
4.691779881724234436e+00
-1.097787689236388964e+01
-4.379288256186821826e+00
-8.919676048682031677e+00
-1.725735880092192431e+01
3.740937280101798823e+00
-2.338940674334360814e+00
1.663462115505694072e+01
4.529280548674659457e+00
7.337601407159446865e+00
4.671219046189460933e-01
-1.739833938125007862e+01
-3.199939321116665347e+00
6.979913544380518253e+00
5.132698798881345503e+00
-1.626682102000886587e+01
9.145414537736656913e-01
4.285089310351977154e+00
-6.594650282550507114e+00
-2.318554288464608870e+00
-1.591211142929128908e+00
-3.174382137301820173e+00
4.908184375625956442e+00
-1.305690934251611957e+01
-1.148885105335713597e+01
-2.909296473317476206e+00
-8.477315069209807596e-01
4.742552269628179218e+00
2.436397266887908586e+01
7.044113553194462085e+00
-8.374016929587279279e+00
1.129401687849189928e+00
4.154821311899363323e+00
1.068752045105080128e+01
1.311226547597061121e+01
-8.024622128022739886e+00
4.583432863719675510e+00
-1.674964151186797068e+01
3.124435383960725288e-01
4.323521905376682462e+00
-1.342528442699599367e+00
5.298584866991954634e+00
-1.061531545369690122e+01
-9.289547459000706553e+00
1.472885393538497034e+01
-5.371867949477914905e+00
8.686616684279945488e+00
1.015273438424835106e+01
-2.581099178657914717e+00
3.909102457152502819e+00
5.366735464783491061e+00
5.323260904451962539e+00
-1.468046621267636453e+01
-2.062849997117282008e+00
-9.760485544962180793e-01
4.730997840985583736e+00
-1.278337628456801545e+00
-1.129404378707097034e-01
-1.742293992401399905e+01
-1.367181850192695158e+01
-1.667061718297941297e+01
-8.543868638593696829e+00
2.090417229187325177e+01
1.296339680190631682e+01
-3.414178196483166339e+00
5.969473172194662780e+00
3.219890173886252427e+00
3.916122123146141387e+00
1.183923141621701758e+00
-1.394300008523561907e+01
-1.498471830829402052e+01
3.070476249322008133e+00
-1.262642818000982103e+01
1.161840474250467992e+01
-5.204045012506945511e+00
-5.676191427378342702e+00
1.457718349281992865e+01
-6.143270741649561884e-02
-4.117356857922343849e+00
3.386310031954046895e+00
3.709101944554272112e+00
2.387754728043724128e+00
1.638182925274049406e+00
3.026803764170205024e+00
2.364491328410250759e+01
3.453483659296563424e+00
-1.311944843077594403e+00
4.420485098864070928e+00
3.415196368167826790e+00
1.385215814697084324e+00
5.405972092550248576e+00
-8.703284968564036106e+00
9.961445811784038540e+00
6.038627560502543012e+00
1.561953832773106043e+01
8.223910782626871807e+00
5.116199494114554991e-01
-7.182682923184784407e+00
4.041460030227298716e+00
1.745419669716870903e+00
-7.195428994736114525e+00
-8.137346946813362791e+00
-1.210122696279104959e+00
-1.122744952977597421e+01
7.528423589187888787e+00
-1.121694619089227452e+01
-3.930451521540605508e+00
1.131040527249579242e+01
-5.678029558290989876e+00
-8.616559611283284070e+00
1.269401237368583457e+00
-1.094278852239301969e+01
-1.162375472087293637e+01
-4.956272083722079280e+00
-6.221373697975933759e-01
-6.767691011189795880e+00
6.714021554736746999e+00
1.895954654925557037e+01
2.387984616299327345e-01
9.775584931460286953e+00
-1.395966745631849548e+01
-1.122692536536191454e+01
6.639507015950938396e+00
5.573190329547480282e+00
-1.612048121099230125e+00
2.876287937448604115e+00
-8.057856947577331397e+00
1.707825199207389133e+01
-5.862728275643049436e+00
-7.235119636020735712e+00
1.072674268774027695e+01
-8.920318586941480277e+00
1.098662263471061173e+01
-7.324357459182025742e+00
4.952636275547567024e+00
1.197770834000840878e+01
-1.872496465935732601e+00
-2.994936333611545987e+00
-3.774055766728628303e+00
-1.389020185118396356e+01
1.025451941002943013e+00
4.856414947859595266e+00
1.022067844833361683e+01
9.059727004934632788e+00
-2.417129674499411962e+01
-9.502797345621017300e+00
-8.440990575055472789e+00
-1.253453537736996459e+01
-5.306848172592354196e+00
-8.394867252781125444e+00
1.020803134522102473e+00
-6.160705800380570807e+00
-5.212629657447574338e+00
1.015943807898721657e-01
-1.047091217114242667e+01
1.547592239108784007e+01
-2.712408322149569617e+00
3.063443062351516755e+00
-2.255058760349026770e+01
-5.145212650062542359e+00
-2.714877220114751744e+00
1.185637401617781972e+00
-6.306334697784955701e+00
-6.114549581983383497e+00
1.153260256468157685e+01
4.786540916992111150e+00
-2.462797086696901783e+00
-1.392494085035464657e+01
-1.898714571814223007e+01
8.460482056634379688e+00
-1.892038585628835534e+00
-3.327614725598221579e+00
1.293656120750186744e+01
-2.656515562274438302e+00
-9.974138577153215834e+00
6.188296992739299895e+00
1.460099780574342354e+01
6.660143038102027013e+00
-4.761050563400385904e+00
3.404197734613363835e+00
-1.291746320045569663e+00
6.680074798571044248e+00
1.212573294701747528e+01
-1.247175806173572016e-01
3.116425613773354808e+00
7.831129614600044420e+00
-1.337793564684067071e+01
3.190952165786313244e-01
1.969780949975250550e+00
-3.268485223044414134e+00
-8.890789988281298406e+00
-1.535184960409647204e+01
9.502010664944453566e+00
-2.961524644572784415e-01
-2.820699524341549580e+00
9.616746799538340440e+00
-1.152506485717833584e+01
4.359513889495700290e-01
1.932519449955688806e+00
-8.185680784550713796e+00
1.550124416223013668e+00
1.431842552798444501e+01
3.249528327190130295e+00
-7.111680760311100968e+00
6.516251139245802015e+00
-1.095575725396796685e+01
-6.003026657364073593e+00
-3.112805595661817915e+00
-6.494908839557963498e-01
-4.904308452203344437e+00
8.919177976678217545e-01
1.442578172634589073e+01
-4.548071761486630393e+00
2.591386141062979931e+00
5.484282493169104100e+00
9.433727664678453806e+00
-9.017449460103669878e+00
-1.686418349309334985e+01
5.949946871329873765e+00
1.719338193459730135e+01
-1.782733179968149395e+00
7.957567099902343344e+00
-1.347188689889233082e+01
-2.845159536769445108e+00
4.354171011584427653e+00
-7.591331572516803128e+00
-3.130079250178987582e+00
7.641197756949964948e+00
1.655918396802229253e+01
1.347888985522268612e+01
-5.070561702116098246e+00
-2.154050200831182948e+01
-4.761141412605108592e+00
-5.073792694647932144e+00
-7.678706450042667164e+00
1.066668253343954653e+01
-5.618343544414463153e+00
5.333272177994397012e+00
8.658254408157846527e+00
-4.678139775282732060e+00
-3.235099676350968512e+00
-1.142192855499908966e+01
9.969218293627370997e-01
-2.151154594919306273e+00
-2.004820970711320882e+01
8.658024320176739508e+00
9.585564360326829458e+00
-8.431519645529652607e-01
1.986834090396937924e+00
-1.137860881402822955e+01
2.310356371874237880e+01
-1.794817012674831291e+00
-5.442951850450963747e+00
-3.711917179364775610e+00
-7.098410790971862561e+00
3.852327936841084099e+00
1.060750188827475426e+01
-8.343964174796143496e+00
-4.150094454092346119e+00
3.145421895482716668e+00
-1.779154474451261514e+00
7.409868501578932509e+00
1.120742820623571490e+01
-1.472483845440192063e+01
7.452992844100361225e+00
-9.911409359998106794e+00
2.107554301861198454e+01
1.455401141935226939e+01
4.127016091226377803e+00
2.160539958893511781e+01
7.135736637889569245e+00
-5.034806451477185085e-01
4.863334725306550865e+00
1.511325060713310897e+01
1.184474842584992693e+01
-5.503855652616838512e+00
-2.058160569871833268e+00
-8.298887367738300824e+00
2.880724590767384186e+00
-1.139360931342653149e+00
1.469685871340785432e+00
-3.858111460123190728e+00
-8.377438654480091174e+00
-1.294176717333880688e+01
5.651898435315589886e+00
-1.360113100763621752e+01
-1.045221879736816994e+01
-5.645820362391953395e+00
-1.300434623282504809e-01
-2.842893038634109804e+00
-2.167007613894111895e+00
-8.062835379730117324e+00
-8.458158165726644029e+00
-4.458217637937784694e+00
-3.537900700014809718e+00
2.131956803511215082e+00
-7.420695106701844512e-01
2.292571502249529658e+00
2.050421413749989874e+00
-4.309793129551451329e+00
9.055048909851052485e+00
-1.347244719959012116e+01
3.306618978698052658e+00
-1.825855510927990588e+00
-1.753812583529663982e+01
-1.163979120494854413e+01
-7.022427871216543771e+00
-8.965515506647250277e-01
1.085696511766319006e+01
-2.019486865796013220e+01
1.717804710172033822e+01
9.388262607409394889e+00
2.102737087983742370e+01
-1.470212765404862232e+01
3.869388383368498108e+00
2.855462192165647561e+00
-7.573257507653661236e+00
-3.510326126307237171e+00
2.677054794759651912e+00
-7.604862368654385030e+00
-7.354827388137084476e+00
1.617448709782520311e+01
1.665119070066290519e+01
6.755343578049083142e+00
7.803550568747811056e+00
-7.371832197833395384e+00
1.279548579128240959e+01
1.980830397954953526e+01
1.394755856052674936e+01
-3.398838987630551145e+00
-6.367956304136936474e+00
1.943519545085707634e+01
1.040746494014368118e+01
2.088324523481499106e+00
1.325720964318105999e+01
5.123130084820884278e+00
6.562208925275428761e+00
-7.758434922572434722e+00
1.767384528527952625e+01
-2.070069133962850927e+01
1.955250362620219562e+00
5.190344727467658181e+00
-1.381358553179562065e+01
1.433688655032694292e+01
-2.033129499783530036e+01
7.034398005128909226e+00
1.026501309092603265e+01
1.363872044344666135e+00
3.828076176056415036e+00
1.146683222576344008e+01
2.848627166049232162e+00
-1.562623290117085784e+00
-7.408728974905687714e+00
-5.013763827494198466e+00
-2.906895105652851363e+00
1.472046298865988767e+01
2.140154023503022884e+01
3.215789893813683964e+00
1.495468279488698293e+01
-1.291283310176069321e+01
-6.585701145279926116e+00
4.212841584441383347e+00
3.375349818653205158e+00
-4.270776554541038550e+00
-4.541598439847662760e+00
1.487510834406389648e+01
-4.409678627518197835e+00
3.161577773171822425e+00
-1.346075784352833971e+01
5.751030916777550850e-01
6.866111713293624241e+00
-1.165514392959842027e+01
1.016830764308616963e+01
-6.352157567490056778e+00
-8.019423543413886080e+00
9.222473031880083383e+00
-1.662486376234844343e+01
3.479782899605992519e+00
7.655068206035166689e+00
-2.366283803582717837e+00
-2.184549592860908973e+01
1.210953014533788341e+01
1.696380370103420532e+01
-6.938475841863397386e-01
1.656681444607867704e+00
-4.109017801807827164e-01
3.644400843077725050e+00
2.165171869497456569e+01
3.847914596094005990e+00
-2.853639313386677312e+00
-3.184655854292353983e+00
1.215066528139741919e+00
-2.203831699530435628e+01
-1.528300355759501628e+01
-1.141002639147927766e+01
-1.364559137655809806e+01
-1.581539853057837419e+01
-3.615075270725559786e+00
-1.713302764888844010e+01
9.009022143797324134e+00
6.617385337472366125e+00
5.841901626103614298e+00
-3.391147820722716233e+01
1.093630200749547932e+01
-5.041396041435986852e+00
1.940630928967764035e+01
3.584657009210937773e+00
1.906651350015803814e+01
-1.962161448814172005e+01
2.178839724621139062e+00
-1.202984249968489960e+00
-3.457953042062241522e+00
3.857523030187971713e+00
3.321204823210132329e+00
-3.358001338534334135e+00
-1.957948932501390127e+00
-2.103276465963225927e+00
1.473050158915411023e+00
-1.256820092849051740e+01
1.155359091190595322e+01
3.238275324289916313e+01
2.146989128439248162e+01
2.604217940172505408e+01
-1.994876421233788122e+01
-4.777475986454216894e+00
3.456897621199428894e+00
3.980212561926808057e+00
-3.526118638803573901e+00
-7.830434339803051813e+00
-8.573233770201344583e+00
3.046688147104777755e+00
-7.522793954275693196e+00
-4.101130540607228703e+00
-1.546880047478751941e+01
1.891800380061243203e+01
-6.297238708678869479e+00
-1.195550852151666810e+01
5.276669693930405636e+00
8.716569511860805974e+00
2.254748748431839545e+01
1.209330547302918291e+01
-5.540309717457918559e+00
7.976569156837232555e+00
1.564327970480763774e+00
7.903885099079894339e+00
-6.155928487837905583e-02
-1.371659035657282466e+01
2.036258094220652737e+00
3.004110710433957721e+00
-2.559139967176081853e+01
-1.039027520876724786e+01
8.465934609870938488e+00
1.554414412851382998e+01
5.866036645758152090e+00
4.754096608019462877e+00
1.232693818637977889e+00
3.743853971690127125e+00
-8.245512962438736881e-01
1.078785509326055214e+00
-4.447504127784436712e+00
-9.327855499196489930e+00
2.058162048625219498e+01
-2.813505359116461157e+00
7.979959993838030563e+00
-2.065237277121755710e+01
6.887401360041315534e+00
-1.724080808485447491e+01
-5.983293106127914207e+00
-5.264993521019198042e+00
1.764241069944511020e+00
1.572381038808293674e+01
-9.145478512874031907e+00
-1.394485756167809321e+01
1.850642009941289245e+01
-5.163214007188101640e+00
8.215433134682198713e+00
1.190177995140470735e+01
-1.017704127792782209e+01
-3.422959508345595037e+00
2.163860408328132312e+00
-4.096375920175356455e+00
2.828627465999011648e+01
5.068031152899182601e+00
2.000383999608227370e+01
1.769665923980721800e+01
5.690989445672011371e+00
8.853582620162390171e+00
1.691051706311075487e+00
-1.098776320664830486e+01
-3.719168885258364310e-01
4.089680832822046419e+00
-1.712684720549344508e+00
-5.970946155628854335e+00
-1.306395807474178561e+01
-1.704883370093712358e+01
-1.284484821172149349e-01
8.642436713612212884e+00
7.682924793284376719e+00
3.769150764486028038e+00
1.363444395640979501e+01
2.126635808619426626e+01
-7.016525903556548371e+00
-9.097021639232446333e+00
-1.545192754337486463e+01
2.467250824262176678e+00
-4.738572835128549876e+00
-5.293321284696108187e+00
-1.171359062553017871e+01
4.260412828420328424e+00
-1.412019962808227902e+01
2.833069930039608941e+00
-4.882517140919578891e-01
-1.841439221556815298e+01
-3.156152650413147853e+00
1.021204599111844402e+01
6.104925896171309319e+00
-1.558782263222639575e+00
-1.122330259816042819e+01
-1.992651632514673699e+00
9.427220622026175612e-01
-9.017376659524456883e+00
-8.911553418063627774e+00
4.711771966193919248e+00
7.209021036676179328e+00
2.707190196096847856e+01
-1.033947963624679822e+01
3.314963817354440234e+00
3.686144577523022825e+00
-1.787895274168248960e+01
2.135604413280613567e+00
-9.527650686183267936e+00
-4.128407843851805481e+00
3.287291488350720048e+00
1.986804991700832357e+00
-1.087767588803670193e+00
1.868277710279309334e+00
-1.900302838776437397e+01
-1.995470539582553471e+01
7.558781851616528380e-01
-5.852426172259188597e+00
-3.618058448130748173e-01
-2.080623574371123663e+00
9.625584542555754908e+00
5.345736857577568557e+00
-2.197034385210240526e+00
-4.496867922114324401e+00
-3.176764885335904065e+00
2.865843739297953885e+00
-1.021423656976197947e+01
5.381801900425933205e+00
-1.145517222580972189e-01
2.733220691058454221e+00
-1.222757669249349988e+01
5.357481396307355037e-02
6.650251789652977585e+00
-6.905369479798971533e+00
1.769021664700940732e+01
-9.487940439905202084e+00
4.228694300733297773e+00
-6.186861370287133788e+00
2.011112621997725469e+01
-7.355175667200552603e+00
1.771964222716432502e+01
4.710046024006504517e+00
1.077904733704767359e+01
-1.331382241399147759e+01
-7.518533614469988358e+00
-7.922342518372096798e+00
-9.146762634275112935e-01
-1.467125500943404104e+00
5.833293169025210112e+00
4.201377461793730284e+00
-2.331451240406346326e+00
1.894759199751955281e+00
-3.709059790782216481e+00
2.834171741287158763e+00
1.136306899313964891e+01
-1.747724302713459688e+00
6.703865041161043870e+00
-6.450242528432137412e-01
6.524442213332000584e+00
-6.485082527321967660e+00
2.109900489532710210e+01
7.827552334748649088e+00
-5.647383123431456653e+00
7.558852057256529200e+00
6.676732977556912196e+00
-7.593345724554145804e+00
8.714071494189735034e+00
1.871789319043483246e+01
6.243381537547527671e+00
-1.250613009919465668e+01
9.241118828232272264e+00
1.356685413451455657e+00
-2.268011322208892899e+00
-6.510740910298143724e+00
-1.554199009593435044e+00
1.679402756271889530e+01
-1.241671170802872659e+01
2.087618952467382716e+00
6.257943850458202562e+00
8.103704918017571757e+00
-2.196716272466445741e+00
1.708565130243527364e+01
2.100306183449129449e+01
-3.758330680854727213e+00
-3.445059337296924706e+00
5.083698114698865789e-01
1.688060219233875259e+01
7.167275530646783466e+00
3.781170138621264609e+00
-2.935874471175070255e+01
7.810209762144864065e+00
1.380050805816666326e+01
1.020373205575715980e+00
-9.136691566892464422e+00
-1.425711936526830392e+01
8.078450854554603211e+00
-1.389976250300690452e+01
2.239733075953947328e+00
-1.008094992575531279e+01
-3.151521873588202016e+00
1.710927815986239864e+01
1.539714957370788717e+01
1.239841625531837410e+00
5.703440040692973056e+00
1.737338749683215866e+01
-2.072586577640610628e+01
1.257514425902724042e+01
-1.104057191798150939e+01
4.622360818026222340e+00
-1.675373069541151949e+01
1.234063005260301793e+01
-3.991147414365092683e+00
3.113782161488434230e-01
-5.649942603128856433e+00
5.099905182780030799e+00
-2.761446322515340945e+00
1.672754114636926914e+01
-8.632176469655624018e+00
4.557815762990703234e+00
-5.293162757495532666e+00
-9.463477157021634056e+00
-1.604698708471164892e+01
-4.559688681860129655e+00
9.792071374847358456e+00
2.775229102317727570e+00
4.306831046300166332e-02
-8.279529415885775734e+00
-1.210822744251456307e+01
7.432270049436038306e-01
4.985480877090774143e+00
-1.740096070771517134e+01
7.072600423345839715e+00
3.003992415532205751e+00
-8.861431261638259116e+00
-2.777978492832770741e+01
1.139441372326149526e+01
-3.247460665512324152e+00
-1.190870642046487049e+01
-2.782773512261877524e+00
9.787574853015200915e+00
-1.003895280524066180e+01
-5.975754680792838336e+00
-1.281488740013443994e+01
9.751086217149499191e+00
5.575007514878596027e+00
-2.620415380887382639e+01
3.034073933591271643e+00
2.515755440469938709e+00
4.277274953327310669e+00
3.127936353351018273e+00
-5.760766804879448699e+00
-1.190765622073128505e+01
6.278862502714443572e+00
-1.633426977090893573e+01
-1.044394841581433298e+01
1.175756201036837822e+01
-3.668660505880789291e+00
2.499426835835564020e+00
4.560875200136480068e+00
-1.128793816911257020e+00
1.030130456593878208e+01
-3.486912783331865828e+00
-6.243661380471968947e+00
1.490504294806566143e+01
-2.221334218998286403e+01
1.368786867714513988e+01
3.825883652097640031e+00
-9.193355472988489652e+00
6.059325873088987180e+00
-1.818574954405337962e+01
8.650215942423747251e+00
8.731548973904766697e+00
-6.588511311796104053e+00
-6.201164581096686668e+00
1.672897820333944097e+01
1.159900168864651704e+01
1.651852884111873010e+01
1.120955653230148563e+01
-3.169138913078862974e+00
-1.032434000750426684e+01
-1.732162916811825770e+00
-1.295749206728939029e+01
-3.011275330532804162e+00
-2.420595818049054770e+01
-4.676953150244790969e+00
3.260349384944381868e+00
3.125593293436541131e+00
-5.001813908704018985e+00
-8.864160248513398344e+00
6.231852947771117535e+00
1.914228241680307008e+01
7.931150215018952565e+00
-6.664158388774462871e+00
1.180129540365431140e+01
9.688988040401564916e+00
2.374595266053070830e+01
-5.699296496213384522e+00
2.883038076388646953e+00
1.639532077542359412e-01
-1.333509581977167358e+01
8.456369490063175842e-01
9.905280192168046227e+00
6.598358018184551810e+00
-1.676264156703560815e+01
3.089772074173371963e-01
8.364850680725348653e+00
-2.366708609659751605e+00
2.115530318946658284e+01
2.060774200218100205e+01
-9.305172917442344982e+00
-2.628644476421493348e+00
-6.177004699062681681e+00
-1.044842250463645073e+01
-2.049168334570023120e+01
-3.040216589817492210e+00
2.261244126389560183e+00
9.565579623822420885e+00
-1.526017033350425223e+01
-1.756367878950090944e+00
-4.889940478450686356e+00
-1.720619464183648972e+01
-1.785929512401715158e+00
-9.146472324681397481e+00
-4.778670173630779061e+00
1.877027122189706687e-01
4.553641579971063003e+00
-7.992921582808938830e+00
-5.497280844766971875e+00
-1.681246506166736765e+01
6.526358680450999650e+00
6.064879454168556450e+00
2.927293543270676590e+00
-1.683520726924390232e+01
5.899241544598783804e+00
9.856997297999814833e+00
8.073772997660395134e+00
8.247833418282375817e+00
6.107377065299598229e+00
7.138722244289180452e+00
4.342089442326235726e+00
-1.148516736269838745e+01
-1.047103530505562707e+00
-1.322383435919563865e+01
1.374022122237697552e+01
-1.355562896597017342e-01
9.331694157291194003e+00
-8.923765097102251076e+00
-2.771566653467780839e+01
-4.598772043410204624e+00
9.095670321667153502e+00
-6.140729351402082203e-01
-1.564059633691432971e+01
1.270003393219666776e+01
-4.845351587050974906e+00
-1.536462398045557087e+01
-1.365635840239798426e+01
-9.372130039112414934e+00
-1.104258130922698911e+01
1.393132385054832589e+01
-2.592647522737649979e+01
2.076296330231719001e+00
1.069093208338406376e+00
-1.655848194780948290e+01
7.582443895175480009e+00
-7.858192328613641031e+00
1.332063928608020831e+01
-1.498169531464748516e+01
-5.041930557765511800e+00
-6.982416208777390665e+00
-1.812484718109504911e+01
-2.581584656103573128e+00
3.878079468326515178e-01
-6.238836666678398757e+00
1.962415325462797355e+01
-2.412302688372896498e+01
2.092399654728432878e+01
-8.130961188544482354e+00
-3.224305843215217404e+00
-1.820899949415174746e+01
7.516776608511735347e+00
6.203125575676864401e+00
-7.952697085136993138e+00
1.013164514230460789e+01
6.355225330652857885e+00
-1.689380711986741090e+01
-2.126055221243887683e+00
-1.898044757085332535e+01
-4.184350899096664911e+00
2.148646659386463753e+01
9.982116199275006707e+00
-4.293524851871340253e+00
4.718335386831791212e+00
-5.239476554571054656e+00
1.326863904299221186e+00
1.936657031039090171e+01
1.997027772759960018e-01
-2.362606517922337446e+01
1.782275233481898091e+00
5.151565971435710267e+00
1.134304605830501700e+01
-7.781707046160935448e+00
1.771627464241018801e+00
-6.276762615607216489e+00
1.410774174154798555e+00
-5.997584064217791777e+00
7.680993538647186369e+00
1.019981892019024627e+01
-6.070716380772167575e+00
1.635745521974894601e+01
-4.499009197277771044e+00
6.239120279886116727e+00
-3.643617655803951472e+00
5.111776837015951536e+00
-2.400190916425640530e+00
-4.525885687456677964e+00
-7.749884242639188514e+00
5.802991876829886486e+00
-2.006453374056400563e+00
4.915096756211133844e+00
-3.830918051059661877e+00
3.894801857498891184e+00
1.179647902972197926e+01
2.307183795070578913e+00
1.057532108482733690e+01
6.304133032335133890e+00
-3.578472283076446825e+00
-8.166148914858398555e+00
-8.751983647948073042e+00
6.436384912717885598e+00
1.722873928011541977e+01
1.729424137608666712e+01
5.036960462977263298e+00
9.707064335647023867e+00
6.510700410233670965e+00
-1.400068463579021305e+01
3.780587415333604984e+00
1.806949596548541370e+00
3.163040450630238976e+00
1.814513307563683142e+01
6.013977318940284533e+00
-9.803139862651672587e+00
3.711993740724155444e+00
1.771689036018031871e+01
1.661691429439143519e+01
-1.326145253268985336e+01
1.219880070397380223e+01
-2.091298415337716765e+00
-1.694742470430453096e+01
2.251116480746745641e+00
7.207729198238324919e+00
3.027516637010785328e+00
-2.508023938312400780e+00
2.943831304345482902e+00
1.864619253489525974e+01
-7.492296162376300472e+00
1.257089885376690752e+01
6.317371689289011272e+00
-2.805754790792275966e+00
-1.345363279514859656e+01
-1.910120844067771273e+01
-3.132243506442399017e+00
-6.770283530025169583e+00
-2.845734933639100905e+00
8.101869676378642637e+00
2.303199593417446067e+00
1.920502808458163457e+00
8.191274521454692703e+00
-2.386927530029806022e+01
2.526003518912095291e+00
-1.552127257503557733e-01
-1.481769044645035471e+01
-2.327008930200886727e+00
2.806170721400950363e+00
1.896222307816500141e+00
-7.748875241558148552e+00
1.130743065752354148e+01
2.033609624731276266e+00
-4.421043024295877366e+00
-4.770068783376915533e+00
1.208296306131481934e+01
-1.321001570949724346e+01
-3.544706332397039805e+00
-2.855131903966535711e-01
-9.172545460447118160e+00
3.546935990412175332e+00
2.371451670230899467e+01
-3.508524313024953489e+00
-1.890843387847214530e+01
-2.529146067548633248e+00
-8.005028910173052736e+00
1.628298868969648439e+01
-4.546526548077358676e+00
