6.223339628129864742e+00
4.543814152650565319e+00
-1.782996705709465779e+00
5.727068477986965611e+00
-1.023081041983740613e+00
3.458358924585614780e+00
1.632649965902342970e+01
8.873396685061534228e+00
-3.085467185737021723e+00
9.169552623871712882e+00
-2.556542967511299125e+01
-2.090168140342044012e+00
6.120885580801006753e+00
1.371342409552867014e+00
-3.764076171200325227e+00
1.257144250275126218e+01
1.622378570234128459e+00
-2.043215845078655235e+01
1.076464813804787468e+01
-1.062404019453382276e+01
1.194246377386177826e+01
-2.302059148550508749e-02
-3.974058487841669596e+00
1.356345796972077444e+01
-1.223218924659644102e+01
-8.577362840325541526e+00
-1.599484943857811281e+01
-1.847184910480851627e+01
-1.336394618185819994e+01
-3.142502337029335457e+00
9.475950220845996697e+00
4.299618171610072537e+00
-3.038455986592136782e-02
-7.710118016598274338e+00
-1.261950804498668610e+01
2.577345094845865603e+00
3.050094927657934107e+00
5.083690403394562907e+00
-1.011201795419641059e+01
4.583673920740469754e+00
-5.509969962770007168e-01
-1.198487029659194469e+01
-1.220274868538873214e+01
7.770147410891516948e+00
-2.068558024537473017e+01
-1.921627848953574969e+00
1.365397315916699483e+01
-8.080477070552886332e+00
7.893611805097170198e+00
-4.630807398814832609e+00
1.463040994964775621e+01
-2.404056340156265126e+00
-1.329799994453676071e+01
3.547035893472882950e+00
1.201712551547101882e+01
-6.215927890975581072e-03
-1.287202658964689306e+01
-6.489087629158975190e+00
2.383499484139884661e+00
-5.873020621515239625e+00
-2.120093606674540609e+00
-9.002499942087188955e+00
-1.304408782796645205e+01
1.677874444747944693e+01
2.035604880599557376e+01
3.106263713578945929e+00
5.901897672104744252e+00
3.817641260741473364e+00
-4.159805738847124346e+00
-9.580696558777063387e+00
-2.552383171978423348e+00
-8.396870788937709662e+00
1.992734026366933264e+01
-5.995066826909563051e-01
3.310793183957416730e+00
1.288002042148202797e+01
-1.005463489489230255e+01
1.656422275975384295e+01
-1.209147855174815689e+01
-7.187788940353813771e+00
1.468891543502816788e+01
-1.697896597162584342e+00
-3.541802288560613299e+00
6.285379153063071378e+00
-1.093493986797422224e+01
1.939062215454383953e+00
-5.864164381759199074e+00
1.653799149848089911e+01
-2.714219780363039014e+00
-1.053022731707654280e+01
2.021586896760207086e+00
-8.138675854363388140e+00
-1.777454020610621077e+00
4.127607038401368555e+00
7.910525221658367023e+00
1.590015556525627005e+01
5.331999905128111727e+00
-1.262134469013593385e+00
1.286714529891147984e+00
1.313780623174887197e-02
-2.355802751181950594e+00
1.375102692069535060e+01
3.907866399850545847e-02
-1.314158221976756558e+01
-2.738175045347837511e+00
-9.326124950237767663e+00
9.489176641358495701e+00
-1.013010833068591410e+01
-7.181832969639250219e-01
-5.681587596502130744e+00
3.554130270590478702e+00
-1.102751841132011101e+01
-3.144447871017072238e+00
5.236774420477817493e+00
-3.478249397287374034e-01
-2.312479780049034428e+00
-1.646437127847961079e+01
-8.766919229642395450e+00
-1.795845772230502346e+00
9.890570295258894973e+00
3.740033346754294552e+00
8.178632344313166769e+00
-1.283595473195139824e+01
-1.160880909632104441e+01
5.357785365422450319e+00
-6.475546951150029429e+00
-2.112188330331910890e+01
1.353228554539974482e+01
1.930944535770608095e+00
8.857136582710207762e+00
7.539408009055971860e+00
-7.487208168119179774e+00
-3.023822476913222701e+00
-9.185405893306215486e-01
-1.489894769540157426e+01
1.882333915025811422e+01
5.334799979583045193e+00
4.203717594852832029e+00
1.273936313206792192e+01
5.546815956580053886e+00
-3.236477675805706333e+00
1.294702090492112490e+01
-1.547838595689590768e+01
-8.610848551115639182e+00
-2.611400379238774327e+00
-8.204721111532212063e+00
-1.211710797733607015e+00
-2.108149095816876084e+01
7.730684385845044915e+00
8.558940441491120765e+00
-1.406063000307729283e+01
1.612240348011938496e-01
-1.033107034656543100e+01
1.692781081406009491e+01
5.987972132219613997e+00
2.301213473226905037e+01
6.768524866983246513e-01
-1.979476884763440747e+00
9.957470218830941633e+00
-6.652433067692363089e+00
-4.583720424868873433e-01
-1.055455843481837519e+00
5.946933522035880770e+00
8.390468188374853753e+00
6.060302924862540408e+00
6.112503861554871243e+00
1.145934125094549572e+01
-2.543410021726897341e+00
-1.514925791370538022e+01
1.027689235498020714e+01
-1.038255674031031717e+01
3.105636785483358864e+00
4.926912000693359217e-01
1.316686631610658242e+00
-1.313166467281809080e+00
1.502860886984551492e+01
-4.455653175120626308e-01
-4.245570319960668471e+00
-1.318789521072998516e+00
1.570183848134646398e+00
7.967080840143490050e-01
-1.296652302027568204e+01
-5.562833290923130392e+00
-4.518604586000273038e+00
1.157785550484280890e+00
5.333193341924260089e+00
-6.373851920727284792e+00
1.542471067676519425e+01
-2.420878430211424792e+00
3.295421696585373095e+00
8.858765511555359851e+00
-3.150364723316616100e+00
1.550161257832304296e+00
1.029916608099706110e+01
-5.285496375259722157e+00
-5.159273337721380637e-01
6.367513877611874484e+00
6.302310571502545145e+00
-8.489648451848953670e+00
-1.679815567533084320e+01
-1.208260044004018985e+00
-5.249326326551178035e+00
-4.190646305995248788e+00
1.230132323514873960e+01
2.507424075799937668e+01
1.100002296499887144e+01
-1.460944882971999270e+01
-1.556156327625980396e+01
-8.595523891605662214e+00
-4.203917889241654215e+00
2.016459237273922955e+00
-1.986106594978265605e+01
3.142824015916572122e+00
2.061060569701503642e+00
1.012360952008724890e+00
2.681594724228851589e+00
-7.415073728311973866e+00
4.273021231120678110e+00
1.324549216891147374e+01
6.107550819435498823e+00
7.379105069664071870e+00
-8.377818676077202653e+00
2.006492549654921476e+01
-1.587465408376254672e+01
-2.097474222607182881e+01
-1.730324618126368286e+00
2.256034186848770773e+00
1.483107289868545209e+01
1.408591221596211973e+00
3.912621599123903504e+00
1.659523810832618551e+01
4.045361851041938905e+00
-5.993079562821679751e+00
4.324379756958535381e+00
-4.350277741540781840e+00
1.480509364484384704e+01
5.119207395249878445e+00
-2.336990524172562189e+01
-1.212946409204264064e+01
-7.326149464893326746e-01
1.759286374082686955e+00
1.451816954651690494e+01
-2.185470568361844723e+00
1.542175044260510575e+01
-2.133789896634609384e+00
4.102574256745295855e+00
5.124426083041791813e+00
2.228026585335372900e+01
-6.479301464858053805e+00
-1.296246148354817862e+01
3.416072717156798166e+00
3.167611811057023274e+00
1.047440657432577105e+01
1.528581372601871990e+01
4.932308041538463472e-01
1.378576935829564976e+00
-7.035458393614105077e+00
5.813203026121649408e+00
-2.135108490549789551e+01
3.558483921568770469e+00
2.351343475001257399e+00
-6.583851034179077466e+00
-1.554126164999637849e+00
-4.352592423609036310e+00
2.336156270593994577e+01
-2.522053443283175600e+00
-7.161654303237958707e-01
-8.084757175432841336e+00
1.008623336099281964e+01
-7.123517055054387370e+00
5.251321082030849574e+00
4.664900634976781646e+00
-1.502962202038383044e+00
-1.202261653671123476e+00
-9.937650351856591735e-01
2.349797171032353749e+00
-9.958504550749438522e+00
7.079298822318421003e+00
-1.310603557733758251e+00
-1.080243336231274398e+01
-6.307309381803235304e+00
7.308952706986842962e+00
7.370753074720084896e+00
-8.539850389484492155e+00
-1.070169867623703830e+01
1.383885390398554271e+01
2.021874920598014569e+01
-8.113117624540553408e+00
2.211841240049072610e+01
-2.634818595355866488e+00
1.221925780115531879e+01
-8.760234258602778823e+00
-3.342312704541340551e+00
-1.026446106684615067e+01
-3.057914927986551845e+00
3.811884900368595286e+00
1.305388276782415602e+01
2.114428340313532662e+00
-1.257634725947703913e+01
-8.815885008434239722e+00
-2.349627938739539701e+01
4.932202294033667833e+00
-6.465549795058905147e+00
-1.647315858554113888e+01
-1.606514228540991240e+00
8.185062485435214086e+00
8.636571795413358288e+00
3.572239332782267685e+00
1.235210152698953223e+01
-8.160225087447871672e+00
5.686502266604603228e+00
1.341443916899777022e+01
1.075196564987111536e+01
3.182755891809057491e+00
8.234585143873870194e+00
-3.219851491117031728e+00
-8.647740419057884376e-01
-1.371987125655239659e+01
7.251305687363954533e+00
-2.468270336611868032e+01
-7.982918088856754579e+00
1.689346878197155633e+01
-3.318051062249621541e+00
5.082593948343418155e+00
1.428541594736297249e+01
8.646654935917677420e+00
-1.187355463300747260e+00
-6.024960622187508497e-01
1.888682273251105315e+01
-8.941462601711084091e+00
4.591883496669827203e+00
1.555230935232954437e+01
-1.184250433497084742e+01
7.621011667514673960e+00
-2.316346268108967266e+01
2.981388933683484788e-01
-1.851011809816997555e+01
-2.747344685290380895e+01
-1.175412337734607959e+01
9.715849618878982241e+00
-8.672781346304010430e-01
-6.746519847909349998e+00
-1.433507789393567577e+01
-1.717440008087301351e+01
-1.479850230535784483e+01
-7.302520673224265124e+00
3.959275366182199996e+00
-3.042292154051136954e+00
-1.247382781811118557e-01
-1.241927951045081713e+01
-7.422681576439400075e+00
4.316574929505820890e+00
-1.639694070421944261e+01
8.494463936475254329e+00
-8.757862579595695252e+00
1.372114375718509027e+00
-7.861476017357590607e+00
9.168410382857816288e+00
5.452813147362888913e+00
-1.870978654745922176e+00
-9.878483222571594169e+00
-1.011331366811561772e+01
1.200907326918269069e+00
8.585205461342048094e-01
-4.037704542538579133e+00
7.040449724993970371e+00
-5.083711657455327604e+00
-5.506957045704035991e+00
-1.144393448412968306e+00
8.422957286193593518e+00
6.071254160994986604e-01
-5.372108872040890937e+00
1.000624264071228708e+01
-6.639199887559733781e+00
3.646780011773679497e+00
-7.930430391015570457e+00
1.687584128787669169e+00
-1.758343697575493181e+01
-1.544287220257038484e+01
-9.941052838646063705e+00
-1.035601328297851786e+01
-8.418985748521827794e-01
-3.589901184601422823e+00
1.453007603535091796e+01
-1.100574790437594430e+01
3.380686267044394899e+00
2.203736563983429875e+00
3.120880191292758621e+00
4.159201254576522899e+00
-7.103516819835904883e+00
9.876786146142515932e+00
-1.109997638905766770e+01
2.645742938985308879e+00
2.740025342323025859e-01
6.340914530351914102e+00
8.937947013004043484e+00
-8.271766847002256284e+00
6.532238251246406335e+00
-1.926682842548335550e+00
-3.184904279332597454e+00
4.148893965568391629e+00
-2.845847793696562711e+00
2.873360889190740286e-02
1.385940782995676246e+00
7.885050142695799735e+00
1.488737682129900008e+01
1.456377362331678071e+01
-8.341336615330309456e+00
-5.396666068297489183e+00
4.442101355839778165e-01
-2.171654355711562623e+00
-6.489800694184881813e+00
-1.114761689538031675e+01
-6.332071915010054397e+00
3.988576222212900646e+00
2.729748769325690105e+00
1.494122198933935053e+01
1.641097331040398233e+00
-8.195971532774251500e+00
1.309706721318209866e+00
-1.163458442411667182e+00
4.563489006921564339e+00
-4.246604767527382585e+00
4.129035554577961342e+00
1.632683553457816794e+00
6.744826520201321784e+00
1.657768236861017996e+01
-1.225040218876394427e+01
-1.479015544796836146e+01
-1.980061204944385755e+00
-1.666920561464457995e+00
-1.371371262081665066e+01
5.476314445474009140e+00
-1.087679224658192823e+01
6.853917770987686175e+00
-5.397420266484036944e+00
-1.969313832207929238e+01
-3.793035641961595150e-03
2.058335171322027257e+00
-1.742518329279407041e+01
-5.036353867588256428e+00
-7.523824060645373235e-01
-1.484849359901065569e+01
9.427520311828031296e+00
-1.133852979072523937e+01
-5.380565868325031254e+00
1.628189590288743815e+01
5.693885872366862166e+00
1.292947859183301595e+01
6.662419193714132604e+00
1.639445391825916687e+01
-1.217951540010554190e+01
1.850162377817471082e+01
-1.314186503270608952e+01
7.119165906177893355e+00
3.802030496618459487e+00
-5.196825678779292801e+00
9.363092210085332212e+00
-1.766004451714664469e+01
5.024958421186411783e+00
1.886774723956706534e+00
1.732526680522285645e+01
-2.136137693762014322e+01
6.327542285675990641e+00
-4.720231779595600585e+00
3.207165070073716429e+00
-1.178212243483111710e+00
2.091727208013920247e+01
-8.093376616146043645e+00
1.550267260548588544e+00
-1.902032844134902811e+00
-8.454720519318097871e+00
-7.431052853009477488e+00
7.010590515154267344e+00
2.238987606064613001e-01
3.458458803455353170e+00
-4.370201793053779760e+00
1.309492039777003036e+01
9.591553464843212140e+00
7.048931637358714752e+00
-1.083935837578178685e+01
-1.593860293475234258e+01
-1.926687853319219101e+01
1.397573410233400537e+00
-1.014882172565854823e+01
-7.702165845130956257e+00
4.900487995024664478e+00
-6.358699149462269773e+00
5.843864315581585700e+00
1.051535421223312383e+01
2.346545744188036053e+01
6.941657893023731596e+00
2.795255651425465615e-03
3.428086886941607236e+00
1.872931892435098389e+00
4.636903934175153452e+00
-6.212007928861640771e+00
1.600773124198317632e+01
-5.535254740058282330e+00
-5.054866345257289950e+00
1.582801524528076342e+01
-5.006359030906554430e+00
-2.880432624800975283e+00
-1.389251624323055267e+01
2.005204903246163184e+00
2.725568860152522421e-01
6.757344464783495042e+00
2.178176509526574733e+01
2.492966341099015271e+00
-4.459927980469679198e+00
-1.390437181305865799e+01
-5.128374948878877682e+00
5.806444247970042660e+00
-2.958001313604798899e-01
-6.717605082789599003e+00
-3.910366858759130260e+00
2.175679063949278103e+01
-4.968109276017621312e+00
-9.897685312187222806e+00
-5.753010258210519368e+00
1.772600016632583042e+00
1.732600708772936215e+01
-1.184091624072583615e+00
-5.650484501515198321e-01
3.688103463937158821e+00
3.325366328822850992e+00
-1.306664796355322400e+00
6.960585101383820472e+00
-4.543048801307153717e+00
3.939359573000218440e+00
-5.821479861452849569e+00
2.016266497892875265e+00
4.541260982931220269e+00
-1.039638910036713604e+01
-3.961131394259958860e+00
1.565577321977781722e+01
3.069013041118251905e+00
8.980137557325001296e+00
7.885401096678303912e-01
-3.830743020892432682e+00
1.717530533736998422e+01
-2.469401801993567513e+00
-1.296421285687920921e-02
4.598888553785680067e+00
6.352580285438521379e+00
-5.050665016405132768e+00
1.358009475294688517e+00
6.597672176501740537e+00
-3.705100149648250518e-01
1.117459513120422576e+00
1.932939329458313038e+00
-1.747704939407412894e+01
-1.440158439468727281e+01
-2.859477473729791441e+00
-6.875053593673152719e+00
5.194572156452700540e+00
1.898441189485809844e+01
-1.444737339304651424e+00
8.617346603147518991e+00
-7.769506659459644027e+00
-9.780759337722249924e+00
6.101308537765778084e+00
-3.003002899206249054e+01
-1.742347567360100768e+01
9.704062239954296842e+00
-9.188818803622652354e+00
8.482821226269789960e-01
1.413699156576048388e+01
5.610638035218246777e+00
6.293167199357779573e+00
-1.775745971194894191e+00
-3.150252938210607034e-02
1.895103128799942382e+01
-7.778960582067023566e+00
6.080845996065338710e+00
1.010344309710717425e+01
9.430191610383269918e+00
-2.171290041418442485e+01
1.907825459527193956e+01
1.075910247398070840e+00
5.307818538026347177e+00
-2.103977709096617854e+00
1.145591123727098903e+01
-2.379241537858374222e+00
1.341226912903398905e+00
-7.939541282271762590e+00
-7.098884358960106056e+00
-1.547965319451235278e+00
-1.736900952719089952e+00
5.641939076743659243e+00
-1.182075689595651902e-02
9.849568838953528527e+00
4.755725607709305969e+00
-1.874551751343048522e+00
-9.558450477409254908e-01
5.210976066716540345e+00
-8.700682447652136275e+00
1.472414195113253044e+01
-1.154262879771444261e+01
-3.981613850462734305e+00
7.108631454975403052e+00
1.056081369137088721e+01
1.162369878401671031e+01
-6.160943866169428240e+00
2.343517239298988741e+01
-2.685607163396908081e-02
8.949531777846789993e+00
1.398027815907836757e+00
-4.444794006477469139e+00
-6.136578456631413658e+00
-1.587168619965849903e+00
1.403712972666298686e+00
2.969232713960421677e+01
-5.870878415817942786e-01
8.860997758536418800e+00
1.694040008372777129e+00
-1.987744509187447717e+00
7.492098429558616601e+00
-1.360518586270051511e+00
-4.643613861766231921e+00
-5.943734150372812941e+00
1.267952628230026946e+01
-3.434401666401447173e+00
8.349165421256975250e+00
-9.121193976563441552e+00
-1.622297805579807317e+01
-3.000859688657451674e+00
3.791931608002149012e+00
2.182553726485251921e+00
-1.253903990934067814e+01
1.306164500256923944e+01
1.794677047126871372e+01
6.164939613836443399e+00
-2.614548803028096202e+01
7.230747532257824517e+00
4.281862794009512641e+00
-8.149202062031194460e-01
-5.817703492723760306e+00
2.211947577951492772e+00
1.078018924738273210e+00
9.017778211083035345e+00
-6.325997408295873647e+00
6.070151907503810840e+00
4.195536942630059052e+00
1.010874115768549153e+01
-2.655227297615718740e+00
7.333682308497508018e+00
-2.519253494696502571e+01
8.716643517233988447e+00
-2.946236803092400880e+00
2.655996790587328071e+00
2.220374820409256600e+00
4.728832851991020547e+00
-2.448605495940691412e+01
-8.447164342108541391e+00
1.285212378749078610e+01
-4.380473542014653443e-01
-5.312975970619416621e+00
-4.592549253663594122e+00
1.739922449466696008e+01
1.684744232958098209e+01
8.259103710698084910e+00
-3.231109021960754113e-02
-5.780896232396657286e-01
1.475588037290405774e+00
-2.012332962877065512e+01
-1.802232747435543203e+01
6.441651595973607591e+00
5.036721293796184717e+00
-1.682860801211613744e+00
-6.656993607969586835e-01
1.882981756159789200e+01
1.082207179766078120e+01
1.056064786596470384e+01
8.409033160601259382e+00
1.652519787513286786e+01
1.069068125747465992e+01
9.708442840063813861e+00
-2.008303665020613860e+00
-1.698761837561277588e+01
8.743005565876140750e+00
-2.418861708026937674e+00
5.024691887927705380e+00
1.048727102784686060e+01
-1.059843234140563339e+01
5.935199787936634719e-01
6.013336109368266236e+00
-8.400594631960734304e+00
2.025707553083632817e+01
-2.955304826928672135e+00
-1.740188425702269948e+00
1.214978603652683731e+01
7.584871982052354689e+00
-6.378636054052104321e+00
-2.392746885014641833e+01
-8.822611710864133983e+00
-2.916313482607420848e+00
4.805374006751373939e-01
2.447360703347180255e+00
4.049249097591760993e+00
-6.143597387164389190e+00
-1.190299965490985024e+01
-2.433860861633295514e+01
1.592557305459627237e+01
-3.262062279006842758e+00
7.198637815383175820e+00
2.287664590597660919e+01
-1.007622211679587743e+01
3.369891908094617250e+00
-1.182603606461750667e-01
-3.725812831244913248e+00
-2.425677114508411503e+00
-4.057923395258211663e+00
-4.575829145930329078e-01
-1.110128105957786460e+01
1.279996180439205666e+01
-5.423889936931405309e-01
4.615797886676294759e+00
-6.390558939226123059e+00
-3.132406464156072712e+00
-2.304991277902995517e+00
-6.201620814891168898e+00
3.562938617165603450e+00
-6.042075028278548032e+00
-6.699843657423326881e+00
2.302001688137999214e+00
6.849603313565038931e+00
5.293713351880498408e+00
3.726885753245579469e+00
-1.734892153578538654e+00
-1.611188504918009201e+01
6.158251229935500781e-01
3.292695358738347622e+00
5.518895267870801646e+00
1.709495179348976546e+00
7.602718388956406947e+00
2.995088574085244204e+00
-9.335010322586802189e+00
2.551789419112565849e+00
1.401515652242935062e+00
1.363465234024804928e+01
-2.025540964697996671e+01
-9.093591857756972985e+00
1.846586398688065955e+00
-2.371348557248581734e+00
1.000539723337423048e+01
1.281823707875149410e+01
-5.001130069993227956e+00
1.008245644632189020e+01
-3.865691300362512628e+00
-3.049641480463817445e+00
-1.035399635581339339e+01
1.439765065349536854e+00
-1.362788759716612752e+01
1.190950131829703906e+01
7.407869611330638371e+00
-7.319254167767787145e+00
1.092405986473800539e+01
6.275379992319013667e+00
-2.095328827206306421e+00
-5.388470073046152997e+00
-1.970675794042010764e+01
-3.040729145179930537e+00
1.272948848550741907e+01
4.349314821675384302e+00
2.467666791865740450e+00
1.012152878817167423e+00
2.344143912602887525e+01
-8.857613315985449987e+00
-3.492059423627308590e+00
7.589903557303952830e+00
2.165327491128268278e+01
-1.364173446937185474e+01
-1.025056026756102634e+00
5.809023696019854022e+00
-1.235981488323491195e+00
7.035841528192054994e+00
-4.410928552797763746e-01
2.489922565111098329e+00
5.766176970138928048e+00
1.275535930761614534e+00
4.424196829419884125e+00
7.118143999830145674e+00
-4.117959543342739615e+00
-5.048083748239392321e+00
-1.146097650247433375e+00
8.415256778167807816e-01
-8.827177354871558190e-01
-1.321882714041740314e+01
-6.217298791883171916e+00
-9.040881718795830579e+00
1.652426465728765592e+01
-7.521790066613349701e-01
6.975116055765884227e+00
-9.720157560918606166e+00
-1.018543073898567464e+01
1.165581748631356795e+01
5.752041945787969901e+00
2.251390559599737884e+01
-2.837724236479976181e+00
-6.085621792263454566e+00
-5.016599110690906471e+00
-9.951971600702208320e+00
9.235535205769913603e+00
6.149328455925431314e+00
-2.864530219769195529e+00
-3.947308565620093468e+00
1.242435669946181775e+01
-6.285483149079562182e+00
1.758226009166642179e+00
-9.915904402299373643e+00
-1.480512439080681197e+00
1.513833554895249378e+01
-5.796178581930943707e+00
9.663545309175527009e+00
-1.081583461265730683e+01
-4.043338025900905741e+00
3.916829208417825114e+00
3.547352681176871858e+00
1.728706402887824067e+00
-6.029150529315151275e+00
-1.181780399637247214e+01
-1.070502024329830171e+01
9.559557844973518570e+00
-8.573896802547226415e+00
1.223604778460129694e+01
-5.458708412983014568e+00
-4.346118556155870394e+00
2.421497345715952765e-01
4.687389880083090432e+00
-5.483159328267956933e-01
5.401021723020437149e-01
-5.344015536350347872e+00
1.932450934686381405e+00
-6.264104323781794825e+00
3.505931892290487628e+00
6.305513432706218779e+00
-1.119714719912246537e+01
-5.749118838161776601e+00
3.989136820279805207e+00
-6.629557734812486558e+00
6.165702618719539174e+00
-7.662482867258196606e+00
-5.107893292186333589e+00
6.546247461368440490e+00
-2.359612976886492852e+00
6.754207346117757638e+00
-8.723338220482503402e+00
-4.421142608391007478e+00
5.211859692633064256e+00
1.514711644049716632e+01
2.786836619694141426e+00
2.196617811951466326e+00
7.078058121893205268e+00
8.983741275137406834e-01
-1.122380726989959943e+00
8.926883083986540512e+00
-1.246275902247446687e+01
1.818906375239819795e+01
-1.141315796225424961e+01
-6.592809587420653372e+00
2.682322903632587963e+00
9.389027516874888235e+00
-1.142995106824420937e+01
-1.293523316925916333e+01
-3.406073671896475918e+00
1.019943980897463476e+01
-2.300572587393849844e+00
-1.443523377323109003e+01
-4.284128295368413220e+00
-4.009652080810704788e+00
-1.716575583925712634e+00
-1.521319165793665107e+01
9.703217067479128488e+00
1.105491096241794757e+00
-7.172504157366724975e+00
1.339045934487818057e+00
8.931835377233198203e-01
-3.878869155534191204e+00
1.939112995387420568e+01
2.997721400588718055e+00
-1.423421410015482946e+00
7.548826389289592598e+00
2.008883419767277356e+00
9.299367641971079124e+00
1.031570417507864157e+00
7.815169476146053285e+00
6.476367328371817500e+00
-9.414360987816362325e+00
4.876576935677727320e+00
9.318080014267802191e-01
2.832846692101264274e+00
-1.212583561529711673e+01
7.161387407463298160e+00
8.882196656984919780e-03
-1.465870381753301821e+01
1.440863928552937434e+00
1.699965443466826986e+00
8.081677752603214415e+00
1.181119771375680472e+01
2.061917115396308375e+01
8.079483438999121248e+00
4.318444418659021622e+00
2.180970514399482241e+01
1.428685954981308370e+01
1.829616413470227521e-01
5.335146840710065952e+00
-2.254147386653117380e+01
-1.409770185084030025e+01
-1.617386093579052542e+01
3.629174252039469639e+00
-2.598814029920629487e+00
8.910391699801705201e+00
-1.752737790502806803e+01
1.114705336112209544e+01
1.089649831957970783e+01
1.648976813701760591e+01
1.036078972549039001e+01
-2.234963914901818782e+01
1.054477136526459802e+01
3.607617305218020931e+00
6.815744048732349292e+00
-1.018614259627714702e+01
-1.116893443447861678e+00
3.617567118539433135e-01
6.323844628222618169e+00
8.366255836474775220e-01
9.829693660135685462e+00
1.605199551089518950e+00
-1.602746157793775827e+00
4.247145380071093435e+00
1.340766930218108044e+01
-2.146145181942134172e+01
2.404557570900624608e+00
-1.054753543515982273e+01
-1.104907783327257320e+01
1.823374061870798357e+01
1.017077058433758374e+01
1.248416455642679068e+01
-1.083349117724872857e+00
-2.700399034765792194e+01
1.168761935268614494e+00
1.159530294799132832e+01
-1.449714215683078855e+01
-5.406797166757195683e-01
-1.003716193840212334e+01
9.223640583033935414e+00
1.716934910196070252e+00
-1.497983625798759544e+00
-7.914640616193567624e+00
6.566641597605017644e+00
-2.185800022270460374e+01
4.274392907200058600e-01
-7.053620244006290285e+00
1.364822443661221074e+00
-1.942672941965725286e+01
-1.844330211641101869e+01
2.094904017906562554e+00
2.799651532197433568e+00
2.055153630865719894e+00
-8.438950952882615653e+00
1.510100700716296451e+01
1.699438526661890947e+01
2.000213798394094855e+00
7.700831469568198528e+00
-5.380333404872125191e-01
9.877848911344040417e+00
-9.625816327229919978e+00
3.318583359565410618e+00
1.276993588589715456e+00
-8.034187799278679876e+00
-8.619170885027468643e+00
1.984153171021410245e+01
-3.349422325715448956e+00
1.581275094287444993e+01
1.354596926540563473e+01
9.902427417602583049e+00
-2.446605780501255545e+00
2.077314203281925842e+01
2.502661004161672142e+00
-9.090622649982666559e+00
1.215391785715031681e+01
8.206350260397645258e+00
1.049772567069066964e+00
1.572466893493004214e+01
1.733164940738426196e+01
-1.574406266719949166e+01
-6.231905062574144338e+00
7.691394702782561765e+00
6.007234185657521763e+00
-6.948390355147839870e+00
-4.164791972257352093e+00
-1.225861862848673489e+01
8.513046358544221093e+00
9.340500260395600662e+00
-6.298356813890304551e+00
8.348135108330708931e+00
6.570773473199123416e+00
-1.095979834950585463e+01
-5.766369838001334180e+00
-1.489970539054310983e+01
