7.772763071030723836e+01
1.507126734601706985e+01
7.992678206951126185e+01
-4.879953337469519425e+00
4.440184308893388021e+01
8.645340931694592257e+01
-4.951307462242434809e+01
-1.013844513792142976e+02
-1.342108505546663082e+02
-8.830712012437301439e+01
-9.325814929870986703e+00
4.825011805937059961e+01
-5.793547770333475455e+01
-4.305737000026876160e+01
5.475700622054372957e+01
-1.003642527296314029e+02
2.219349553211414516e+01
8.379184361129441072e+01
5.267131442361826288e+01
-5.987223698118148718e+01
-4.841813758619484531e+01
-6.296916515162857308e+01
1.220080093198338176e+02
-4.698596749221456981e-01
6.222420981757235126e+01
7.612556315478289548e+01
-1.364748319285358775e+02
-7.443571300493147191e+00
7.094966998318882645e+01
-1.927687580999646144e+01
4.136333739563909262e+01
6.596924523004470586e+01
-8.588127825111955360e+01
3.449003916271107784e+01
6.065884031932676379e+01
6.415768464085898870e+01
3.718249406851823124e+01
-9.858019837433653265e+01
-4.211186397881640175e+01
-7.966058920892025697e+01
-1.124785327991197477e+02
1.917339662124064859e+01
7.793194729654094033e+01
-1.025289661840321997e+02
-1.271265055184844783e+01
-8.518140447725336628e+01
-6.182057119747892671e+01
3.522933757158007495e+01
-5.672075938488129765e+01
1.662246318737646789e+01
-1.184150579129485976e+02
-1.529264354145790037e+02
-1.125337412645826873e+02
-6.384956538605665344e+01
-1.626392432290171826e+02
-1.160563459590280075e+02
7.524715946166087122e+01
-8.397861019986129349e+01
-3.564242870223286985e+01
-1.002139732608335265e+01
9.575306448124821657e+01
7.450616673212532248e+01
-5.914150194306154162e+01
1.236753396832625640e+01
-1.263141668930530841e+02
-3.586660961412531634e+01
-1.311289118369619899e+01
-1.477727635578926311e+02
9.850647840958571066e+01
7.216567895914383968e+00
-2.223925025879066553e+01
1.314986786225060200e+01
1.229342090834770573e+01
-1.737641620165002010e+01
1.519566870905398730e+02
5.993794263430646652e+01
3.534160011350831354e+00
-1.574119965764563176e+02
-1.018057868904540157e+02
-3.074221134192826810e+01
1.734702970638951172e+02
5.204909377831594952e+01
-2.154939438652642991e+01
1.421240240369941148e+02
4.960560289427339598e+01
-3.473286665459377076e+01
-1.308698497632885847e+02
2.841425189320880662e+01
-6.248772328305424173e-01
2.218275678570516334e+02
-3.436953943046127335e+01
7.726582593206296679e+01
-2.787144870763203741e+01
-7.706282171039376294e+01
-1.650350167671500117e+02
5.207486598263037081e+01
1.195005627180470640e+02
-4.866647439608502168e+01
1.261281371423653752e+02
7.409824690387333490e+00
-1.297148594680766962e+02
-8.838847007957242852e+01
-3.147515788362607481e+00
9.747222903464169974e-02
-1.281337024524674462e+00
3.630549973387703133e+00
1.111620376255893738e+01
9.291152420377160581e+01
-1.421383394923102230e+02
-1.424663464810075482e+02
-1.908383537483645114e+02
-4.203701606337615360e+00
-4.428140093079457529e+01
5.871614558786902194e+00
-5.122156169398527581e+00
8.453332593597855293e+01
-5.779373199306286324e+01
-6.862033428073017660e+01
-5.616250910623095649e+01
-1.058394933601104526e+02
6.531508099884024432e+01
-1.846583497299062060e+01
5.263902732604449852e+01
-1.537260174405116970e+02
-5.020244227743045684e+01
3.136858833622335396e+01
-2.075365464186860436e+02
-1.128696618877819731e+02
2.258313510396137644e+02
7.972569187805265756e+01
7.556268850633961165e+01
-1.148583712067686520e+02
2.450544005701143746e+01
1.317689593850382721e+02
-1.404559756970128603e+01
-9.748394011869861231e+01
1.209667789366236832e+02
6.181768628798748466e+01
4.173963402671741818e+01
1.013584753955127269e+02
-1.431330702933266252e+01
6.179114622341677432e+01
-7.635381289930396065e+01
-1.344304054278055673e+02
-4.481614762849272893e+01
2.382269548596676856e+01
5.685524669603613290e+01
-1.642101835560134191e+02
-9.764880500736166979e+00
2.022379432786966902e+01
3.409574742974842820e+01
1.267416156346072569e+02
9.011352083620184317e+01
1.885820294076457344e+02
-9.371187109189588682e+01
1.083156443855134796e+02
-1.299956250881322717e+00
9.753231911496757789e+01
9.804451805821646815e+01
9.491745703584984994e+01
-6.531894477966244494e+01
-1.028803352527230572e+02
-1.150312472739358469e+02
9.810331541323648707e+01
1.531843479329598381e+02
-8.374270417045786985e+01
4.507293745252160022e+01
4.783401545813135414e+01
1.312901314360173330e+02
-1.232747016148590973e+02
8.094243308877430820e+01
1.062607789674602259e+02
6.021518200259600206e+01
1.732157469623990664e+02
1.782538764617375762e+02
3.250927546123261180e+00
4.748664976137941096e+01
1.371930174486026566e+01
1.764997389778716652e+01
-1.693602756015048527e+01
-1.299271541363374638e+01
1.467002786147839188e+00
-9.221504149902047232e+01
-3.892749958911423391e-02
1.967629927946950019e+01
-1.477699115653208040e+01
-5.304338366950756267e+01
-2.177841054016965359e+02
-8.118593504804596250e+01
7.086818204011198219e-01
-9.088791547233893198e+01
-6.390610230714860052e+01
-3.937854361237731915e+00
2.966649743309982767e+00
-4.639764264078998224e+01
4.176078459735796145e+01
4.190148148028547581e+01
-2.747920919698069753e+01
7.686008325268636554e+01
4.299841454845137889e+01
2.129326033444521116e+01
7.246437538256793687e+01
-1.220250402588305860e+01
2.379974918718367505e+01
-3.317977845630652212e+01
-1.506766664834990479e+02
-1.229522920603912155e+02
-2.498167647407825953e+01
-2.484376537395732498e+00
9.886800202672355908e+01
2.087141529831098552e+01
6.432156025605941352e+00
-7.008985192527043750e+01
4.253893984977493048e+00
1.322949232423138710e+02
-6.261320829208495553e+01
-1.736164240207686760e+01
-6.163062458607332417e+01
-1.127867219470892337e+02
8.928863527887406804e+01
-1.689532604458802112e+01
-7.572619968121276202e+01
-1.352803061987135607e+02
6.769447358009010429e+01
-1.229844488169117938e+02
5.078522329818198244e+01
6.101852479966922260e+01
1.894969555870452780e+02
-4.158856390391703073e+00
7.244715915696650654e+01
4.561910924053905347e+01
-5.011955061935024958e+01
4.263806424913769888e+01
5.828443447350547046e+01
1.403594687248651667e+02
-4.412292557582297547e+01
-1.629515736616324659e+02
-4.534334429351424944e+01
1.089101560984980637e+02
1.586026195088630004e+02
2.167009814690462690e+02
4.199968059043541047e+01
5.114597454323436665e+01
-8.274768655922900962e+01
1.716197104948450374e+02
8.919749665579111308e+00
-1.638768768970905967e+02
9.365475010205319961e+01
-8.414434801560723542e+00
-2.457831370511038216e+01
9.240741651949021218e+01
-1.952410274309345795e+01
8.608703382015514194e+01
1.090832969886260173e+02
5.667182385095586028e+01
-6.822844952822342179e+01
1.387037207764229763e+01
5.040220474167874443e+01
4.555550007850818872e+00
-1.303181677047656706e+01
-5.442037766934672050e+01
1.060429324826988449e+02
-4.344904372547750881e+01
1.031617181861610248e+02
-3.802993412322322797e+01
2.373201114484415797e+01
6.462776778266177757e+01
1.463821644880895967e+01
-3.677290898079976245e+01
-5.479443578570666773e+01
8.154707485091356034e+01
1.235888116900860041e+02
1.021722712883979511e+02
2.202841470309780902e+01
-2.263064925219845591e+01
5.150164769436882750e+01
-4.732999415908847141e+01
-3.610449827391798294e+01
6.800128576926982760e+01
-1.429437467301202105e+02
1.631444555774480065e+01
-6.956582674055454163e+00
1.063238390887910967e+01
2.368519342636050595e+01
1.833838387111822144e+01
-3.377729000890799682e+01
1.658614703564540775e+02
-7.571282781957552288e+01
-4.994748286790787262e+01
1.448040556942860633e+02
6.929319514109295142e+00
-2.756973011253924710e+01
2.785126071238954637e+01
4.351469032745254850e+01
1.857306196418718969e+01
1.942778449551100834e+02
-2.701083627881526894e+00
5.233557204595900458e+01
-2.205443975708075186e+02
-1.296281788745331198e+02
-8.607374223257771462e+01
-2.343469454283557951e+01
1.011701621119428438e+02
-9.683285939721503155e+01
1.707443949766060314e+02
-7.949014529051680711e+01
8.206557379664087648e+01
-2.244400254094776059e+01
-8.218652286822434760e+00
8.168097419171043327e+01
3.113160294067927936e+01
1.028242721440680896e+01
2.804022461201066108e+01
-6.996197071850642146e+01
1.039577386931480589e+02
9.791223263065622007e+01
-4.171578632137455855e+01
-1.067001959912126097e-01
7.251607404478814090e+01
-1.503049292519924620e+02
4.666037048660314213e-01
-4.186370845445897260e+01
7.885318839185298145e+01
2.132890233478478237e+01
8.223481471287288969e+01
7.929945099546376497e+00
4.022290026668702723e+01
5.521460993720228316e+01
-2.862052376807070786e+01
1.262951287763632635e+01
-2.348485806153673394e+01
3.589598113625103792e+01
-1.149825409526658007e+02
9.099941243452502704e+01
6.999414283492328082e+01
1.265590463663236420e+01
-3.185414745676651194e+01
-5.893673948961435372e+00
9.391678228641634973e+01
-1.101289243322659956e+02
7.405375228788722097e+01
2.046538066122216151e+02
8.760171095065588531e+01
1.064319597968524818e+02
9.902630920351614918e+01
-1.394048038224234176e+01
-9.138974758935682985e+01
-1.615495248744356616e+02
-1.837885366965297607e+01
-1.198868259528100566e+02
-1.252903816711737051e+02
5.723161351942245290e+01
8.245656706771133315e+01
5.381555795997645930e+01
1.271634755844682161e+02
4.054191221262497891e+01
-6.665567383451424632e+01
3.434845095922773339e+01
1.474366804106994877e+01
-1.434006142301221303e+02
-1.651327981602179875e+02
4.043407519853607823e+01
1.102794709337673282e+02
-4.893953383963280146e+01
2.263804812929744230e+02
1.259204970932934771e+02
-8.163349478732004627e+01
7.859502578523274963e+01
-7.790203093836674952e+01
6.831162736214703557e+01
-3.669291786130864352e+01
-1.086098619574085333e+01
9.487479369022520359e+01
1.247531004354071911e+02
-1.580095528652867358e+02
3.845586591923101594e+01
1.138943460902672484e+02
-7.013459106283288236e+01
-3.330733618539888852e+01
5.018102074066121077e+01
-1.312395050939233840e+02
-3.337360984484507753e+01
5.349879642294501991e+01
-3.365605696230927890e+01
-7.811984293066238649e-01
-2.744425483835063417e+01
-1.059068063994955082e+02
-6.420238965088513794e+01
-1.113544389849519511e+01
-2.148016354112309756e+01
1.358981492807154723e+02
1.044163730803201275e+02
-1.894324495178699976e+02
-5.611727420365234309e+00
3.857443119736599613e+01
-3.712553564485617841e+01
-4.952361316230591726e+00
1.339318514415660673e+02
1.380752956475971018e+02
-3.296207980057863551e+01
8.143226013965077925e+01
-9.275330812639015221e+01
8.503988841732548565e+01
-8.908273986362074126e+00
1.382778885299295837e+02
-2.679014571236477238e+01
4.763881992928746456e+01
-1.661303273234893396e+01
5.643765707125905351e+01
-6.704821307462549385e+01
1.804648644974970750e+01
-3.704316288957841863e+01
-7.012717273693198194e+01
3.448494566238964865e+01
1.435194373969413029e+01
1.232992063604612270e+02
3.745722718033374576e+01
-1.255367773517567684e+02
-1.282477210573208737e+01
-1.482687502267441175e+02
1.766365156481124643e+02
6.258870598828300302e+01
6.195945957642370416e+01
2.687279054990230875e+01
3.900614695264653164e+01
-1.933025060683167951e+01
-1.052945459692906240e+02
-2.008151936797885071e+02
2.051001529165348245e+02
-2.002230511605333163e+01
-2.629331533629651219e+01
1.235065285010360583e+02
9.662615702588936983e+01
3.626476113378215160e+01
9.216929384489164079e+01
-5.961200207551086550e+01
-7.302600193916337901e+01
1.017116057195447212e+02
1.435802179422990434e+02
-2.367412094846835302e+01
3.513482877234358170e+01
-4.377450357591495589e+00
5.603153592671213801e+01
1.265849622256153140e+01
-5.651686219124486854e+01
-4.915728961362701455e+01
-9.566559322490485329e+01
7.963937143819029529e+01
-5.842587526389709041e+01
-2.204638532129702924e+02
-1.035243102920469767e+02
-5.606981704769788166e+01
-8.064211417135423687e+01
-1.362827055326149832e+02
-9.561075026072241911e+00
-4.694429093676080100e+01
-1.758058049459518557e+01
9.177913852223747426e+01
-1.462914065295365162e+02
-1.533026672711788052e+01
1.469422506339743109e+02
1.513666027357336930e+02
-2.286822152178658740e+01
2.285168936281080576e+01
1.577619267461491290e+02
-1.420332042032114828e+02
-3.056626835198980530e+01
1.384177569149670433e+02
2.611525865754412479e+00
-1.095147218932952171e+02
1.030181591057900476e+02
-6.767219116727595463e+01
9.785007421634253433e+01
-1.070122577151384036e+00
-1.826352286300434002e+01
-6.993109872153377182e+01
8.120666784833986185e+00
-1.432317129554057828e+02
-3.914950623978593569e+01
-1.131436903609546505e+02
-2.937735096718942884e+01
2.079279832753402957e+01
-1.303009855309418263e+01
1.664799801524996781e+01
-1.329046082381650606e+01
1.553389825645331968e+01
6.018601511304643026e+01
5.527782391726834277e+01
-1.630585073699960503e+02
1.088898887916591889e+02
9.785997981398030277e+01
8.119930412079710891e+00
6.373554589898476053e+01
5.869213914397010257e+01
1.525224901297857514e+02
-1.149411135524643157e+02
-6.920435332883532453e+01
2.182712477290577908e+02
6.699082817996094263e+01
6.186159299551469815e+00
2.286327169751955779e+01
9.470936445764770895e+01
-1.493758079727663244e+02
-3.312293634687215160e+01
1.345437905348500252e+01
-1.481906342656795914e+02
1.073914494123555983e+02
-1.316137080400820878e+02
-8.579410782017390602e+01
-1.216672135235340590e+02
-8.062791359513894918e+01
-4.868632934295312964e+01
-2.673185115233640019e+01
-6.381246060480279425e+00
-1.397685852143767420e+02
1.353409098258852339e+02
1.189519490949325871e+02
-1.029715892351034867e+01
2.546006081931170684e+02
-8.440648421326523021e+01
4.109067901311532722e+01
-7.210428979638709279e+01
-1.184312782060786162e+02
-2.073207042965017877e+01
-2.794499018783347424e+02
-7.346691474855251158e+01
1.663328174144598393e+01
-1.100227320987322344e+02
9.593556386037488437e+01
-9.933306499217816565e+01
-4.177050509705912873e+01
-1.834058349552545053e+01
9.426377863783363864e+01
3.562455262805909229e+01
-1.541906924291390908e+02
7.154514724118490676e+01
-5.803380055075338362e+01
3.123561197723971361e+01
-7.403689291913076431e+01
-2.072949188154011892e+02
1.655265403387420520e+02
5.306435684908584705e+01
-7.261086362281414353e+00
1.024371977776667109e+00
-2.451405559327794137e+01
-1.300110862780925913e+02
5.219822377819397730e+01
-1.401722576486871219e+02
6.983221290477554533e+01
1.160983951949521611e+02
-1.356522657985481715e+02
2.409685872763308367e+01
1.327165720494008099e+02
1.550991186504565746e+02
-4.351273139513023125e+01
3.044111645624239770e+01
1.420042615308987308e+02
-3.179650649573487442e+01
-7.255917689187171504e+01
3.120638184618026223e+00
-3.355328579128393329e+01
1.955503487157165665e+01
-1.692250662306442166e+00
-2.942162633002529759e+01
5.472712078733984242e+01
1.339617572117974476e+01
-1.859172274244635332e+02
-3.649858419230233153e+01
-1.002105155410290394e+02
-1.769699824308766836e+02
-9.207844176615590470e+01
8.694227000835780927e+01
-9.851656320912844933e+01
-6.341232017834999368e+01
2.002740222481011187e+02
3.359948002334148498e+01
1.413843976210104358e+01
1.500302274247277623e+01
2.114246605001738146e+02
2.292267754877557451e+01
2.850702789349715260e+01
1.277358154786531088e+02
6.120281078270618735e+00
4.820218570966098071e+01
-3.574993542210657438e+01
4.950505435785173347e+01
-1.977144574169155362e+02
5.339144110144598443e+01
-2.119752911538733144e+02
9.425074865205118613e-02
4.529454132891703466e+01
-6.940737494201239599e+01
6.397306954517187449e+01
-2.614561063009865904e-01
1.400110800112888114e+02
2.076137624818208494e+01
-9.360490682901313164e+01
4.888061975105057400e+01
7.855833062890737040e+01
-1.127909936310006422e+01
9.014286689942278485e+01
7.813818610933564557e+00
-1.041775983765430311e+02
9.509510708494426368e-01
4.872670507011788033e+01
-4.781720934207061191e+01
1.153023963467560264e+01
1.818493006997177019e+02
2.192748682243959024e-01
-9.958064075366235102e+01
-3.889542436694284078e+01
-1.212861777820651099e+02
-2.518597661417366140e+01
-4.137887245695273464e+01
-2.153468498090032313e+01
-1.322753086843442247e+02
-3.325053083991855374e+01
-8.103974786950159626e+01
-9.960421297312663569e+01
-4.549626248622520563e+01
6.857974403822670695e+01
-4.710647405386845321e+01
-4.928076226110049163e+01
-5.600501576719319985e+01
1.815749282752663518e+01
3.541288930193498175e+01
9.615649844090808074e+01
-1.085075786230905237e+02
-1.179863573277500279e+02
-2.653199291077404354e+01
7.468989304921159089e+01
6.694868136796569047e+01
9.226874057002905971e+00
-2.209791048812986602e+01
8.742813704229087435e+00
-9.298225868798759564e+00
-1.044404311626798716e+02
4.018509637538507207e+01
-1.616976276783443609e+02
-2.001645634497149828e+00
-6.956965513970192205e+01
2.685586109120874099e+01
5.992098592588422434e+01
-1.734782500756591617e+02
-2.176960329760508728e+01
7.638627786670548403e+01
3.395960425979541242e+01
-6.240055988575397805e+01
4.522442361098719488e+01
-8.216705791278624815e+01
-7.426713647470194246e+01
9.003341173356530192e+01
2.642542406588301418e+01
-1.534426896921342518e+02
6.857960383340807198e+01
7.437259093086080952e+01
-1.757935481138048033e+02
-9.619198929442433155e+00
9.827296656139802167e+01
-1.194810410604068274e+01
9.811810585971008436e+01
-1.622051768178825171e+01
6.016393460540674454e+01
3.674399712289922348e+01
9.053286941621124129e+00
-1.441055668274688912e+02
3.624909791472464349e+01
-1.001005649949901866e+01
1.295088858096187678e+01
2.863587897103496260e+01
-2.257237671440537952e+01
-2.159841359466716426e+01
2.570752264230964101e+01
-4.260088588215621286e+01
1.989009148518623959e+01
-1.342431756748199518e+02
-9.107549637090602346e+01
4.024133527967832435e+01
-1.079590277920412831e+02
-2.971487682654054652e+01
1.573171488093835535e+02
1.058995544650512102e+02
1.843280272258427033e+01
2.304420510181001092e+01
-1.713222674261890859e+02
-4.115216910243176152e+00
-1.998491895967855925e+01
-5.770798808589060513e+01
1.000470933887322076e+02
5.288226275204192461e+01
9.826115085061351806e+01
1.045529781395160285e+00
9.391974009648325250e+01
1.382881872003640922e+02
-1.912643201860115738e+01
-1.346125068493774357e+01
5.774734952689844647e+01
-8.770487544663976109e+01
2.453896773192137104e+01
-1.018470581126392744e+02
6.776738839299726180e+01
-1.586973140519554590e+02
-4.212011601898367275e+01
-5.018472565017646048e+01
-1.182028932899791585e+01
2.319109189598903598e+01
1.264873366129354935e+02
2.011964648224723646e+02
-3.876211699960656887e+01
2.010754608086425890e+02
-8.407596752626162129e+01
1.217856889753225147e+02
-3.569488451003143581e+01
5.391830970352492614e+01
-1.234823849316834412e+02
-7.234656431996640436e+01
1.401195434593950750e+01
7.194209054586639951e+00
4.854904450257618009e+01
-5.860660834072957215e+01
-6.132115228005309859e+01
7.163731562876526482e+01
-2.248112200320357346e+01
-1.074521180830756322e+02
7.885714538746282187e+01
4.535522577475268946e+01
4.436319875821426706e+01
-6.939684378242274931e+01
-1.216825180973786331e+02
2.169244061980817833e+02
1.336180673295191639e+02
1.226843778908790199e+02
-1.926335480110527953e+01
-9.998725123773853340e+01
-3.598864968514942575e+01
-1.054302607706068500e+02
4.621654319266058053e+01
-1.545360057813240928e+02
5.189437172706118417e+01
-1.257764490928983321e+02
1.594756618064386657e+02
-7.879181783747809220e+01
-2.277337688073909661e+01
-6.457399005691539173e+01
-1.214420060660858525e+01
-1.024472776786384287e+02
2.138740987063597458e+02
-3.488658234116635981e+01
4.886111383911776329e+01
9.785151495618988804e+01
1.169973248085081821e+02
-8.059808926412055996e+01
2.701593153153970661e+01
1.489491137333946824e+02
9.015850231112344204e+01
-1.876348849802996099e+01
6.918179049468581354e+01
-2.246486397948001112e+01
4.118003752690653840e+01
-4.691512567466483574e+01
-7.511357180988946425e+01
-1.563753859172807381e+02
1.501804009337132015e+02
-5.705252177252473444e+01
6.117902310078842731e+01
1.273539914670709834e+02
-1.088937763628971993e+02
-5.741616490047071864e+01
1.288320298964124504e+02
6.744357888898872488e+01
-1.489741636018875965e+02
9.521489281948574046e+01
1.059398946433309341e+01
-2.420644777926809965e+01
-5.751254938366949432e+01
-9.580689182669154036e+01
1.220378649899207915e+02
-1.632882965124463794e+02
-6.750151648204033350e+00
-3.542343832923823754e+01
9.246352343616604230e+01
-1.752257455658021854e+02
-5.960732026698926234e+01
-9.167350861902532699e+01
3.608464414354601502e+01
-1.003106676171448584e+02
2.351238580493918917e+01
1.219222409257296107e+02
-3.324669939562738818e+01
8.133418756195704091e+00
-1.042703798830018798e+02
-5.530144756671269590e+01
-3.284811344222089957e+01
-4.685301420096700298e+01
1.075389290071203874e+02
8.235427824187874535e+01
1.571295536824423955e+01
2.676757771000695385e+01
-1.149176367846714868e+02
7.788392830311369153e+01
5.862537112345811607e+01
-1.782649614445713837e+01
1.552302200574765578e+01
-2.131297991252429114e+01
1.472174004804436436e+02
-9.105594784110365936e+01
-5.620285128081425796e+01
-5.904896474980262155e+01
8.032407680748119105e+01
-9.380941871267594934e+01
-9.561507488226413898e+01
-8.134728556688588696e+01
-1.648326389710970830e+01
-7.537430076804301393e+01
-8.776185655430606403e+01
3.769719921337355117e+01
-1.227734437478599716e+01
5.123548503688448363e+01
4.308023553945139383e+01
3.382750603112754106e-01
1.139897181196597558e+02
5.521520504575023125e+01
-1.229001220038825295e+02
7.440358245925909841e+01
-2.649619315289702115e+01
-4.878884639052338201e+01
-4.413117561424534330e+01
-1.663968845975551503e+01
2.363383475576464932e+01
3.826720331730238200e+01
1.449759093207609624e+02
2.812411684880552798e+01
-6.935831887895415093e+01
4.575496827382180243e+01
-9.090335026067673141e+01
-2.837808093114779240e+01
-1.893237188339013954e+01
4.310372538340948800e+00
5.754517897544652527e+01
3.342397177006066045e+01
1.062067211395645216e+01
3.134287685413120883e+01
5.072494728448319279e+00
1.484169821039619706e+02
-6.298279143838927041e+01
1.073304049496047838e+02
-1.630712324970392331e+02
9.564174439048437648e+01
-5.757827122540899722e+01
-6.586579392035216074e+01
-5.565800874543521459e+00
-1.062031771587480193e+02
-1.739456479077940187e+01
4.854430356908368083e+01
3.826636302685704294e+01
-1.851730039133371619e+01
-1.313529805506347259e+01
2.898573965060568725e+01
6.190702207155626269e+01
-2.058713326029693462e+02
3.909307587828144648e+01
1.184622496717561546e+02
3.947353830784828688e+01
-6.827552378241294662e+01
-2.263806988404952847e+01
5.844666676656451898e+01
-5.907523015804930111e+01
-1.051965007026229131e+02
-8.747907932151485966e+01
5.504601302369627547e+01
9.099936441774198670e+01
-7.405380542864607207e+01
-1.642705913179906219e+01
-1.133385947732199241e+02
-9.932960862774424982e+01
7.884543909782792070e+00
-2.032782356642059796e+01
7.693665677295875582e+01
-6.684360903667727882e+01
-3.470499206724658592e+01
9.784640370048778379e+01
-2.874025761239071741e+01
9.752330549748894128e+00
-2.905295283010240226e+01
1.327952723108260180e+01
-6.867121799868458254e+01
-6.052725334081995356e+01
-5.366991217598106800e+01
7.272444259952618495e+01
-1.066665104157478794e+01
-2.480820726136443710e+01
-3.610733507517259966e+01
-9.213606916677852610e+01
5.566106074571401052e+01
-1.699422388942976454e+02
-2.486812567711517374e+01
-7.385896333878164910e+01
6.000022474669179928e+01
3.462929654888972664e+01
-2.040188158989030143e+01
-7.523991434055994887e+01
2.641961082595949151e+01
5.058292789914314369e+01
9.669850073611442554e+01
1.528856273070006822e+01
-2.924971633712874208e+01
-1.325493563467244229e+01
-1.719130439259679122e+00
-5.867478064522434522e+01
-1.517198085075787333e+02
5.454693162000194206e+01
-3.407141190849115731e+01
-3.625975954869814188e+01
5.903559338056388128e+01
-1.160448692511361912e+02
-9.405871218240039866e+01
1.513181900905335908e+01
-1.156505702523046182e+02
2.221204757844273558e+01
-3.888082993399287091e+01
-1.306038154237465392e+02
-1.233460492583265022e+01
3.419034128580325671e+01
-5.859819945694487586e+01
-1.364662060301510564e+02
1.968355236509429744e+02
-1.387910489491436579e+02
1.041623365536112900e+01
3.509438446439109782e+01
-2.140750022466752966e+01
-2.592128438704511950e+02
7.252195162874244261e+01
9.759640153495679726e+01
-1.613762606008837963e+01
-1.432233137661086175e+02
1.384414481397078767e+01
1.271843699278488202e+02
-1.567854750689840841e+02
-1.115175848032945822e+02
-2.523603504542781479e+02
-3.972479906228101498e+01
1.002783228530549025e+02
-8.556129956774519485e+00
-1.062065888299415235e+02
-1.127728569462416175e+00
6.939587271936547097e+01
-9.823534944091142052e+01
2.450137041876650823e+00
3.844859201244874214e+01
6.948451489269766057e+01
-1.442480133983958694e+02
8.694700478706062086e+01
-1.540813083554895115e+02
-7.731331790097138423e+01
4.049148492873986527e+01
-1.485286609813411474e+02
6.901615428250561024e+01
1.933800566620859840e+01
9.410073263024223422e+01
-1.483296132672607825e+01
1.025591590490940064e+02
7.943294565420464437e+01
3.199584105826536273e+01
-5.679505928271966297e+01
1.260983715931212856e+02
1.482736460423614631e+02
1.696639980941420234e+01
4.282099034086096623e+01
5.735504766292848444e+01
-4.130684526786524202e+01
3.648830676994448652e+01
6.240266176846714785e+01
-5.235649758551966215e+01
-1.214157564934239844e+02
-1.834748898977607610e+02
-4.141508005482783261e+01
1.907880568180378233e+01
-7.344840655933970197e+01
-4.447278843199403298e+01
1.519278973333370857e+02
-6.542264931946657214e+01
2.899195606632959255e+01
-8.674148185570368241e+01
2.006895204868289397e+02
3.471660318920336863e+01
9.155152850680821075e+00
7.315194335916913815e+01
-4.366900988863091726e+01
1.100611495429672573e+02
-9.050758894310011016e+00
2.903426001203114382e+01
1.954222770314169679e+02
-7.792732065810263009e+01
-7.149903929296979754e+01
7.367993557596641097e+01
-1.067878883207756360e+02
2.198086236063107179e+01
1.298563650660680651e+02
-4.683654316678313734e+01
9.520095895475043335e+01
-2.682727604423833867e+01
