4.093117395520006419e+00
1.489989351219572988e+00
-2.203731651136279890e+00
4.878147301452365525e+00
9.660433132763655451e+00
1.135025680417281713e+01
-2.438610098826688777e+00
-3.025382797022881931e-01
-1.844671278408184900e+00
3.135389397705915293e+00
3.388531083010325240e+00
-3.436387161178530825e+00
-5.919793912709109263e-01
-5.548476997999959970e+00
7.459795991200240728e+00
-2.027786245201519399e+00
-1.015609154450114460e+00
6.883009821327698674e+00
-1.922887624169962839e+00
5.971076970975341069e+00
6.044271845451323344e+00
1.182685865689567351e+00
8.023358327994127848e+00
-3.547343630356872168e+00
8.899045743502679295e-01
1.830317730949793775e+00
1.437954948467269123e+00
-4.327144561461786054e+00
-4.512596297685917079e+00
-1.903392248839103296e+00
-1.811472603999555986e+01
2.160102107938729699e+00
-4.215532558107096150e+00
-6.131314585193653244e+00
-1.498393921560540853e+00
5.292951827009960475e+00
-7.313265032579312486e-01
-4.620748951233434987e+00
7.435841973628270374e+00
-1.670917039464671960e+00
5.196179731078814257e+00
-2.851418460133719801e+00
3.967538149646963053e+00
7.952613072387636484e-01
6.432237478511233952e+00
-4.761444791716110458e+00
7.528029576017934987e-01
1.834359081992345653e+00
-2.956971422843815311e+00
-5.824309463145939780e+00
-2.330772015781596096e+00
1.215857902510851130e+00
-6.149979745979390344e+00
-5.967852124754135623e+00
2.699606046171075135e+00
-1.731845940937302153e+00
3.825684753310198971e+00
2.423766639548902813e+00
7.784724071262589806e-01
-3.715390424994833740e+00
6.293742131726062894e+00
4.687299632204123156e+00
-3.597094397792457432e+00
-8.381121932524417062e+00
-7.847378472267958760e-02
5.554971049454215049e+00
5.260399908988634410e-01
-5.535459429221949001e+00
-1.445852462395273097e+00
-5.877388035777183717e+00
-1.016096391692931311e+00
1.188052202574780836e+01
-4.756867513684489346e+00
1.170684020566147954e+00
-3.119126810665168392e+00
5.319231352248012357e+00
4.113806690831911084e+00
-1.576141690887469249e+00
3.352269701732591312e+00
-1.370075675817779448e+00
1.655920758898085099e+00
-2.291222202209770131e+00
-6.220136741602008357e+00
-1.624585368845218980e+00
-7.291407938620854345e+00
-3.075605851477239749e+00
-9.270803172766008515e+00
-1.517633747541764277e+00
1.556963552134845052e+00
-4.955058982849976701e+00
-6.069084184957108441e+00
-1.141929816396284547e+00
-2.327784687033116473e+00
-3.064667781105762323e+00
-2.122173861740141998e+00
-4.079974822308890303e+00
1.058022775346930677e+00
-3.323442645216795555e+00
-3.947422216053293020e+00
-5.726701483876167842e+00
3.059271812416439751e+00
-2.171101244439171407e-01
7.055751783687089329e+00
1.073780326198293267e+01
1.574801489495093465e+00
8.672027608030907331e+00
1.805911677340439336e+00
1.139267439721971620e+01
2.007877261463932417e+00
-4.217318628533161196e+00
-4.877442139384656761e-01
-5.109093207968690820e+00
-2.081910922924432139e+00
-4.227961499412063340e+00
-2.967096522878292841e+00
2.883086620544843548e+00
-1.095201390924293783e+01
5.342072935870397110e+00
5.326499960546713375e+00
-6.382628221337004248e+00
4.755058830211607912e+00
-6.921839988214097961e-01
1.861239247558394094e+00
9.964574718507093753e-02
-1.683200090519371361e+00
9.005279817656866026e-01
3.931172300826276444e+00
-7.931157812503950133e+00
-2.131086364881265904e+00
-6.790444160900433346e+00
-1.028569612684021584e+00
-1.679336168272699936e+00
3.610079114152501489e+00
1.545543476000683647e+00
-8.489121929315003312e-01
-1.076335295293660899e+00
-1.607228334147274174e+00
9.610728770526003828e+00
1.429913117244645449e+01
-8.852631364127913072e-01
2.925442136906607260e+00
-4.822558810496536674e-01
6.927573565309249615e-01
-1.378194623108861983e+00
1.320215259933687824e+00
-3.872704142805473815e+00
-2.260312971196190013e+00
-3.200592114844093672e+00
-4.574206317846398195e-01
6.161948922015530350e+00
3.809707233787420932e+00
6.855370101078142597e-02
-1.105170377714517294e+01
8.207246408824790507e+00
2.373724298456972193e+00
-5.348981667358809311e+00
3.627569182270343195e-01
-2.816917158972644053e+00
2.664321312180485624e+00
1.464995036733939715e+00
-2.592512167098003584e+00
1.147478880289854564e+00
-1.282238500923184699e+00
-4.149401843730263550e+00
-9.958991807353682058e-01
7.762217536496849313e+00
6.981380802760636106e-01
7.847768546715746751e+00
1.256200916782199251e+00
-6.356045029479206576e+00
6.416988880512660698e-01
-7.174916890689277515e+00
-3.998466932640726057e+00
-6.205322380467149124e+00
-9.775442380721921509e+00
-5.124473680792919206e-01
1.857445182864070787e+00
-1.088338061936719114e+01
-5.172972929349447524e-01
1.020615388001792567e+01
7.915462107760886212e+00
-1.170277479774575013e+01
4.144997088413212794e+00
-2.754921086930776752e+00
-3.335324537287674307e+00
8.790961647991655248e-01
3.052303757906870363e+00
-7.213449776827516757e+00
-2.765583700747289431e+00
4.057989416169588637e+00
3.713128026198289966e+00
-1.839293070777043182e+00
-5.642476710681881835e-01
-2.001729367225166367e+00
3.974552061096657596e+00
-1.774810986991697259e+00
8.622644246701831605e+00
-3.826838979954247932e+00
4.641178372571784116e+00
-5.557466600063492912e+00
8.638002662409606458e+00
6.066471213415727703e+00
1.411873898224394130e+00
-7.145069916539320554e-02
2.154403972853221827e+00
5.073302731100670648e+00
-2.139203735016287578e+00
4.566184029309254377e+00
3.541254695696750776e+00
-2.059566368431645422e+00
-1.195039138119899702e+00
4.072601785865811230e+00
-7.524311358615876522e+00
-5.628366520099382653e-01
-1.232691863319076986e-01
-3.056135299870634370e+00
6.617446131216831340e+00
1.044520504694167462e+00
3.206794036861736252e+00
-1.466977409223804152e+00
5.669177583893785233e-01
-5.681492226068229456e+00
2.799709790997862324e+00
-1.636841560628437886e+00
4.553271389004409642e+00
1.663878236328892424e+00
4.451288038331089325e+00
-3.071049927988943606e-01
-3.626254687731417903e+00
-1.063287356859958699e+01
-3.786798533593715099e+00
-4.173323834318293457e+00
1.417316995526197942e+00
4.528255686417931081e+00
-8.686356336656627875e+00
1.597326421193149715e+00
-8.337436259574573683e+00
-7.873775047759424828e-01
-7.251308886998275582e+00
-8.254894352657433654e-01
4.947006037545788715e+00
4.918774264069099900e+00
3.553548674234570548e+00
-8.705581015823037339e-01
3.177447140968545636e+00
4.031134615378531905e+00
1.091336735029537541e+00
-4.465365865402405987e+00
-7.467418136699578213e+00
8.819275490985417632e-01
3.129769600221613324e+00
1.696470485940066109e+00
2.728542257001637328e+00
-7.775065354158667841e-01
-3.873455865275464927e+00
-3.792093907276140818e+00
-1.723048804345627349e+00
-2.536563658551633349e+00
-4.284303850917376089e+00
-4.041003182285889395e+00
-1.446246339018928545e-02
6.844664868782103007e+00
1.244812725406123644e+00
1.531167804375651809e+00
1.352654395281803534e+00
8.491891979667727242e+00
-2.457188216088962651e+00
2.123315522201460470e-02
5.093597571675555713e+00
2.253146247536991442e+00
1.381557521449177317e+00
-6.904308171884377954e-01
2.586018157377404592e+00
4.634461309616041191e+00
6.753378679125718875e-01
7.282019844358822436e-01
9.005198698886403008e+00
8.157326250578497140e-01
-2.034167063812255982e+00
2.528192949135638301e+00
7.402511979837365530e+00
3.992071959922335544e+00
-8.253727091024547491e+00
-2.010569868629657808e+00
5.599277256739072506e-01
-9.280125846312168747e+00
-3.000028545399940239e+00
3.849176673980030827e+00
-8.295565281940522340e+00
-9.979524598183296291e+00
-5.946972000663651947e+00
-1.702682892242665558e+00
-9.273073036183288043e-01
3.374467004028990580e+00
-2.942304432630339139e+00
8.261410085790318547e+00
-1.478242470947669807e+00
-2.824449473013455947e+00
-4.849473052988512833e+00
3.367327548395495640e+00
4.596410556581963291e+00
7.794964862758576585e-01
1.094589071189980523e+01
4.995286918125312781e+00
1.756248395179355604e-01
7.472530002322061549e+00
-8.325934179479752117e+00
-8.247469798894938364e+00
9.846016766306229240e-01
-1.324629745557922345e+00
-4.215709566768298444e+00
3.671642132946907555e+00
6.453540042691048306e-01
3.792439627557363746e+00
5.558093499840715879e+00
-1.522583248304203163e-02
5.125549817037797773e+00
2.209082335665671692e+00
-2.227301754743437723e+00
-6.229649289575529103e+00
6.020733585630846818e+00
2.587697486823478776e+00
3.699726351417069292e+00
-6.874749378688935764e+00
-2.732387426863053914e+00
2.612466339692076200e+00
-1.076519035486064091e+00
1.054618017622625992e+01
-4.725649675903721203e+00
7.011469471670959130e+00
-5.985682737465555014e+00
3.520072852250231699e-01
-2.658107263043714696e-01
-5.314680856084692540e-01
-4.107804873279377489e+00
1.869067044639092456e+00
1.085435149624419948e-01
5.064806921982019539e+00
1.068179884180169958e+00
5.137622842984634453e+00
-5.853224233737826410e+00
-1.600158348717291679e+00
-7.318859272593815746e+00
-4.983108570814733795e+00
-1.124114146625872301e+01
5.845370404456390112e+00
1.365916434590398154e+01
-1.292028786254519224e+00
9.660444873372631136e+00
-4.649636308893667191e+00
3.026358425481211256e+00
-2.759725282261666024e+00
-7.670254251818902524e+00
5.238057540018058178e-02
-4.708344625031570807e+00
5.531849064141305394e-01
-3.161511310383684492e+00
1.473060094231513295e+00
1.808892748330077627e-01
-3.470964590514771242e+00
-1.228877471321470871e+01
-1.944233710196280773e+00
-5.503835474199544109e+00
-8.177456514861580317e+00
-4.099374918329793616e+00
-1.910130273665602063e+00
-1.123857587418084769e+01
2.844054179505869140e+00
1.928542919881968798e+00
-9.969552559562837146e+00
-2.533440172274755042e+00
6.395488725984069589e+00
6.131191241760356903e+00
-1.387170447150801511e+00
2.090697214173430574e+00
7.561696468905145796e-01
-2.017394913246475685e+00
4.421234973745759689e+00
-2.915096148614950700e+00
-2.134588983920769234e+00
-7.023281402974306253e+00
-2.392256379771469377e-01
9.973329450680745722e+00
-2.282852623149258964e+00
2.263644107259895843e+00
-4.984376987121009961e+00
-3.292731822383505591e+00
3.916952129888698231e+00
2.464500116716056510e+00
-5.642219649702936657e+00
-1.091119218068227426e+00
5.248524313010303644e+00
-3.218610502432635467e+00
9.550584490766628187e-01
-2.493485447004125444e+00
1.160272948104255297e+00
-1.076015180561699092e+00
-7.444223940115509031e+00
-4.587707185070558080e-01
-7.753471967792769926e-01
-9.101255257059205350e-01
-6.747038219030935480e+00
4.052731917298014963e+00
1.985094074399026187e+00
6.765664094986479249e+00
-4.363062419060097064e+00
4.014412665848980488e+00
5.110147479702530582e+00
1.483229003020372305e+00
2.154698370747744285e+00
1.308885421358911039e+01
8.861711158441547553e-01
-3.182792974379519357e+00
1.118569438034968888e+00
-1.017479759664637662e+00
5.293053034596975515e+00
9.370191628360310387e-01
-3.114942086810543742e+00
-4.868736216658501093e+00
-3.811344177556145407e+00
2.164791101624726100e+00
3.084870134559351218e+00
4.627605415816389289e-01
-2.018427457622726351e+00
7.157483360766874192e-01
-4.283499311493960682e-01
4.784969569441122950e+00
-4.907641266989006823e+00
9.317025063823473896e-02
4.829547602131999406e-01
-4.810205989165041579e-02
-2.054862241941057377e+00
-2.366695155644477300e+00
4.446382149442991150e+00
6.571582635075953860e+00
-9.113131987563116709e-01
1.241654055942839996e+01
6.390183415518025711e+00
1.152042420104404385e+01
5.381107801091789433e+00
2.584245480260698891e+00
-2.481387639280864921e+00
-1.240913547149312235e+00
-9.798316331284469882e+00
1.190384731855822054e+00
-2.857490239026515777e+00
2.416113538240600711e+00
4.404950107411536031e-01
4.110847217737389592e+00
1.576218665200480373e+00
4.539349195992483210e+00
4.014739221935474389e-01
-8.234306233237504102e+00
-2.191350844945225251e+00
-3.139368205780935117e+00
-1.767691143040376778e+00
1.869063585655515336e+00
-1.007069792052826429e+00
-7.513320887649845847e-01
-1.227324938662711196e+00
-1.972314782742025985e+00
4.553457719590804587e+00
1.650916310452981373e+00
4.034108410291245228e+00
1.497133299253212968e+01
3.882843398012956193e+00
-4.779606446716227808e+00
5.304697169149791058e+00
-6.274380884880972786e+00
1.722014360581839154e-01
-1.528233519833097853e+00
-2.101244954146249011e+00
4.725451397001898535e+00
-2.995415059856638251e+00
2.733832605645501346e+00
-1.224104074950100651e+00
5.417267359963538809e+00
1.429286001137015205e+00
-3.595418672660531278e+00
-1.738172865521200872e-01
-7.724242135565452250e-01
-4.068752383086103208e+00
-6.749433268238899108e-01
2.556109097182562628e+00
-1.081651602478942564e+01
-4.143144648635834315e+00
5.546514597780577205e+00
-4.814546334532591843e+00
4.257486886053039932e+00
2.356030679835970920e-01
6.080079448882453441e+00
-3.395679456402674656e+00
-1.544233845865329080e+00
1.352575221416399076e+00
7.278470182207192885e+00
4.876484375278539729e-01
-6.122050450555570400e+00
-7.629912245388210668e-01
3.093910873523902261e+00
4.247331220303272481e+00
2.714168406851736215e+00
-1.642799822436570967e+00
-4.280420569900384109e+00
-4.958566672881718596e+00
-3.056756881145777371e-01
-8.024874513098085416e+00
1.921972934904609742e+00
7.266130804504759844e-02
2.309629379214550304e-01
-6.812725852771194246e-01
-3.115594823911809197e+00
1.008505634749719704e+01
1.254611214459382396e+00
1.757225747589527654e+00
-5.382651505041499362e+00
4.351715049522518974e+00
1.173493247521147254e+00
5.400901729653737604e+00
-2.326607274765912781e+00
1.612452483560173233e+00
4.894909269189311019e+00
2.054172161190646495e+00
-1.426841067588023204e+00
-3.209660274731977569e+00
-2.785323971202535165e-01
-2.973673083391854099e+00
2.036667430586789340e+00
-2.194562044502160969e+00
3.108857941677425352e+00
1.687447757847869489e+00
5.337921445538110987e+00
-1.407959041708017889e+00
3.489252665780138596e+00
6.925605364562622768e+00
4.316028733154891661e+00
-1.743395202498742913e+00
-2.057083873101940519e+00
8.258449874677680214e+00
8.909701035896883115e-01
1.909182736987358409e+00
-2.125919216975553222e-02
-1.191666291166845859e+01
-3.611259941371669502e-01
-3.177769285926059784e+00
3.930955680651358808e+00
2.849031269095591679e+00
-2.624724353139636368e-01
5.272009405530139858e+00
-5.128851577701576403e+00
-1.871356660158440821e+00
-3.351181711850888867e+00
-1.023045947289932256e+00
-8.835185689629538874e-01
-4.048019726704286114e+00
-8.987169863657645807e-01
-8.340701002803180941e+00
2.980108541281436096e+00
1.618986776494581781e+00
7.014753521298006333e+00
5.276701930464247070e+00
-2.544238074144014483e+00
-3.119099507079458267e+00
2.509434534256866467e+00
-5.014786272533031664e+00
5.471683279002331091e+00
3.720277326067580770e+00
-2.691013871333072238e+00
2.763443834200357330e+00
-3.265502257057355084e+00
-5.320720798356442849e+00
1.089651999797111159e+01
-5.320131032718385278e+00
-2.689481125453608623e+00
-1.364751472651802855e+00
-3.926750102358993910e+00
-1.937079385708923018e-01
4.829227118828519849e+00
4.193030093570013328e+00
-1.220367778900952338e+01
-7.139179297097811627e+00
-3.591430207324776691e-01
6.272237920537248046e-01
3.167938474290686646e+00
1.296377195270709670e+01
1.933172114884078585e+00
-2.760545525303414460e-01
4.177503753272701625e-01
-4.258015858801038611e-01
-8.645645338060760077e-01
-1.675003120223297781e+00
-2.475437243863038983e+00
2.440621884475654202e+00
7.255710851636766989e+00
-1.509524946996719796e+00
3.091815878287189345e-02
-6.381613276329274775e+00
-4.528132705554723358e+00
-5.810302960934322414e+00
-5.577416820043100687e-01
-3.304745270695718329e+00
-7.031414717202564724e+00
-2.809322629515306424e+00
4.709813341025071765e+00
-2.794625857531171320e+00
-5.109800690813795399e+00
-6.904963834257538124e-03
-1.791795967350810814e+00
-3.315472286659152168e+00
5.422119782735443927e+00
-1.272868779128880357e-01
-1.341971233752995873e+00
-3.290227326122848517e+00
3.141588661284766548e+00
-2.685894922302618948e+00
5.364559695122481209e+00
9.646131623010964162e+00
-1.918781416777768811e+00
-7.922290132458326140e-01
-3.475003226688486713e+00
-4.829464909383743176e+00
1.192675538986859740e+00
1.768958902123402233e+00
-5.852031031650929194e+00
2.041119091546377273e+00
-1.059441135785792909e+01
-1.848751521871342174e+00
-2.392457141141343335e+00
2.787687523691844582e+00
1.343472652800294487e+00
3.000214481434804181e+00
-7.720164901791369161e+00
2.372847267395447712e+00
2.376036893953648477e+00
-6.065785948197176758e+00
-2.810126817104496411e+00
4.665125728548177086e+00
-4.141451827914023553e+00
5.193262458111158608e+00
-1.891690292314077981e-01
-8.090887254404075524e-01
-6.526443929921972309e-01
6.534238950697275783e+00
3.438807328355601989e+00
2.334887075153145641e+00
3.512411778997635570e-01
6.936642658767971925e-01
-4.991416648311302495e+00
-3.698171711095991299e+00
-6.305490016949202303e-01
-6.307553852022620977e-02
1.209995342316430467e+00
4.047243471188248343e+00
-5.779282664401213410e+00
9.878825766089551763e-01
-6.415763442451527521e-01
4.306285898002914614e+00
-3.827683104106460288e+00
-5.601139810972487476e-01
-2.998193969208384768e+00
9.240436584766156258e+00
-1.647733491294820052e+00
-2.614732266496711421e+00
-1.307422368720047068e+01
7.440510584982432674e-01
-1.763033134599270024e+00
-2.502966660559768908e-01
1.732467849361105205e+00
-1.483018217634335112e-01
1.008057529125417062e+01
6.481865314326195282e+00
-2.890791343483471998e+00
-8.051023801761209242e+00
-5.289784858589544392e+00
6.378844244882873049e+00
-6.981067600921334604e-01
4.300760832638463427e+00
6.958947549125510612e+00
6.386524182233999092e+00
3.565902995924054686e+00
-5.122606641114430204e+00
-8.686367077478108101e+00
-3.793069630348291366e+00
1.188438486462431332e+00
7.388881307827722900e+00
-4.432244758157271036e+00
-3.229546709285418427e+00
1.608066071863100133e+00
4.419699471327036000e-01
-2.540231225318068997e+00
-8.438664304619066803e-01
-4.641558778006899644e+00
-5.216583187057207027e+00
-1.141316809833344159e+00
-2.553434804849810114e+00
7.745214558058529875e+00
-2.671719177369713094e+00
-3.797302488009711041e+00
2.820819337568058138e+00
1.935910685426229128e+00
3.189208835569736777e+00
6.925987122174447563e+00
8.859935538957406820e+00
4.148246058792212310e+00
-3.144002706407611480e-02
-4.867910911882185054e+00
6.104844575270295115e-01
-3.649630302099008183e+00
-1.428107707921555614e+00
-2.583037735128282719e+00
-2.535626086460922579e-01
-3.544057444100526144e+00
-7.414434579620963639e+00
3.756345225767018903e+00
1.383762185289962587e-01
-7.382082281624009035e+00
7.144227238877477459e-01
1.279964266296524711e+00
2.293229940222401897e+00
4.084046251759275492e+00
9.100107915562078986e+00
-1.191376607146622080e+00
1.444633701461612629e+00
-1.024359178551206817e+01
3.100341801507275008e+00
3.678344842683888061e+00
-7.282194678664436260e+00
2.409414433200783190e+00
-5.657667094801686059e-01
2.400420789982850689e+00
-3.481790326752705944e+00
-3.309578323030368363e+00
-2.457741174122486161e+00
6.296301825115989459e+00
3.797459892006056492e+00
4.459235260646845056e+00
7.702569855019816281e-01
6.656767793550614876e+00
5.844227350859377168e+00
7.063133260399374613e-01
3.152708369861949134e+00
-3.771462545797678256e+00
-5.737171700280305764e-01
-6.162457595932461452e+00
-2.961391447069339211e+00
-1.159689547890253358e+00
-2.669283490540687698e+00
2.525906915632515570e+00
8.439407172631245402e+00
-1.682826273611374379e+00
-3.073248830715405777e+00
6.020511954575453295e+00
-3.876115943347359316e+00
1.010311000088922828e+00
-3.240661324633496321e+00
-3.515450434083533970e+00
-3.131555909124084103e+00
5.539717936645433660e+00
7.513430718385754048e+00
5.311303786024688556e+00
-5.554850023173367735e-01
4.060846631838685106e+00
-6.861681295335672282e+00
1.226866835763605446e+00
-7.117871955714301091e-01
7.452807046006047820e+00
-6.009202376219913155e-01
-3.485671684799247494e+00
2.472310967283828820e+00
-9.690153627613257825e+00
1.918283144434174803e+00
5.414056016668908455e+00
1.859707345740493345e+00
-1.024135426843111540e+00
3.782058663489475114e-02
-4.020858615472465480e+00
-6.014712706111660978e+00
-4.211496991073958363e+00
-7.815859898224600810e-01
-1.401421089650058960e+00
-9.966426485066730123e+00
1.007952062273381522e+00
-1.755814953999894179e+00
1.372940689355099231e+01
5.839998577300252514e+00
-2.620496826069839802e+00
4.284664752868075688e+00
-5.097301169457962189e+00
-1.957965948529579059e+00
5.941343151045905380e+00
-5.072569569186782701e+00
2.365518428677535034e+00
2.111902436359839541e+00
1.112123897098106440e+00
-6.988734344848054114e+00
-1.003962836446453816e-01
-5.638028884589051160e+00
1.344540224204173517e+00
1.723509873193492803e-01
4.931566828170735661e+00
1.834097214552222965e+00
4.358904968006489966e+00
5.649338678791074209e+00
-1.675024661462515829e-01
-4.253727573769316983e+00
6.348089911188646850e-01
5.821674460394715006e-02
5.591747398385821910e+00
-6.510433794498434734e-01
6.222068324589082877e+00
7.358554407537763742e-03
1.173860811364842771e+00
-1.265306158251137347e+01
8.955855334135865320e+00
-2.381645944792853076e+00
-1.542983203329844288e+00
2.820417485994796802e+00
-2.617263994411160866e-01
4.267900704523087008e+00
1.555381782638495469e+00
-3.653874728571289143e+00
3.165387969388919309e+00
7.617596356764328114e+00
-2.941915943001165878e+00
7.806407869820776391e+00
-4.021649461079805477e+00
2.222797771281979085e+00
-5.613536180864318048e+00
7.557302413037196409e+00
5.264108008976670083e-01
1.133343466926334475e+00
1.222123107878776205e+00
-3.520786818774264137e+00
2.059303892161651994e+00
1.327910200192846224e+00
-1.462811151300255741e+00
1.080249649467504236e+00
8.033429448764694003e-01
6.056083360697499529e-01
5.374566552928392582e+00
-4.666039014322608480e+00
2.024723247934768100e+00
4.904491399680243724e+00
-3.353308279253638169e+00
-6.483616008836348144e-01
2.175814351254116819e+00
2.377494871345031235e+00
3.386573776802850766e+00
-6.036034361555615568e+00
1.052189217603716997e+01
3.505866764056600804e+00
4.430535082604640351e+00
-8.189531491675914765e+00
-1.134696726867803873e+00
-1.988780400950780347e+00
-1.882981365612657054e-01
3.204685622707466930e+00
8.672224885685933415e+00
-5.021738113589995223e+00
7.887600778426679948e-01
2.227681964426507233e-01
5.415503816266492798e+00
1.583084854374228467e-01
1.057103070576115833e+01
2.821898321925547570e+00
1.780282472380356529e+00
7.846347000075494238e-01
-5.523814158883473269e+00
-8.193373855972424735e+00
-3.561134525598929290e+00
-6.581077253590073006e+00
1.009384738363692025e+00
4.593125902572602892e-01
-3.405964766261293519e+00
-6.860829254550328216e+00
-1.822207016942755997e+00
-3.621670165272198538e+00
4.304648242101305478e+00
-2.288421808577689287e+00
2.934204371936446343e+00
1.107153357280748729e+01
-3.111239478807273917e-01
-7.008485175538811340e+00
3.817025176368553208e+00
4.665740989199472999e+00
9.155262844262113120e+00
-5.342009363959371981e+00
-1.532800521572981856e+00
-3.602110720958819901e+00
5.552773756769661340e+00
-4.584031508306227742e+00
3.736267868502970657e+00
-1.551945402381069983e-01
-3.471785927782532699e+00
-5.726853284237512831e+00
3.666249459333426941e+00
-9.613980507988234336e+00
3.546916279383073523e+00
-2.345191503550457135e+00
8.868535769791295209e+00
4.969697615746023089e+00
-3.026844179240874233e+00
7.592979004599873072e+00
-1.161994052419085044e+00
1.005743158505778334e+00
-1.086035811366102610e+00
-5.806381128380331269e+00
9.254621745588373471e+00
1.756985327643500128e+00
3.399418593948628331e+00
-7.948548378641861589e+00
2.632749022982802334e+00
-2.387686985170613063e+00
5.305161502711063903e+00
1.491308716152591751e+00
2.927972406458603682e+00
-6.343852682796851106e+00
2.421295512728474542e+00
-1.816442535705838912e+00
-2.384440418440929133e+00
-3.032780113173238146e+00
1.337940617987189551e+00
-1.313701737873863351e+01
-1.158298962040069569e+01
4.546117129219499731e+00
-2.706768258094764068e+00
-2.209306911326649470e+00
-1.951821550731555943e+00
4.613439409164262983e+00
5.232261148480938928e+00
-1.041201848094955551e+01
1.389116346178936423e+00
3.727327628782501900e+00
-7.192604809833318402e-01
1.592722778757051261e+00
-1.591957146080844154e+00
-2.648194030976274593e+00
-5.886009201077916364e-01
-8.461213723474227066e+00
-4.191099503553651573e+00
3.046552580025514434e-01
1.093841041139006931e+00
-4.397938195736639244e+00
-6.224330924948129784e+00
-1.915156572536904633e+00
-3.111004529894897175e+00
-7.590157483591586374e-01
6.483038443323153599e-01
-2.534059392989957527e+00
7.106174172265175670e+00
-9.007627512554767790e+00
-1.329740719868527377e-01
-9.650944374570610274e-01
-2.857993795590711983e+00
-2.705925455434878391e+00
1.008516486403245427e+00
-1.808750089775587266e+00
2.425458131723594035e-01
-2.790210276277147461e+00
-8.466700212520805735e+00
1.055834005944858411e+01
7.338137363977446093e+00
2.567810753213570329e+00
-5.303549208964231987e+00
-4.561695971971703178e-01
-1.637395923402526154e+00
-3.221614843970819209e+00
3.100866115343285490e+00
-6.821997425905038881e+00
-1.370011419929443086e+00
1.509284042304587237e+00
-2.524821477454993079e+00
7.650207000825414161e-01
-2.398481302942213844e+00
-4.726983661828962013e+00
7.452787238722276442e+00
3.650028654172879250e+00
-6.092803869338346168e+00
1.824473716710037108e+00
3.131594425242124391e+00
8.471465820932293056e+00
-4.633410362541915184e+00
2.527125584761035770e-01
-6.867980310213939177e+00
1.299833244226738793e-01
9.184062133843585718e-01
1.969329487669121637e+00
-1.121135073824999440e+00
-2.378334713969344261e+00
1.927270502806388786e+00
3.852470075534330629e+00
-3.469147235289166131e-01
2.090655220721020946e+00
8.650810103985671518e+00
2.795735742210295971e+00
1.472159038475121307e+00
-2.079163077253618930e+00
5.668361654125888549e+00
-3.224842097331255819e-01
-1.132108157860903797e+00
8.034217134925128789e+00
1.602836546946491358e+00
