-1.321862718989903129e+01
-1.973551395600151359e+00
5.044641013866504409e+01
5.656429902020956035e+01
6.308240079252340315e+00
1.997801930356056133e+01
8.478946482554285069e+00
-3.434192280003350106e+01
-6.616383818762029634e+00
-3.519618137988492101e+00
1.939821426194612997e+01
-3.052153273206070772e-01
-2.457048935137522605e+01
-9.894460409229719033e+00
2.048972094721425918e+01
6.077365960237079179e+01
2.724189240277443247e+01
-9.456370553900915965e+00
8.838230598318009612e+00
9.799299974568135951e+00
1.047287193706804409e+01
-2.891920239272166171e+01
3.116114623578602760e+01
2.701449461399155894e+01
-2.694184765250962954e+01
-8.289345898584212335e+00
-3.483956188902076434e+01
3.279873566273302998e+01
-4.949406777819173264e+00
3.897414372807882899e+01
-2.130213318319576743e+01
6.864347450557866104e-01
-1.735405773825392117e+01
1.168922313224197040e+01
3.804160901579098208e+01
-2.242784912444973955e+01
-1.093698231597631931e+01
5.312600139131968824e-01
-3.074243631150930511e+01
2.864457766524357751e+01
9.303426389113019113e+00
-9.608179349482819376e+00
-5.762708117864479362e+01
2.765596495630735507e+00
1.588730069503173681e+01
3.025516125781787480e+01
3.633781869647989282e+01
-4.387409656292114590e+01
1.484709459052796632e+01
6.394796705744921539e+00
-2.023584210981002940e+00
-3.713234243821617042e+01
-1.450061877362330875e+01
-1.684053025522899460e+01
-7.056461221619663604e+00
-2.361118570013056583e+01
-8.109126603381033860e+00
1.333161846616931534e+01
-3.106030857161566416e+01
2.234817073560351375e+01
6.247667326335703208e+00
1.459560722153890922e+01
1.359626365949494087e+01
8.670942003960339761e+00
2.348097318273195100e+01
2.030684838069357312e+01
-2.052342418340505859e+01
2.889153943628830490e+01
5.034548454309549115e+00
-1.233570351155240274e+01
-2.542767999656680900e+01
-3.552934663758248401e+00
-9.307814249864651401e+01
-1.115933413080346881e+01
2.395956319289882330e+01
2.444846754004792899e+00
-2.227340151092579035e+01
5.547274878637020379e+01
-2.517164499746186834e+00
-4.498034424040979751e+00
2.177751158544509025e+01
-2.819378189227275300e+01
-3.172262799948300849e+00
2.802874637779212197e+00
-2.852891991063356159e+01
-1.003305836637275839e+01
-1.438658374976986565e-02
-1.194763113383366004e+01
1.425785724430287260e+01
-5.575149694239716069e+00
3.403887783884291451e+01
-3.912128038216493309e+01
8.916063662697183645e+00
2.015244638789825160e+01
-2.337441595479111456e+01
-1.590529384931598322e+01
1.518651906934145401e+01
2.029531350859663519e+01
-3.971653456486283318e+01
8.699940132677919102e-02
5.039219882165815534e+01
2.233552053483012401e+01
-1.300645345955862453e+01
4.535832424111206629e-02
-2.791395839804195944e+01
-9.260559410879917408e+00
2.372859304581577788e+01
-1.511983164733759821e+01
-6.807086365710594222e+00
9.822593291682654382e+00
-4.105128631213364798e+01
3.263178898531777605e+01
-3.432820098106665085e+01
7.241143180984784067e+01
-2.910510201688020615e+01
1.898544329697002553e+01
2.299745686482379270e+01
2.584083093193560643e+01
5.607854291861448459e+00
1.577428941048593458e+01
1.396903677433957824e+01
-1.860666227899765346e+01
2.038206214420938522e+01
3.045382003612002464e+01
1.488453533458166334e+01
2.924926664746039151e+01
3.022111369082508858e+01
-6.788476344523706985e+01
8.462541495004339609e+00
1.304704744919192194e+01
2.292577594924291162e+01
-5.301169133146568235e+00
-2.310456807299481241e+01
-1.482962504995395170e+00
-2.633649665029397724e+01
9.983041086796452745e+00
-2.889936306458741910e+01
-1.304457689121926478e+01
4.006641523270525695e+00
1.869880967166595243e+00
-1.347126935997284214e+01
-2.511706446886572053e+01
1.987933873569940602e+01
-2.148425535007018539e+01
1.280955503171911403e+01
-1.422937659187462245e+01
-5.887635680668159210e+01
1.648908885126777335e+01
-9.632178331990000064e-01
3.676283190795675182e+01
7.779222869793370743e-01
-1.890368542457363432e+01
-6.180912980561043923e+01
1.025188694984470317e+01
-7.617546839740614750e+00
-8.813840194434582997e+00
-4.359174277934605612e+01
-4.609697465088851942e+01
-2.482382513570812321e+01
-1.447345033698305983e+01
1.041831195718148084e+00
9.260809371336685913e+00
1.165480505420226365e+01
9.682709341572820705e+00
-1.186828769969660513e+01
8.231528076523892068e+00
2.259037485999073613e+00
-2.890431321996171832e+01
1.917792957768581275e+01
1.639101150772824056e+01
-7.372617403313094897e+00
1.672162052264539289e+00
-3.383325882363575943e+01
3.270904312078221210e+01
-1.998475323320310437e+01
-1.118462051153963444e+01
2.399325447346337015e+00
7.713316961977244368e+00
6.444998412596919302e+00
7.061982371298752170e+00
-1.018887965558276099e+00
1.470833302984959801e+01
8.196383537627957239e+00
7.135479748833137847e+00
9.119445487404346906e+00
-4.235668298539725818e+00
-2.756280054555052317e+01
-4.694128042038649085e+00
-1.481158038095645502e+01
-2.687828700967172679e+01
-1.725555079635628886e+01
3.619614857361462601e+00
9.338777840713778033e+00
-1.022021852834310884e+01
8.354696304073346624e+00
1.996608441647577692e+01
2.850230932387617955e+01
6.575022745373384936e+00
-5.157819094811890714e-01
-2.240027412958301056e+01
-2.226058147621327166e+01
-1.546058597537412460e+01
2.661061377224188718e+01
1.999203239656902653e+01
-1.296871845827040026e+01
2.673282780022476857e+01
1.503087680376945023e+01
1.222231476908407366e+01
1.550656650971866135e+01
-2.322912562281725002e+01
-1.066471933901876312e+01
-4.903195097267966673e+01
4.214227097644352682e+01
6.825972604482105410e+00
4.170795462704456469e+01
-2.456895275196115946e+01
3.953149288037597842e+01
-3.732039795487182232e+01
1.159972678714844463e+01
-1.795573373177160370e+00
-1.518169158033124688e+01
-1.358004142402704417e+01
-2.757851219582673252e+01
1.461802301031844920e+01
-3.913956387082881960e+00
5.968098028459044002e+01
-4.754129945545977876e+01
3.019786163811092194e+01
-2.436078005553133252e+01
1.517791806194606075e+01
-6.884436621182403826e+01
-5.376234385763321200e+01
2.504563565123264013e+01
4.566458645402348537e+01
-1.212000340949681121e+00
-2.856863734759796003e+01
-1.903353303654488471e+01
4.811721745855233934e+00
4.336626976088944652e+00
3.492622258801905843e+01
2.241015599807096237e+01
2.178802808095570853e+01
6.550601890148014661e+01
7.251254751728918535e+00
-3.468112719774499197e+01
-5.147262485844156465e+00
-4.192931610658323649e+01
-2.041761287862761520e+01
9.206905339540394806e+00
-1.390834460320670374e+01
8.044179003785171034e+00
1.350180065589485956e+01
4.386404768495054185e+01
-2.821530441056057725e+01
-9.280284536161035547e+00
-1.007017409328309299e+00
-1.536860749091000855e+01
-1.898775037575097002e+01
2.175773894468570724e+00
6.496373870253844274e-01
-1.350181899494060112e+01
-1.754420406763842166e+01
2.479656614266376025e+01
-9.209525317868223482e-01
1.997993471784728214e+01
-1.507227526110607840e+00
3.389108701249905931e+00
-2.049103659892887919e+01
-2.569185468859009802e+01
3.592505888629548139e+01
-1.688631868001797898e+01
-4.760870443676694208e+01
-1.053156033939305836e+01
-4.223935121235169277e+01
-9.966382416698516877e+00
-2.416478856958729438e+01
1.575111614987736530e+01
-2.331641940641140920e+01
2.874014234257553824e+01
-6.505506804744959126e+00
4.297793416787286702e+01
4.032687034269505233e+01
-1.778461275095309446e+01
1.743861259929321506e+01
1.775743331962059912e+01
-1.660983610255608367e+00
-1.468958514838691620e+01
-1.603765287648452542e+01
8.688742597120469924e+00
2.444850373860595738e+01
3.692987011660927976e+01
-4.393679443609382673e+01
-1.370014416087360765e+01
3.442344463090183826e+00
5.740761797463520111e+01
4.115253327175959441e+01
2.516713781434392416e+01
-5.196724492252809746e+00
1.934356367880421956e+01
3.271879874478741357e+01
2.084674293108481891e+01
1.205924282390981617e+01
-9.460305800205679461e+00
2.788560325066502799e+01
4.440400755641049813e+01
-3.638872031989259170e+01
-2.085051718019509437e+01
2.050927020057863359e+01
9.122712519065478531e+00
1.048942792242913669e+01
1.543270299936348167e+01
-4.970493757741670038e+01
8.794563611847955542e+01
2.518676695639100416e+01
-1.396993045246238729e+01
-4.218351763312413993e+01
6.302047257756466792e+00
1.332380689431381704e+01
3.301931521617300636e-01
3.799070766198183691e+01
-1.052383916026044730e+01
5.039947720199742065e+01
-3.491445065190062280e+01
-1.665029366637648067e+01
-2.091593594199446926e+01
-5.609791370785419673e+00
7.180170841267232262e+00
-3.543127605232763244e+01
2.417826790580558693e+01
1.067620686069828828e+01
2.858375450450795796e+01
-1.365626144415341869e+01
3.912515185694297060e+01
2.452649658367430163e+01
-2.975455551924272513e+01
1.277799260117272340e+01
1.181659709767933109e+01
-2.685982027908918823e+01
-2.278720782526919209e+01
5.505890936169622307e+01
-2.095572507305315213e+01
7.565707343899445547e+00
-1.477703176470426882e+01
2.265347491473763242e+00
2.139026315248131027e+00
-2.553947125940225504e+01
-3.171649307955572539e+01
2.169800424659534244e+01
-2.544443239272570878e+01
1.230606747507950516e+01
2.802532532718912606e+01
2.476458919735230779e+01
5.744688005482544435e-01
2.324990232920783839e+01
1.525636398583131026e+01
-2.415166604912584170e+00
6.879607935023312137e+00
8.536145339358824913e+00
-5.649889651681716174e+01
6.763717083314013223e+00
-1.834005752636011621e+00
-3.815374458040211891e+01
-1.352882675318719485e+01
2.325048389139427130e+01
-1.160794813595732755e+01
-4.058190475071874914e+01
2.413857131925775690e+01
5.925369077596489120e+00
-1.135483502894980390e+01
-1.566525740907851727e+01
1.988830771966976840e+01
2.341403169254969185e+01
9.092313365833961214e+00
-7.633219738890504757e+00
8.391744258236912835e-01
4.181190632580724298e+01
6.306976731868265240e+00
7.492725040541141190e+00
2.704941710527668164e+01
-2.145678304281668947e+00
1.334434790654555414e+01
1.874862521968996276e-01
1.770066079842190021e+01
-3.175216389667061634e+01
-1.877438711961717743e+01
3.743835209238183381e+01
2.624760800108277081e+01
-4.275853769827722317e+01
5.970875036465988472e+01
-9.293689592921701603e+00
1.698519019679211439e+01
-5.926848014095657646e+00
3.344716954453080859e+01
2.300498091865675576e+01
-1.879841994653851955e+01
-5.284845669197303586e+00
1.606726492734183864e+01
-4.050167165866350061e+00
2.430699589132528615e+01
-3.550707967713208291e+01
1.852977178523245172e-01
-3.123832661091140750e+01
1.611683518746163202e+01
-2.943047076761574488e+01
9.697410294547323062e+00
-3.304469575673552129e+01
-6.969892406963419162e+00
3.509219204512040591e+01
-5.130966214357660249e+01
3.491098995600019350e+00
-1.898128614666872949e+01
-1.039408988057541450e+01
-2.188024319613968416e+01
3.489301551738033424e+01
3.263757745789776266e+01
7.853642946575995154e+00
8.804034401618288541e+00
2.352329283014763206e+01
-2.392874788495720395e+01
2.235546358710766057e+01
-2.582289113300306482e+01
2.448908145639233780e+01
-3.185262095352495493e+01
1.916390539197597676e+01
-5.086156332652415557e+01
-2.626527599909469046e+01
3.169250647263037024e+01
2.009231257332369935e+01
5.183432810798528578e+01
-2.195806616571905323e+01
7.838948970421085960e+00
-3.210499819893587414e+01
-6.117911344013302610e+00
7.602750579489494953e+00
2.396564132680149228e+01
-3.978766504270956972e+01
-1.104202622296852709e+01
-1.079480061515774025e+00
3.990724524279681873e+01
2.933122009657164497e+01
-2.262483842655244004e+01
-2.441666753312089710e+00
1.048442068220433221e+01
1.411263841572559485e+01
1.240208991148485396e+01
8.121743125695651599e+00
-5.961621548572382068e+01
3.580303729385238398e+01
9.771237616621478494e+00
5.721281994185394737e+00
1.128600201273073012e+01
-1.163368118971938081e+01
5.016623552413128628e+00
6.020807666965778182e+00
-1.050861513586575136e+01
3.098342753064851252e+01
3.934113387871562395e+01
-1.490140226433721793e+01
1.395763109578364869e+01
-1.977275144531923345e+01
6.830981672961735640e+00
-1.623691347245790784e+00
3.506991982646375128e+00
3.367916331270631503e+01
-6.524567594452766350e+00
1.283279730130315954e+01
7.279091205752353133e+00
-3.350935898571868421e+01
1.780799036193535656e+01
2.942928000202678973e+01
8.678273292298708697e+00
1.293298668479768665e+01
9.331821083419056251e+00
1.414292943425835958e+01
-5.764548964242454332e+00
-9.121524905552533369e+00
-4.279564553489731793e+01
-6.650992782869426634e+00
2.292349239555392515e+01
-8.756889172590607728e+00
3.370488171211868611e+00
2.380237920219949288e+01
-9.813006133129341890e+00
9.873537931978617621e+00
-2.171214384139075471e-01
-2.267976609997303683e+01
2.091302149553509082e+01
1.990278209342755034e+01
-3.238092798144802487e+01
-6.669773503245540525e+00
-2.790992691113971347e+01
2.886778554302865629e+01
2.012033192787192348e+01
-2.219010654901894952e+01
1.498432832192519015e+01
1.680396602413997087e+01
3.917447444667014622e+01
-8.349849366403462980e+00
1.720914890725872581e+01
4.866197248202223591e+01
3.521923620120438869e+01
-1.855838230261153399e+01
-3.611482525859569748e+00
7.022520280740996768e+00
1.736833195345899128e+01
8.687357577350750537e-01
1.566407379842730929e+00
-3.157884927476726844e+01
1.098191349923532556e+01
2.025696382193932266e+01
9.612231659251126104e+00
6.194842852925406262e+00
-2.706906643043560834e+01
5.015599153346413708e+00
2.123558932236846175e+01
2.239005864940299517e+00
1.050426508795185399e+01
3.493272923303804589e+01
-3.139849368455999468e+01
-1.734580108948098598e+01
3.139753873660666272e+01
6.980482784635305693e-02
-1.419423962592134103e+01
-3.780608276421966174e+00
2.260341103965841114e+01
1.798187628386897075e+01
-2.459245063724391400e+01
1.037590089804946025e+01
-5.583954492598949493e+00
-1.335519361076307376e+01
-4.780979850217021720e+01
1.893658097402215645e+01
-1.637620418118515531e+01
2.582459888479996479e+01
4.572278568385962672e+01
-4.298311760651210456e+00
3.507882283684929714e+00
-1.952452348320858633e+01
2.516312118790525787e+01
1.282464057058091811e+01
1.015331841827024295e+00
-3.142079894041727428e+01
-3.797422439147430850e+01
2.387477929236593255e+01
1.538492898799750996e+01
-1.941740798685103897e+01
-2.812240351366510538e+01
6.807765286298104179e+00
-5.279910121172407145e+01
2.444482451873840390e+01
-1.472855742205814522e+01
-1.443326629512241155e+01
-6.469985544081374940e+01
-5.173959697663750745e+00
-1.108378512706084074e+01
-2.067333199017455669e+01
4.839906183017726349e+00
1.693183537050694554e+01
-2.245527948263464779e+01
-3.152695063434200051e+01
-4.432793309810539206e+00
2.039532733657091157e+01
1.989645792019378945e+01
-2.177853379575288528e+01
-4.135901195652543549e+00
1.637286263920956486e+01
5.164650119284392105e+01
-3.342567918685324102e-02
2.528114953889413208e+00
-2.731172323214001807e+01
5.048318652286514663e+01
3.579472629515676374e+01
8.277534567461385606e+00
2.339590005146704499e+01
2.868426571004915715e+01
2.669090203576363862e+01
-2.510646177631340592e+01
-4.363826791936248384e+01
1.746978386678098261e+01
1.729587358348194570e+01
2.432181202968949307e+01
-2.693592838771694176e+01
2.977074640772757075e+00
-1.207021787593029671e+01
-3.812415476230849087e+00
2.831771134819342350e+01
-4.912950230320023337e+01
5.555187864195316294e+00
2.858912170772251216e+01
-8.391137246064687361e+00
-5.298154637116837762e+00
4.542666285224355960e+01
1.163462902487743555e+01
4.859633310026656972e+01
2.082937394335352721e+01
1.418442301400828143e+01
1.789019948736309118e+01
1.879476408264719467e+01
-6.167624251639828969e+00
-1.712718314546676623e+01
-1.825793224403076920e+01
4.407380770426544636e+00
1.786146227844469081e+01
1.220996549300313916e+01
-5.969859661122254302e+00
-1.252436918221590290e+01
-4.106270316669491649e+01
6.860430884739583846e+00
-6.054643841851108377e-01
3.394684790988246448e+01
-3.158349127955182922e+01
1.720685164197827177e+01
1.985311311391243905e+01
1.873233600822880973e+01
4.157511869183064590e+01
-3.379360050779622782e+01
-5.392962078305502338e+00
-2.633901797996205829e+01
3.332533156692993437e+00
-6.135730850748473131e+00
-1.660236654767057018e+01
2.783097550989124258e+01
-2.020446531822179992e+01
-2.607635555452497300e+01
-1.682263675630753497e+01
1.092881379217156379e+01
-2.384761984645032484e+01
-6.517686635317114963e+01
-2.114883120878409528e+01
-3.549599478647924400e+01
2.247328325142824923e+01
-2.816143000192938395e+00
1.628669321805606884e+01
1.268860626988932339e+01
-2.057040385140378191e+01
-2.626423929247050282e+01
1.949577232709067331e+01
2.366673087594318048e+00
3.569318347303321559e+01
2.120558826879171122e+01
-2.725456011269953649e+01
8.121086893689621888e+00
-1.537267675374723730e+01
-4.424230077031440089e+01
-7.633678403612469410e+00
-2.157857006763927998e+00
-1.917466926872927502e+01
1.112259544873936612e+01
5.409383661827663303e+01
-3.775248812628499095e+00
2.531613330003582973e+01
1.842070745214458682e+01
1.754141529528957477e+01
-3.215960622586902673e+01
-2.451587570186223886e+01
-8.221752283953113860e+00
3.158936467843937734e+01
1.752562520824710290e+01
1.858069475629495315e+00
-7.199322596218033254e+01
-7.118517039183452688e+00
2.525537039154988506e+00
-8.618883199253822625e+00
-2.110605954038076160e+00
2.675732803632621781e+01
-2.060588357815883498e+01
2.782193706946969058e+01
3.819078669855012720e+01
-4.426452091599353267e-01
2.457703116878425575e+01
-3.644122790970313730e+01
2.654652750283790752e+01
1.586725570271405239e+01
-1.093805100181161372e+01
6.705036929461084760e+00
4.982968782280148901e+01
3.652206481179415221e+01
-9.613799311040363449e+00
-3.130405765787437744e+01
1.202399628510160490e+01
-2.764842240691202946e+01
-1.746780648853919971e+01
3.805722595870675207e+01
2.264933521400284633e+01
2.525728235694122148e+01
-3.814796540311362349e+01
1.827069637749410447e+01
-1.103139015217462493e-01
-2.819460413971727775e+01
-2.625977623296611441e+01
8.479291082915098698e+00
9.803932691098317775e+00
2.690052227513263716e+01
-2.057574232733728081e+00
1.451223502158802781e+01
1.049589666557351109e+01
1.607396953427694797e+01
3.679807186343806080e+01
-2.625577073174567033e+01
1.289812739195894054e+01
-9.012601249723232399e+00
-2.524770428553431145e+00
-4.485131148419127811e+01
-1.155853670446065529e+01
5.249326253661756425e+00
-4.084710451789713481e+00
4.649328222265805266e+01
-1.531881669639223009e+00
1.994966332204269577e+01
-2.041759581804970303e+00
-1.291514117088507518e+01
-3.838533430462083373e+01
-2.472919426126036768e+01
5.344761970361101078e+01
1.745088402261995952e+01
1.624498960841497563e+01
-2.742315216064965711e+01
-4.184407087967431949e+01
1.727954161231906127e+01
6.521152290318681821e+00
-1.337116558306325942e+01
-1.189123593236147691e+01
-9.426269029700867108e+00
5.149285971179626387e+01
-6.314760752427843293e+00
-7.110317799900783164e+00
1.756256625219462819e+01
-6.156862105263382290e+00
-8.697908431963087494e+00
5.532426684533055194e+00
-5.609385026651013106e+01
1.079611293376556169e+01
-2.607108034082220627e+01
-6.652303317682293660e+00
-9.216715047366932367e+00
-9.898313309828992601e+00
3.034439545697988549e+01
3.616579386757142345e+01
1.780288914982401494e+01
1.021585657619233167e+01
8.416705198294309298e+00
2.613213076686230707e+00
-1.749336116740047231e+01
3.865358636229680656e+01
1.416257862385638333e+01
4.576838144226733363e+01
-7.813698378069691586e+00
7.394967433135769319e+00
4.320166307067261613e+01
-6.606648789966564905e+00
-3.840024392862513847e-01
-2.187853260744748507e+00
5.081189389142220847e+00
-3.760142682609926013e+00
-6.675749587102212779e+00
2.205290114360924747e+01
2.383161251837540817e+01
1.208712773598906765e+01
-3.459339719918556000e+01
1.453713373401794762e+01
2.860465533668419980e+01
-2.407598695667075006e+01
3.761509338521725709e+01
1.645103689427214988e+01
4.149616210402351513e+00
3.143243891503981047e+01
2.601534621620677967e+01
4.503031036808800991e+01
-2.885760763156617870e+01
2.200397260505843278e+01
-7.219350613476116507e+01
3.312584393097844071e+01
5.154012697538743915e+00
1.165116149650253874e+01
3.018849228224884662e+00
-1.169194569172220000e+01
-1.673012171433295237e+01
-1.085650013641537015e+01
1.304243964957322532e+01
1.246929961568631340e+00
2.224002835846879833e+01
1.024561295743642741e+00
-2.054808130623101547e+01
3.802874640214584900e+01
3.327471467025676333e+01
2.858193641239823890e+01
-1.207052377489894823e+01
-4.062393827821066594e+01
1.732911904031271177e+01
3.257646579946231213e+01
-1.789776031255168576e+01
1.213599412107644149e+01
-4.376083191217385426e+00
-1.642546643908402659e+00
5.738425498206196806e+01
-4.089793359180534793e+01
2.075724923895406526e+00
-2.458058042810892729e+01
2.174474139944269524e+01
1.012339857687940103e+01
4.546669341501030459e+01
-5.283018886869070840e+00
4.464802261309793607e+01
1.894910672482757974e+01
3.885959073258793239e+01
1.359569174942632053e+01
2.166233848705624965e+01
-1.055265206698560121e+01
1.115360957224764427e+01
-8.964065094315028404e+00
3.501443683850054001e+00
-1.514231910586378405e+01
4.617656933321567436e+01
1.790327003882207180e+01
2.738741237121647742e+01
-2.194833463506901694e+01
-1.749840317515791455e+01
2.754204548087845694e+01
2.060633276450071349e+01
-4.717250489323496510e+01
1.248820259232172525e+01
-6.980532337501793805e+00
-2.360272958490125461e+01
2.482370037735281443e+01
9.952478798277239136e+00
6.519129935537296028e+00
8.224969266195014228e+00
-4.800554738142700728e+00
-2.932535753806808998e+01
1.322053143538926179e+01
-2.020593266767205165e+01
-3.071395182480618757e+01
3.282033992272572220e+01
-3.790512761950320453e+01
-3.244705517704018405e+01
-9.276926230408815144e+00
1.077566226013190409e+01
2.277839848365164954e+01
-3.847320089520555797e+01
2.065596690553749681e+01
5.695139442761863791e+00
-5.903505636325343531e+00
-4.664599151288277845e-01
1.905242430452581104e+01
-2.369594500316664920e+01
-3.384551195672783308e+01
9.643729035242865066e+00
6.254963261127367780e+00
1.366132191902910797e+01
4.331221736017560886e+00
1.182578699206944250e+01
1.925578264390058436e+01
1.644393362521331881e+01
8.210842197928522879e+00
3.853696150451752800e+01
1.751601922414500745e-01
4.199729050149616683e+01
2.403840053439282443e+01
-2.573628657838582257e+01
8.639825874290151475e+00
-8.873762032429238999e+00
1.514050424878253231e+01
4.673832523629850044e+01
4.355784724225316928e+00
1.277505380250650369e+01
-2.882520918138364863e+01
8.895108599962931351e+00
2.163625076489794452e+01
-1.073683267464467406e+01
4.142909390382143187e+01
2.268084712702259509e+01
-1.227510047619926148e+01
-3.573872009587600651e+00
4.358698504267341178e+01
-4.059677400707881745e-01
6.387931478373941374e+00
2.184784218422538515e+01
-3.990573762408364900e+01
1.570015706101070307e+01
2.571540888165784011e+01
9.149288072503260594e+01
2.339696974857196565e+01
1.128595194156794967e+01
2.558686713015604042e+01
-1.274706457838667895e+01
1.483059745433351573e+01
-1.300743477978126528e+01
2.183961994842251997e+01
-8.813146153797021043e+00
-5.774834259897854594e+00
-1.087907000590369400e+01
-4.347739449161466041e+01
-6.751846568881236799e-01
-2.694373981689642150e+01
2.601332977928175794e+01
1.294104199588828230e+01
3.724585690162964369e+01
-8.983602386933538853e+00
2.130578566244244243e+01
-3.665089590328334701e+00
2.325829038457342435e+01
-3.162257521070708233e-01
1.172166386791717763e+01
-1.266881607296777545e+01
1.135785673843160382e+01
1.016503907186537425e+01
7.059708743997806124e+00
1.107024587214080569e+01
2.075156662183308853e+01
2.213136953420751496e+01
2.489516467931141008e+00
-7.444327141147242344e+01
1.303084871381475551e+00
-1.000742446508288630e+01
2.710604174275746203e+01
-1.427079146484436478e+01
3.166045047144381286e+00
-1.586761877602163828e+01
-1.852953008799703838e+01
-8.992685096833259450e+00
-1.178696885826014196e+01
-3.274789425535508336e+00
2.628929908093763856e+01
-4.512186025977484860e+00
1.520043890242798135e+01
-1.128250680362058223e+00
-1.046166666964301584e+01
4.927966121866841576e+01
-2.296858779391991234e+01
-5.040996391907465402e+00
-8.649272620649931298e+00
2.511194832033327629e+01
7.990111123130549942e+00
-2.289025044011097876e+01
-1.578708785909514667e+01
-4.834952099966787387e+01
2.027826276366343805e+01
-3.425909899715020401e+01
2.079985917916021165e+01
2.777844634787355460e+01
2.107252509098447746e+01
1.425861646822586160e+01
-1.190687027263660269e+00
7.962684993656647059e+00
-3.668342338991803064e+00
2.425465441607389394e+01
3.017368817346822496e+01
-2.231621733730627710e+01
-3.602316302112711099e+01
5.457330710279538977e+00
2.477956624321854040e+00
9.571197911537776548e+00
-1.962166516705782238e+00
-2.387109504385498404e+00
4.156552886949966386e+00
3.348546318137933753e+01
4.999765998151224800e+00
1.662206423107290121e+01
6.237840874079278564e+00
4.980940546731599028e+00
3.012185877735657868e+01
-1.993178643404069916e+01
9.592723537755484031e+00
1.859493917737349022e+01
5.417521686595281949e+01
2.808543796976450224e+01
-6.439332385297624306e+00
1.411187150419464231e+01
-1.241603896697771958e+01
4.977972049010190858e+01
-3.736901249545000780e+01
-8.945912209762216349e+00
1.487993504943667666e+01
-4.562848355710379167e+01
8.547304981791432610e+00
6.879446256804170545e+00
-2.234534336779007901e+01
-3.060173206962258519e+01
-4.631752788271805699e-01
-1.348908283456715829e+01
1.716545187630837077e+01
8.652051521678922441e+00
3.268615887077292115e+01
-5.230353584429742853e+00
-1.857146326780079404e+00
-5.682567628645222868e+01
1.654579115696214586e+01
-5.889561462087412380e+00
-5.784864429229136462e+00
-1.132097835202247360e+01
3.181513540868519740e+01
5.334291189393959520e+00
2.406609411882504901e+01
1.286355141046258765e+01
4.091264260137598541e+01
1.030874182352433976e+01
-2.491549986440801234e+01
4.601895730640153914e+01
-3.876882058494504690e+01
-4.099057864897373094e+01
3.064942883593079870e+01
