-6.878899762674062224e+00
-1.184683179493395677e+01
-4.367657556024041376e+00
-2.056524646710812032e+00
-8.960389222468753800e+00
-3.178902277260231557e+00
-4.425325670824265423e+00
-2.013134313308052370e+01
-6.969004081940115114e+00
-7.604294562970599358e+00
2.763149954952902387e+00
-7.077888967819025545e+00
-1.402504384965477335e+01
-1.131011463990170895e+01
1.185512503192179601e+01
1.143824708369478860e-01
-3.263488753010248988e+00
9.079917638400825552e+00
8.321319453605672933e+00
-1.123478661796407252e+01
-2.023086781602004081e+01
-4.034497826465176296e+00
5.002701861159912777e-01
2.059818021497784368e+00
-5.172519146699600334e+00
-1.235127888616781355e+01
-7.368819460295690682e+00
-3.240019319925924179e+00
1.285155487355003778e+01
1.813523716192043622e+01
-3.431164905422495526e+00
1.734090040102060470e+01
3.176686550521433894e+00
8.714517682832468637e+00
3.068557500215482570e+00
-1.423562953830000533e+00
1.552380892926846911e+01
-9.380017174309095651e+00
-4.076953631704155256e+00
1.793066398571485864e+00
2.479032816031978470e+01
-2.961026370041308642e+00
5.890271896193187695e-01
9.556721619825196967e+00
-5.013889984289544799e+00
1.567422861492569020e+01
-2.505412253000631750e+00
-4.043052912700973778e+00
-1.121866114707934337e+01
8.425956668035535557e+00
-1.752049281749536558e+00
3.565365436490783857e+00
5.187054758652073216e-01
-3.270864349129237958e+00
3.811232245590026047e+00
-1.273480027315467922e+01
1.950209902273119056e+01
-2.636923186506404893e+00
-6.050192683970130325e-01
5.221263361717867646e+00
1.183867610166764628e+01
-1.163962731440141773e+01
-1.094320786629850417e+01
9.701810871681425752e+00
1.531003493304524632e+01
9.808865653304900789e+00
1.210282672955922045e+01
-5.380982022065190939e+00
-4.487469878251801880e+00
-3.767259419824980693e+00
-2.300600269441612777e-01
4.717744921288984372e+00
-7.716414414808569155e+00
-1.303119057165015526e+01
-1.676083448501953299e+01
1.438283876093992397e+01
-1.433429434291663185e+01
3.299936645580903605e+00
-5.674556144965186455e+00
3.179224212130279614e+00
1.004534479645956324e+01
-8.355284866606060845e+00
-1.227648243640250847e+01
-1.929485624720194537e+01
2.701319488761029231e-01
3.900714828761547182e+00
-1.314657734006500789e+01
-6.129423325109586429e+00
-9.446830162582337209e+00
-5.006573265366650816e+00
-6.228661433807157977e+00
-5.477334478048883959e+00
1.965883970361550226e+01
-1.264818683789641085e+01
-7.382068547198090691e+00
-5.973164778390983365e+00
-1.096683469295894930e+01
7.040562968728695248e-01
1.051728220622503152e+01
-1.234946247691405219e+01
-8.899798343958746472e+00
-9.507619268852153027e+00
-4.003510349309225447e+00
1.362354172400812580e+01
-1.082943077583392899e+01
1.084769223680820005e+01
2.377051473172800300e+00
-1.048626421894723393e+01
1.152971871778407120e+01
-6.621900238642723480e+00
3.611618517944311657e-01
-7.268972023027180818e+00
1.086420922452246351e+01
1.213107844077193853e+01
1.890367538770566469e+01
-5.660388585297629893e-01
6.026754116780902670e+00
-1.693096625464569627e+01
-6.353959821856289381e+00
8.299938765502869131e+00
1.240933758652536412e+01
4.858191587345432327e-01
-1.620154802239936487e+01
-2.188662746234285805e+01
7.024546883550486953e+00
3.712717773018109346e-01
-1.389111815445283682e+01
1.847284672193121580e+01
-1.697608015073534204e+01
3.444486959160027340e+01
1.188773306206825531e+01
2.254664356217097154e+00
1.894415710022643040e+01
1.944750346797298235e+01
1.879448187088994082e+00
6.925101652707308375e+00
4.820849311671781656e+00
7.819975372631407851e+00
-2.174241337210347425e+01
-3.774796196189460495e+00
-7.926154211792652227e+00
-9.498228371715542906e+00
-3.012408841495318512e+00
6.687335616405828631e+00
-1.029443800410575349e+01
2.332320102544360907e+01
1.304905411819883509e+00
2.418514481157383045e-01
-1.151240973389000466e+01
-6.831952672764034062e+00
-1.006665170481930716e+01
5.271460807371362023e+00
1.263671611001606720e+01
4.042805383838762090e+00
5.759986000997838751e+00
1.424266336042301795e+01
-1.562512469930361192e+01
-3.189732527765827275e+00
7.313372037525101454e+00
-9.332634111590579096e+00
-7.847947257575536462e+00
5.018225942932579287e+00
1.755297947931442337e+00
-5.975496824721018285e+00
5.949297616494152230e+00
-9.148166994040039413e+00
-5.739297842032322627e+00
-5.380358376358699068e+00
1.000733794195440396e+01
-6.166307103375039844e+00
-2.633947525609015727e+01
-1.372376315904722333e+01
5.109330311826375537e-01
1.760316279325587630e+01
1.126030121654062022e+01
1.060571491294086321e+01
2.478992429296092581e+01
-6.637175525866700454e+00
7.815244929516545369e+00
7.788195938986131495e+00
2.302479395438044207e+01
-4.600827911871888887e+00
-3.763900734515497781e+00
2.028601422362444140e+01
1.318685200841917260e-01
9.686900620570822795e+00
6.285943627334820150e+00
-1.873425017301363837e+01
-2.899526208649698233e+00
1.534993544225747542e+01
-8.088072870920900215e+00
3.038405167415266561e+00
7.742059579727715857e+00
-2.757483952869214772e+00
4.553471229974160650e+00
-1.761480955480936217e+01
7.019490646697658320e+00
3.470697785461404283e+00
5.790323759706323514e+00
-1.667976381116563545e+01
-9.482220833214334732e+00
2.586463317805816065e+00
-6.153744279516963900e+00
-3.238830173684488045e+01
5.507035024327215922e+00
2.281765129840044537e+00
3.592743245894030935e+00
5.969628501196389436e+00
1.153621673790346058e+01
8.747936098863540622e+00
-7.393188567205121409e+00
2.829566391903802991e+00
-4.840693548839475113e+00
7.763845294999112134e+00
-4.778208102673460189e+00
1.371116312980415941e+01
-7.630150906206356609e+00
-2.995876518425111268e+00
-5.968979776980510854e-01
-1.089376596224370219e+00
1.536930631956325932e+01
1.210052475488786916e+00
-2.556499409875433670e+01
1.101377422369961145e+01
-1.937381014024645509e+01
5.927198738484679374e+00
6.025650219142392849e+00
-9.629792886624854997e-01
-6.924314837078862084e-01
-5.940156425765770187e+00
-2.069059159016445992e+00
4.328311697934100089e+00
-6.358527123195560904e+00
4.251040826441833675e-01
1.821198620720722872e+01
-2.062418218010827431e+01
8.232027984990009095e-02
7.256055974474909798e-01
1.169052533119627135e+01
4.552003894478696466e+00
1.577058479245306977e+01
1.610204089739641020e+01
-1.374767216990289853e+01
-1.500862002678038110e+01
-5.959276738502151005e+00
-6.683010798991927182e+00
-2.469506733661936515e+00
1.036391008519985313e+01
-3.027533375076422395e+00
-2.033379105007046661e+01
-1.633535777955789214e+01
-6.585418260984905459e+00
-1.998339885571765961e+01
1.330262528736437577e+00
-7.717459694491432209e+00
5.509253925716445011e+00
-1.743144635619000482e+01
-1.358415731058937936e+01
-1.036461033434919088e+01
3.552909918698135883e+00
1.307078230951166908e+01
-5.704745029297416892e+00
4.081931245134009956e+00
8.077174741919280976e+00
1.700039677791514592e+01
7.495493581656869964e+00
1.729864942324348931e+01
2.528557740499435269e-01
5.953170442972675502e+00
-1.700615757352159108e+01
6.911488524701407066e+00
-1.011588802582429381e+01
-1.362434909120252780e+00
-7.370284761055931888e+00
-1.377407357720300318e+01
-8.378070725986804135e+00
2.291267537853340386e+01
1.042541360630069391e+01
-1.113373115622058052e+01
9.194145198260441632e+00
-1.439226619287688580e+00
-3.006861302791060098e+01
1.847709524079829535e+01
-1.581537918984552871e+00
1.150342442404703647e+01
-1.119964425070198111e+01
6.218470378785040609e+00
2.202948241470308233e+01
1.078568512190876660e+01
-2.119419836722248540e+00
-5.761512249027513022e+00
1.049489940071848793e+01
6.746840414691607890e+00
2.989234728279845932e+00
2.883667669937691969e+00
-1.770876303847479960e+00
-4.076975074441357094e+00
1.364162022687798803e+01
2.188942405487273035e+00
-3.318365928090384998e+00
9.088046470764311380e+00
-5.529580496699104675e-01
-1.827276166964227500e+01
5.737953947862917126e+00
9.694063819539170623e+00
1.428749505096732442e+01
-5.128803587557259291e+00
5.219670380021057987e+00
1.664311254064837087e+01
-4.449683840977814775e+00
2.751349387628123822e+01
6.395196112970099378e+00
-1.538250947970702054e+00
-1.476320664593100496e+01
4.647566626580538873e+00
1.061601021902380815e+01
-1.269408176750819450e+01
-2.167757450026384447e+01
2.030586781496275250e+00
3.614003799509530435e+00
-1.174703399446747198e+01
3.339284212224046033e+00
-1.093327188776129155e+01
1.386534757915536820e-01
-6.690516403152235725e+00
-1.711505565902294301e-01
-7.954321976390862581e+00
2.273752363588526837e+00
2.975708679219771113e+00
9.553817028639457476e-01
-4.800976098284472471e+00
-6.782820160123558928e+00
1.605981214531972512e+00
-2.075479787464251213e+00
-1.892430985486329487e+00
5.429598233757496617e-01
-1.042420523946628741e+01
2.778155819569596474e+01
-1.939604258421134020e+01
-2.184047274137562056e+00
1.247192686642724091e+01
1.959943260462390313e+01
1.507617212450528399e+01
1.010493727675385855e+01
-1.090470185988603014e+01
6.564978171153138531e-01
7.022970164259717540e-01
6.000067793425915674e+00
1.420389671285874655e+01
-1.916353849117813013e+01
-5.550512332281042127e+00
-1.846671235240106057e+01
-1.598824001600783262e+01
1.135425484803505825e+01
1.916568739766871587e+01
2.266936646090148777e+00
-1.275938636560632489e+01
-7.619801315144492548e+00
1.265755832220629040e+00
-2.451992483163376946e+01
-1.217727508301575590e+01
-1.169660387684815994e+01
-8.320504907056985644e+00
1.792940140941649929e+01
6.246735826210739972e+00
-7.782703575726291900e-01
-1.736023802625787127e+01
3.561357994857083042e+01
-6.356479901815890177e-01
1.061475670075645183e+01
1.929865914884886635e+01
5.444037373754765596e+00
-1.119084964511765357e+01
9.724026680967913450e+00
-4.275393132009880581e+00
1.030355108608153536e+01
-6.702489730210104968e-01
1.274438866071342824e+00
-2.025110912131452778e+00
6.674638166891740276e+00
-7.958135231795182563e+00
-3.716023649841115883e+01
-1.316170600015122183e+01
-1.363746727255792557e+01
-8.201372607328712760e+00
-3.237794319999244941e+00
5.887094523347318198e-01
3.472164171612296180e+00
1.675609158118204434e+01
4.225858168132853976e+00
2.047865974539528011e+00
6.898876542709951210e+00
2.802636685123048643e+00
-4.091631155158664157e+00
-1.890298953629290324e+01
-1.557778218231209166e+01
-1.100856667572642955e+01
2.131824995702564962e+01
-1.508914974367558059e+00
-2.669591504946781768e+00
1.732360095435264569e+01
1.508137350539675126e+01
-1.218427951696264699e+01
5.219193300642363198e+00
-4.722049984074889295e+00
2.306012658709678576e+01
9.699344468069133640e+00
1.071477822559917392e+01
2.197848127472202506e+01
9.926744808055664393e+00
-1.815977955635731433e+01
-1.319956440893511884e-01
1.265159348053275501e+01
-7.997348296753825636e+00
2.523721265864376662e+01
-2.324167843860256966e+01
-1.158117188020603017e+01
9.861798027579066428e+00
-6.497442694150063147e+00
2.047375846207625916e+00
2.559379448427209525e+01
-7.559725942293827217e+00
7.533867329122146295e+00
-3.504007235093365424e-01
-1.070068695120651370e+01
8.820242112544077528e+00
-3.406840432146972741e+00
1.202359163635828843e+01
-1.819582923400996677e+01
4.505223072778727023e+00
1.831075704786949387e+01
-6.448986036835788305e+00
1.176070627831404591e+00
1.417701943177858759e+01
1.381632650499128623e+01
1.255779243259905442e+01
-5.837374998761776013e+00
7.402242543211673187e+00
1.876988192055966564e+00
3.582623661520123015e+00
-2.061203736040248202e+01
-1.624776120504619570e+01
1.767391878919331205e+01
-1.918661244581392467e+01
1.411911264105803809e+01
2.232849504201115387e+00
-6.355299426869941648e+00
-1.383624233058446862e+01
-1.302923169719874963e+01
-2.044070658163573029e+00
5.233708224844545454e-01
-1.334460448183434522e+01
1.349901820249704287e-01
-8.782538206277775927e+00
-4.436238226857820877e+00
2.227196536316296438e+00
-1.626994133910684681e+01
2.573778386260626494e+00
-1.508371952541151639e+00
-5.169947912420107983e+00
-2.001046848271362322e+01
-1.519404900397337776e+01
-9.847044322858952370e+00
8.259490760233402895e+00
1.776038934698468097e+01
-8.809375649951132203e+00
5.263656306106723193e-01
1.996005373810572792e+01
-5.405149231888158212e+00
2.198510495388493879e+01
5.145079992857962026e+00
8.459216025063350131e+00
-6.284752404568012540e-01
1.499760069315398603e+01
-9.753715898286044350e+00
3.861119950915590238e+00
-1.886787584349102076e+01
-7.678024310253127316e-03
-1.189619007381811322e+01
8.343050685461365745e+00
-9.579727411372882528e+00
6.364606849450287207e-01
4.572003161200576260e-01
-1.498242168804536334e+01
2.257435341950430607e-01
-9.718598322214134555e+00
-1.283328655054688738e+00
-1.083296549438500378e+01
-1.708301486594484686e+01
1.407330125914858421e+01
1.584448954345933380e+01
-7.045849026812325278e+00
5.676632999009266989e+00
3.718648960665341008e+00
-1.459031393633991591e+01
3.338145764773536861e+00
9.679270412849576288e-02
1.426311492151471683e+01
4.414078606139313909e-01
3.968616401391972470e+00
1.163166367183077021e+01
-5.431639397811324876e+00
9.362248980162318546e+00
-5.616990510116461444e+00
1.734728110656575240e+01
5.204715442613028209e+00
4.578076347126594392e+00
-1.341036532321892949e+01
1.678752474806171691e+01
6.305575834119212075e+00
-2.518110119321708495e+01
1.291403418653379598e+00
1.875935950075308511e+01
-1.183682869687263128e+01
5.779967582747071120e+00
2.268108299376943915e+00
-7.462506186887196691e+00
-3.031956848673909022e+00
9.490595421408237087e+00
1.760062656799872371e+01
1.746789522355293300e+01
-8.685287201389662926e+00
-1.994890195904850572e+01
1.518002445895108465e+01
6.667440671731609925e+00
9.395252629279646328e+00
-1.130977277717019369e+01
-1.552456177124448056e+00
-1.352003498177623664e+00
-5.867253616405652572e+00
1.242363726312134453e+01
2.089397551675221720e+01
-5.790016862293596134e+00
6.256793212223399347e-01
-8.829188511876900236e+00
-7.458487925708413790e+00
-7.328037402428354774e+00
9.563642887929701075e+00
3.287346666290761732e+01
2.865469162105778622e+00
7.661419922200993327e+00
6.108872603408610935e+00
1.211999972852403573e+01
-1.535853700549253276e+01
-1.502516043406381785e+00
-1.919163961914752914e+00
1.918282085871784659e+01
1.311131803297037735e+01
8.789366555609305465e+00
1.290226905546905112e+00
1.758244173870192384e+01
-1.024418269710463392e+01
1.436920533757750640e+01
-6.310814273334607094e+00
-1.244298281581178145e+01
-1.260297157310350524e+00
2.004147296598197769e+01
-1.854048084293999699e+00
2.374089434732402282e+01
1.119938422081082052e+01
-2.206520047613327051e+01
4.883815368889212749e+00
9.876064351471859126e+00
1.734717317790620550e-01
-5.921614829874419783e+00
-6.808467218584175917e+00
-8.490980998629707344e+00
-1.458917754497876729e+01
2.301915577153678782e+00
-1.161124004753679451e+01
-2.357982575173862827e+01
7.839544528703677351e+00
-9.033136750848365537e+00
-4.929347745141525294e+00
-2.526044035361878937e+00
1.060110591579018724e+01
-1.171878077717720501e+01
8.792285314359466142e+00
-2.121148460058863705e+00
-2.228697568466258971e+01
7.007285136295664074e+00
-8.868031171237342747e+00
1.128029716331393040e+01
-1.200712450003683962e+01
-9.181188628519093342e+00
7.930615023968159427e+00
2.632040309022551838e+01
-1.797285947932167005e+01
-6.887190142086242695e+00
2.314109714631577219e+01
-9.406149536161766633e+00
-1.407330719931555230e+01
1.340765785163706525e+01
-1.894796131517721349e+01
-1.991927756580107456e+01
7.209145110128562628e+00
1.321178619959616363e+01
1.444818958621489102e+01
3.693410505668611954e+00
1.538523063540460534e+01
9.084769117743952904e+00
-9.877189202295182824e+00
2.073494009113346692e+01
6.794246292730847792e+00
7.230529004871788068e+00
-2.932877020735590090e+00
-1.876298170678542876e+00
-6.499675960032342381e+00
2.095253706812591687e+01
2.363302216906820075e+00
6.471198222491162610e+00
3.928762664026871576e+00
-3.105284978670455054e+00
-1.934847132571438522e+01
-1.107090308274570889e+00
-1.227268230929704274e+01
-6.983906633231104166e+00
-2.150138438135940788e+01
1.597048763388458781e+01
-2.811847076364581532e+00
-7.635382679983091947e+00
3.796056074488085130e+01
1.042399152752940417e+01
1.485789581174981144e+01
2.879746065243256048e+00
-8.394732817253332868e+00
-2.279082955094509089e+01
1.364171409918483491e+01
-4.449590271265931207e+00
6.729692231982792983e+00
-9.487632762920991780e+00
-2.083838201417784930e+01
1.877418290939423073e+01
4.363759361265223902e+00
-8.307409224956449734e+00
-8.562305197155264835e+00
6.129983740801357328e+00
-9.014250749941405516e+00
-1.839134670018191287e+01
-1.291096004388506380e+01
4.062081169897581390e+00
3.539556588195752695e+00
-1.952367425045945959e+00
-7.132782363153013172e+00
5.884827188144782006e+00
2.048340545307912564e+01
-2.123248034914895666e+00
1.262351347021901882e+00
7.154108785444379670e+00
-1.846563245026543498e+01
1.089880656523472524e+01
-1.557126048073217284e+01
-9.876633994053502619e+00
1.394019057021269958e+01
-1.349380157105078082e+00
1.064237833984013193e+01
-1.857605128468148692e+01
-3.805431506830982524e+00
-2.871049557075723069e+00
-5.608328067107779535e-01
6.750156103363493365e+00
-2.667905614682764881e+00
-1.938307464290158988e+00
-1.913872421362295739e+00
1.644671185336895158e+00
9.956852701254085503e+00
9.279453683004595277e+00
1.502463312071256496e+01
-1.198349133261919697e+01
1.041556256489345245e+01
-1.478764257184880471e+01
-2.093087611517899305e+01
-5.086128477393585534e+00
1.223564345403241482e+01
-9.796688042041269640e+00
-1.148730248525268571e+01
7.118911343437794415e+00
-1.133360955088021171e+01
1.140328637343108298e+01
-1.752238062500033422e+01
6.460096518016212208e+00
-1.021903916466377993e+01
7.963897788532723787e+00
3.991626430403220738e+00
1.972326587179504997e+01
3.566253037761750289e+00
-1.192660651082688616e+01
-5.521495367259363185e+00
-1.725608994077229497e+01
1.325925612896287520e+00
1.692745349644673425e+01
-1.261360340968627192e+01
1.568597959602909242e+01
-5.092553564806379107e+00
8.854975107684022184e-01
1.212989774283883193e+01
-1.999242999697062473e+01
1.039924652838311303e+01
-3.726028663723938816e+00
-9.777816011582833866e+00
-8.641612368563272639e+00
-8.212803027886929286e+00
1.923879285411589635e+01
1.908812666013477877e+00
-9.512148169080568039e+00
3.938242582417439763e+01
-9.993313875286958137e+00
1.749205650905368259e+01
-5.693026485094746292e+00
-1.567412612587842702e+01
4.956497881174681375e+00
1.043029521186591424e+01
-1.215739591759725613e+01
1.498930787987265667e+01
8.821494432123900609e+00
3.527381714237545651e+01
-2.276871073483854957e+01
-9.722248112668650799e-02
-4.749561359306895270e+00
-8.108000911397944321e+00
5.972846338405858546e+00
8.919578659394833409e+00
-9.173109297921236305e+00
3.462437918590806518e+00
-5.748057290638546313e+00
-5.143247542226882629e+00
-1.113424027335856437e+01
3.372569115530535555e+01
-1.191897467018115719e+01
1.623954454051838070e+01
-4.923126968751601495e+00
-5.908057605106161958e+00
-1.945875721777765222e+01
-3.289152423417959881e+00
2.581922719088304774e+01
-1.032257274883993325e+01
-2.967520833829596083e-01
-3.042734096289946422e+01
-3.133793999583949130e+01
1.878413967687469377e+00
-3.191396879979605528e-01
-4.416128865815935889e+00
-5.654687509905587106e-01
2.667583774251276196e+01
-9.323948701955259821e+00
1.012391375699262497e+01
1.090169861150851993e+01
-2.488521187214412578e+01
-8.633688078135211441e+00
-1.241401373615708259e+01
-2.748865158685626753e+00
3.353452708321714226e+01
-1.010279513507907012e+01
-2.415329573233358573e+01
-9.954238045382367561e-01
2.136597916030356714e+01
-1.637476196190795719e+01
2.066792113432987321e+01
-8.277699182572936465e+00
1.208168167615782496e+00
1.638336335361466212e+01
-2.342661012148371213e+01
-5.729867966356218645e+00
-2.769917368588313833e-01
6.942405434063371850e+00
-9.207639464885970071e+00
8.297279841369116227e+00
1.062667119655560732e+01
2.550067849575889412e+01
9.493841668039221915e+00
7.340375315794006816e+00
1.685936563107854624e+01
8.006325512915813292e+00
3.387164811679089382e+01
-7.580058243092181236e+00
1.168076810428595280e+01
-1.977829203841275785e+01
8.668731992206357262e+00
7.818509714013424095e+00
-2.531016239768208109e+00
-1.565634704999719773e+01
-1.547852709127339210e+01
-2.852014361603241621e+00
-8.344445566732279218e-01
1.591394231023010863e-01
1.004643805331978079e+01
-4.377688369152014758e+00
-1.284280980113864068e+01
-1.612381152874698742e+00
9.815107265305750062e+00
-5.518314050287163042e+00
1.300127111027780735e+01
-1.061066462801688459e+01
1.487214525254068720e+00
8.048263313244685691e+00
-1.086789478070750853e-01
1.423894698277470638e+01
6.620070220980642794e+00
2.815126286542891876e+00
1.426430046546226471e+01
-1.053137976779916762e+01
4.554938449986327242e+00
-4.047423682769001552e+00
2.466881940333137901e+00
6.278709221687461373e+00
-1.572609886888506114e+00
6.442660628448259708e+00
-6.208018582938079177e+00
-1.663918127126710722e+00
-1.565556438750664725e+01
-2.373749045976427396e+01
-2.238845293984991880e+00
2.068201641380917621e+01
-2.147823217023379527e+01
1.074571560998712272e+01
-7.672118329533804015e+00
1.684644403370374022e+01
-1.038983057574926150e+01
-1.161191061788107604e+01
-2.264320018750244756e+01
6.211274587643799805e+00
-2.511692050892277095e+01
-1.265160210769627014e+01
4.506439140590916104e+00
4.820673657366497444e+00
6.480592190729255186e+00
-5.114857606636444842e+00
6.020518918002003339e+00
-3.399484999762768744e+00
1.474957341780918441e+01
-6.377440675346790933e+00
3.564103784792990171e-01
-1.157473928694827903e+00
-1.105417917278803230e+01
3.660753841059687819e+00
-1.557834551598879713e+01
-2.553664513810027259e+01
5.204101689001869868e-01
1.392132420143273208e+01
2.039449505448399336e+01
2.289084715817211624e+00
-1.101173048733196858e+01
-7.327737756206153641e+00
7.188828784954130136e+00
1.781607108326248934e+01
3.484506194315989624e+00
4.666042667079849160e+00
-2.254688752157685272e+01
-7.633583840806928755e+00
-5.371116077814673595e+00
-3.151663883179012693e+00
2.509125802184779097e+00
-1.511003667396310135e+01
-1.727166040574889294e+01
2.077436441467035877e+00
4.622775532641849594e+00
-2.572660309516894728e+01
1.632088197178322986e+01
-3.426944608667196857e+00
-5.597828668290094623e-01
1.143794549941952399e+00
-2.429870775064007304e+01
1.479253000289971709e+01
-1.613564815611818304e+01
-2.211322176046928600e+00
-5.300683582052211351e-01
-2.435339388543164674e+01
7.284259637686247402e+00
1.388520903232419279e+01
-1.069878077431495988e+01
-5.901641175394163774e+00
1.467661923358490483e+01
-1.733919760241678887e+01
-1.569980192905331329e+01
9.981532901030234939e+00
-1.717602707176503429e+01
-8.142194747067650340e+00
-6.854300431492965640e-01
-1.055360947337793043e+01
4.761067321856249812e+00
2.831984155117694524e+00
-1.253759935258670488e+01
4.121596271993118954e+00
1.315851042124339187e+01
-1.084887443161004050e+00
1.355306036025799621e+01
-2.164236260129163703e-01
-1.540258121978000538e+01
2.500894427994027325e+01
1.065986116816671370e+01
-1.862610242039292885e+01
-4.255582115184806113e+00
-1.530935214140313150e+01
-1.583147772623639327e+01
-3.055492821729528519e+00
-2.019027513573997012e+01
5.974038588800334004e+00
6.230442929516171624e+00
6.084324018751416929e-01
5.050062333114457402e+00
7.548370203148196289e+00
-6.763298001906761669e+00
3.714698548435461767e+00
7.871999643217928444e+00
3.243700930208426314e+01
1.977064123468794676e+01
6.352772919056038248e+00
-1.180328256402071574e+01
-1.340869668554475869e+00
-1.493404123535213346e+00
-7.763474770276373782e+00
-1.870098542272796749e+01
1.182516022117129495e+01
6.571541217753191333e+00
4.709561248358157926e+00
-1.477883836612877211e+01
1.350404544761830028e+00
-1.964904590870515477e+01
-1.611387838100013425e+01
-1.476976563053330871e+01
1.369280519150037811e+01
4.732167282078413528e+00
1.349503160840945881e+01
1.682395956332290510e+01
2.322242769395255646e+00
8.777071043370188619e+00
-1.266144306100275330e+01
1.768624011978029031e+01
-2.010356842988185022e+01
8.691199646606280638e+00
-1.569603701172882815e+01
-2.391110732326324850e+01
-4.509594089175137377e+00
-5.055463896631514631e-01
1.154514191742247320e+01
-1.892874188296815419e+01
2.137963472798487974e+00
-4.591232917944894965e+00
-6.144525558890340911e+00
-6.288013082725244729e+00
3.535830585042627483e+00
-5.528672956309159225e+00
2.330176749439518957e+01
1.174648719198317970e+01
-4.177868372018773258e+00
2.057494141359766360e+01
-1.069750618704436995e+01
-4.352105103702803568e+00
1.666806788210424628e+01
-4.536982560842311440e-01
5.536300866838923973e+00
-1.386274783804595678e+01
-1.708438097389692878e+00
4.592320667791041977e+00
1.480042546419326754e+01
1.292329194346750310e+00
-1.353864936318939272e+01
2.457601333269584742e+00
-1.539120154675324592e+00
1.170159243861190212e+01
-9.609554077591091925e+00
6.466835093267826018e+00
-6.495925401953085654e+00
-2.887921473842793851e-01
1.543375863115908864e+01
3.431413098887142965e+00
5.038783261015004733e+00
1.258609386685554732e+01
6.308705642206251518e+00
-1.107331707144153299e+01
1.325302972819536151e+01
-1.872775795078557337e+01
8.613584441114686685e-01
-8.059144643234798622e+00
1.275572630602255231e+01
-3.548907343569087658e+00
2.780151260820484804e-02
-1.328231245181127562e+01
-1.644237861452932137e+01
1.271284342057719030e+01
-3.090536758549983176e+01
-6.289004192566998164e+00
4.089201941902192994e-01
-1.424653352628027214e+01
1.033089840602992915e+00
-4.684613312487152292e+00
-2.160437956540946225e-02
1.283427743597289616e+00
1.260587933503752112e+01
1.221282503367072181e+01
-4.120440169891804061e+00
2.507845626433630848e+00
1.906619029205040761e+01
2.433061287507551074e-01
-1.160262424714716190e+01
8.230330974427724655e+00
-2.036314340544692403e+00
-1.519422292478491343e+01
8.860659163645674852e+00
-2.071503186758732795e+01
-8.978060851429866318e+00
