3.275117091157504490e+00
6.953975060774257866e-01
7.780633241883216922e-02
1.800361912726822444e+00
8.201793219997327355e+00
9.358531938989532506e+00
-4.136546123857244517e+00
5.315894724374738978e-01
-8.517652893562703831e-01
6.668244578891515673e-01
4.187771479984840894e+00
-4.269633670367593559e-01
-5.650406523061675124e-01
-5.685479927943903888e+00
3.257020782142603377e+00
-6.403179628576451954e-01
-6.916128751069079428e-01
5.312298564445609550e+00
-3.363514565891737362e+00
6.757079518344067282e+00
4.220826110462396308e+00
1.963044258960071176e+00
7.848040049993080025e+00
-1.394217780575303323e+00
1.790982565897707657e+00
3.101525723140344581e+00
-1.404214508118756255e-03
-4.766092151489918827e+00
-4.034487858767012547e+00
2.385066303751413597e-01
-1.335983566911076537e+01
3.837853636076975494e+00
-3.072476465350610475e+00
-3.697209539887019059e+00
1.449894866024600493e+00
7.442928462613885188e+00
-1.690895178170533253e+00
-4.025383750217872425e+00
3.858232821649494326e+00
-1.281416836340920407e+00
2.538401547243276823e+00
-9.465532140126189375e-01
4.265325630619384967e+00
6.835675707338579876e-01
5.763135807331928540e+00
-1.337383494796120731e+00
3.249650279108128093e+00
1.037667962873246363e+00
-3.112824989795529795e+00
-5.492496142316844576e+00
-4.915386782396014564e-01
1.478333513623227180e+00
-4.554442744115451802e+00
-4.838385779596976022e+00
2.437378094898226433e+00
-5.228948728601185980e-01
8.404883181096725053e-01
1.772345431286418638e+00
1.209913559170698205e+00
-1.093276616650392219e+00
4.350884807472771953e+00
4.548372364201479279e+00
-2.494343458647475753e+00
-7.515683635150320896e+00
1.041729139462922893e+00
3.706093799747192996e+00
8.255750225434208556e-01
-5.009800241197551074e+00
-2.059644364538055328e+00
-2.494967807356347045e+00
-5.139805518918501015e-01
1.127556460112996461e+01
-1.256596666948541108e+00
1.056297207250542547e+00
-1.326475744498276654e+00
3.090292895732919654e+00
2.462866923013350196e+00
-1.553768545609720997e+00
2.917353316857778545e+00
-1.877131972349256550e+00
1.507966130188407972e+00
-2.969098776951516694e+00
-2.875531702414010571e+00
-1.325088698582494118e+00
-4.116411206904701636e+00
-2.989326296058006260e+00
-4.879312825775603102e+00
-4.924413640183887275e-01
2.383628151964027886e+00
-3.394342826636364663e+00
-4.463881981255901188e+00
-3.134336701822499349e-01
-1.160248770673924401e+00
-1.455133135738168049e+00
-3.266501162726482388e+00
-3.296447478960028210e+00
1.691463664956580903e-01
-2.145429143142361550e+00
-2.251485735867746030e+00
-2.998063351354030903e+00
3.008010208090298843e+00
2.448977198397359056e-01
7.034879685691840301e+00
1.105340010888931168e+01
1.945978009448594781e+00
7.200595673169472022e+00
3.413994328913762200e+00
8.587318228769607487e+00
-8.001884849382174814e-01
-4.338762703259094522e+00
-1.379264463778013594e+00
-1.602572817202924993e+00
-2.685506420270689976e+00
-3.902808782079757233e+00
-3.047675985710608604e+00
2.849629414094121849e+00
-7.316486287942740141e+00
2.657454248654589346e+00
5.550799954110292589e+00
-4.023997871707320151e+00
4.153334512661673195e+00
-1.014426587779766464e+00
3.115779203153444588e+00
-1.521778976618609613e-01
-1.283622739566614435e-03
2.348352099506083035e-01
2.411849054323925490e+00
-5.739266485749917379e+00
-9.951218299341904050e-01
-3.907606239637071877e+00
-1.044114084173125567e+00
-5.772549494227936506e-01
5.224060738141282911e-01
1.089528517821701126e+00
2.248689856770923701e+00
-9.370509582886465960e-01
-2.596409086168524061e-01
6.363213099172080334e+00
1.089666602549304386e+01
-1.662011781250635423e+00
7.471930808589415385e-01
-5.158515611981266957e-01
-8.342029890949451687e-01
8.328115760787491162e-01
9.826015348801078186e-01
-3.224837001088559418e+00
3.752489637839623859e-01
-2.649814394163304332e+00
-6.274170694419172190e-01
2.921209730270200478e+00
4.890084302488927115e+00
-1.743961997497714522e+00
-4.876745984382083954e+00
5.454168109212800708e+00
-9.939968618308359094e-02
-2.938026659150311914e+00
-1.103135430086887192e+00
-9.914864245017220856e-01
1.765962086217020666e+00
9.010933761735819836e-01
-3.297810717898324473e+00
1.377525906222746066e+00
-1.573499868777994970e-01
-1.108439909312354477e+00
-1.224713997302738333e+00
6.928917036673856167e+00
-1.061653888342623642e+00
5.385387253211677994e+00
8.933519846247182095e-01
-4.998182670101719793e+00
9.384209542719827990e-01
-5.018676020270040894e+00
-3.058496577609370437e+00
-4.285180711496569650e+00
-9.086512548030565739e+00
-2.532169638564406355e+00
5.334525873062675672e+00
-9.604950106531273235e+00
-5.730147043680846597e-01
6.947578976962840436e+00
3.963680379826611144e+00
-1.005897965752830991e+01
5.845460282944388020e+00
-2.857849182143817224e+00
-1.172120294296535636e+00
1.660879466847730024e+00
3.434703849139745468e+00
-5.084592194309906610e+00
-2.329733016430479253e+00
2.508490849368536946e+00
4.848353350323306721e+00
-1.424086596033688812e+00
-1.609313829804903673e+00
3.371364384136217862e-01
2.406523293101293426e+00
-3.176617863349194160e+00
6.264925454841762331e+00
-3.004034692481205138e+00
3.750630067056083483e+00
-6.533684298427719028e+00
5.722893866047250810e+00
4.250769345961506573e+00
2.361627931531792512e+00
1.209982918498896165e+00
3.877437303672242042e-01
5.141569186255962265e+00
-3.616320424598236105e+00
3.103029820259500138e+00
3.098833712660346684e+00
-2.081731157807971133e+00
8.574080263350176700e-01
3.974255081278193824e+00
-6.725323816812657007e+00
-1.604095202709936441e+00
-4.122646768564301456e-01
-1.001306513374608409e+00
4.953654406789151032e+00
1.503304544717872338e+00
4.788299418715617151e+00
-2.512178369084413720e+00
7.330130953278284345e-01
-4.217393362664918932e+00
2.223561698396038011e+00
-1.767355980857317377e+00
4.680801380835687198e+00
4.230659262537110887e-01
2.934565563538503952e+00
7.037798241549495515e-01
-3.854944888909749512e+00
-6.462985717890762594e+00
-1.282834792970414028e+00
-4.140406409140010346e+00
9.106036327288606902e-01
3.677182157009664554e+00
-7.548402455074453066e+00
1.752865614007826700e+00
-5.653719532001752590e+00
-7.606827541973832929e-01
-4.746591029282098084e+00
-1.800242545908396496e-01
1.636865342708923254e+00
4.009717004037024246e+00
1.345347113585876109e+00
-9.200266043032352403e-01
3.019631350744277576e+00
2.352792920041943070e+00
2.790892835300426089e+00
-1.692809750252601608e+00
-5.777435515372109975e+00
2.147287257985713183e+00
3.247644877313283995e+00
1.464024728157204081e+00
1.959460518162490672e+00
2.360131865946679675e-01
-7.411515249272089267e-01
-1.307121538523349891e+00
-2.601849926298235860e-01
-1.843042066288936631e+00
-2.255080275301273307e+00
2.447817658748990821e-01
-1.138695008143269849e+00
4.813260124652051886e+00
5.437199981673420668e-01
2.801557382948558939e+00
1.892816652438824132e+00
6.245899230861558848e+00
-1.332443603833576740e+00
9.286456065964283635e-01
6.189587899608228305e+00
1.552659947507313065e+00
8.581155600686114493e-01
1.529940723971164651e+00
2.906786278585799188e+00
5.322144108286916087e+00
-1.046657924425373087e+00
-3.706527208037695975e-01
7.330266128088878119e+00
2.918641262576886497e+00
-2.961841452227487181e+00
3.832189912722727243e+00
4.758828830578521796e+00
4.185009114801717445e+00
-5.364694095927792894e+00
-1.828828847458109363e+00
1.688568942091039471e+00
-5.313748427587590584e+00
-2.639989417451131359e+00
6.081997340204619462e+00
-6.344497916977116070e+00
-6.289723747779507157e+00
-1.681814707835514344e+00
-1.018112391095696845e+00
4.904137799148806098e-01
2.719417056691537660e+00
-2.370936405468119457e+00
5.911367119462378028e+00
2.027535362263481300e+00
4.790918244413658322e-01
-4.372381270143294252e+00
4.445384954452523907e+00
3.889106717463924223e+00
-4.098975353332873772e-01
8.725744304362587300e+00
3.441634043694963729e+00
3.527114661029456588e+00
9.040647567341938640e+00
-6.472739960250887492e+00
-6.900434830874317527e+00
-1.060986463696585336e+00
-9.738677037444412043e-01
-3.504811056548366555e+00
4.360726139756260444e+00
2.708512103077462818e+00
3.641575358919771688e+00
4.336264357939526803e+00
1.984996654096494451e-01
2.938313796098857456e+00
1.537517347567390669e+00
-1.302318969215883193e+00
-4.908001668735775702e+00
4.352122755826522749e+00
8.174905795782849705e-01
3.838758341409274077e+00
-7.081808320898894671e+00
-2.270339798904134287e+00
2.641916259060940853e+00
1.104300224250591156e-01
9.241175836477410144e+00
-3.865100567030418599e+00
4.148640775819163906e+00
-5.568052138239247828e-01
-1.158565232606479478e+00
1.525292564398582407e+00
-1.580830835929688760e+00
-3.974173888081435013e+00
2.523157637224330063e+00
-1.965587928547150476e+00
2.504933174903855253e+00
2.518127914768574893e+00
4.913275633156795941e+00
-3.617016978346561995e+00
-1.198590181800551990e+00
-4.218844224832545287e+00
-4.255393427252573524e+00
-8.759038433823654657e+00
4.488538920345286343e+00
1.175389915901715554e+01
-5.855074167142462760e-02
8.054549991084957838e+00
-2.998925075504102811e+00
-1.023249677041438321e+00
-4.717410825197563828e-01
-7.295451219420161060e+00
1.731506715893435633e+00
-3.129375471262749731e+00
1.245402297957604931e+00
-1.129516080194842065e+00
2.610198332302226643e+00
2.518061934263666757e-01
-2.023462082544201568e+00
-8.560283006733689248e+00
-1.031549919043716956e+00
-2.139153996450478878e+00
-7.542759701233417324e+00
-3.584554299787242826e+00
-1.973421064869333108e+00
-8.607757342635190767e+00
1.809935490256031621e+00
4.962179190470475731e+00
-8.408385359179451513e+00
1.159522866254633522e+00
5.920625626750868342e+00
5.271472658263309796e+00
-8.137314703010856132e-01
2.387153297195925283e+00
1.649449669252422979e+00
9.508033430792506291e-01
5.254242939167873772e+00
-4.016788688648730954e+00
2.391353892893999522e-01
-5.076299729145257622e+00
-8.349942348896605138e-02
6.194120131009852592e+00
-3.794267002705773995e-01
3.708435557909505409e+00
-1.901162728968487592e+00
-4.326396858011683833e+00
5.045064611400652765e+00
4.132037124585207444e+00
-7.815019980012379186e+00
7.928663618977209726e-01
5.619291821686604571e+00
-2.144913911407577256e+00
3.782105575429969946e+00
-3.365623649125212058e+00
2.826243944408243003e+00
1.884317993802690216e-01
-4.614695955603226096e+00
5.428080051531003480e-01
-9.235822726077766998e-01
9.271121568039372707e-02
-3.628204652436289201e+00
2.817383135566593033e+00
2.576368493070479548e+00
6.988360679551875343e+00
-3.775942967490351965e+00
6.365850771575472855e+00
4.239292046739221220e+00
-1.274557462966041887e+00
3.523842279886302276e+00
9.353500646297343124e+00
2.615725024553295253e+00
-1.849163653466988411e+00
-2.638353663490555223e-01
7.908625156128394895e-01
2.304031720124074756e+00
1.061930577550072474e+00
-8.770863166098952224e-02
-3.841842810382039008e+00
-2.830402236903602375e+00
3.085704313733614867e+00
1.996692966459413521e+00
-7.978368649396605505e-01
-1.705277370934308312e-01
4.776988015138343147e-01
-3.884297439186556455e-01
3.716863861512552436e+00
-4.660104522358763823e+00
1.088224982579329536e+00
8.904781151477523249e-01
-1.112167104278821039e+00
-2.863534295180603984e+00
-1.142176145027746781e+00
3.886038385110065274e+00
4.517500615011458720e+00
3.453428774906495691e-01
6.973185858200720233e+00
4.513568288935950967e+00
1.012232981117163888e+01
4.941019125123959022e+00
2.914820413318037318e+00
-1.922964151065241101e+00
-1.024306921940910220e+00
-7.113398625345642934e+00
3.254246304156452885e-01
-3.285901613586232006e+00
2.874268043586291732e+00
5.156216544441964700e-02
3.065196756549383394e+00
2.886522163850136380e+00
1.290593799443857659e+00
1.769795145610562059e-01
-8.337840530542164785e+00
-2.327894032290013904e+00
-1.691044792245562034e+00
-4.739143598498057330e-01
7.163878561658749700e-01
-1.037636092920512620e+00
-8.575948704468736583e-01
-3.611033283195241417e+00
5.809113579124494109e-01
3.815753450003076974e+00
2.026513627886295854e+00
2.921008749718280395e+00
1.349269553036316793e+01
2.924975365568992292e+00
-6.467098465246096772e+00
3.325452969623869937e+00
-5.249781804785404127e+00
-2.736162937358609604e+00
-8.679873883215005748e-01
-2.384663046888851223e+00
3.292968014997750270e+00
-9.722748195233410495e-01
4.211291511372675878e+00
6.676872817115411807e-02
4.426860661426049504e+00
-8.195656222162219784e-01
-3.207949890641967450e+00
-3.470529597870863903e-03
2.233621083630850102e-01
-2.890127516689706244e+00
2.006607840944235388e+00
1.553676657958170892e+00
-7.567606800238819709e+00
-2.622816362383573630e+00
3.750950768644138567e+00
-4.658484770845406686e+00
2.933114722791461126e+00
1.412985377298635159e+00
5.527438963153158191e+00
-2.525163507580322264e+00
-1.014517734054686926e+00
6.165107227294085446e-01
6.608058992562645173e+00
1.055451979861431244e+00
-5.300387007839510112e+00
7.885832088274491447e-01
3.802887991995660855e+00
4.229910610880210697e+00
1.356210100467164503e+00
7.664688959259782219e-01
-4.126981043646058112e+00
-5.173716267160405557e+00
-1.138798619358287190e-01
-5.809467173334705414e+00
5.140676583127627985e+00
-9.577903317862985766e-01
1.058193333419224169e+00
-1.265358410612338336e+00
-2.789126129163727708e+00
7.157602688920285949e+00
8.334639875895106798e-01
2.089890322849758952e+00
-4.606011078704205453e+00
2.841032313530785558e+00
-6.857138573752843413e-01
3.292624439971101324e+00
-1.757549220951729829e+00
1.431509583116355344e+00
4.166216382764009296e+00
3.092913195975121710e+00
-8.643184981985352344e-01
-1.149558493877401055e+00
2.307196411565491712e+00
-1.834077119488873198e+00
8.016202591574290715e-01
-1.553550877379116013e+00
2.454982659063247752e+00
1.903332331840642100e+00
4.987330628810224376e+00
-2.040205136602906144e+00
4.005952677705918674e+00
6.250191755818350181e+00
2.289359477889553851e+00
8.577529579489728828e-01
-9.757181631354943097e-01
5.117884882228191046e+00
1.586344294691629520e+00
6.659318293826084201e-01
-3.564501530752807734e-01
-1.018711324546021046e+01
1.216671048901103447e+00
4.699346152280792221e-03
2.622820302947818316e+00
2.723117672536347289e+00
4.266394774751884889e-01
5.052165780489532132e+00
-3.614702863664575716e+00
-1.594863196295308150e+00
-4.621258501995058054e+00
-2.900651106350017883e-01
-2.727910334134096559e-01
-5.260536436821563466e-01
-8.106322845590034909e-01
-5.540226659109123375e+00
-1.229342024220367424e+00
1.226038191223742357e+00
6.838009895295258822e+00
4.125584411854088529e+00
-3.260729262174772991e+00
-3.886189981121550563e+00
9.038703155381320187e-01
-4.124991131957862045e+00
3.727707080390389560e+00
2.624299446818065373e+00
-1.188149770961477447e+00
2.679549879329262030e+00
-3.801760995094991991e+00
-7.128268618402073820e-01
1.014370856085249351e+01
-5.009594757062595605e+00
-2.555743483348770440e+00
1.448973205575123102e-01
-4.479290216787931378e+00
-7.065958153663363106e-01
4.103888704510712415e+00
4.191904849257658938e+00
-6.580722934017660286e+00
-3.874636915551454397e+00
-1.542359937430761718e-01
9.290474137162914037e-01
1.653978589832627577e+00
7.758565106894121044e+00
6.950669638156661279e-01
-5.548388819505001290e-01
-1.342894271962941311e+00
1.992066754733647915e+00
-2.213385497537196933e+00
-2.086327282660945581e+00
-1.802382894404946256e+00
3.664740206825169100e+00
4.802916781898127319e+00
-4.333651658519231731e+00
7.536100961113412211e-01
-3.423140150113390234e+00
-3.822905030674274229e+00
-4.831420496939411890e+00
5.032837955055733392e-01
-1.115720559751705032e+00
-4.867823097921301745e+00
-8.927823257918885425e-01
5.447350125452297576e+00
-1.895061812290887548e+00
-3.728113116316930764e+00
-1.152078161195967398e+00
-3.848482670112791104e-01
-1.687837509724877227e+00
3.994935024744544982e+00
4.361080238242997509e-01
3.926117647698732505e-01
-1.163209618542181190e+00
1.624887850667507072e+00
-9.582803113450704124e-01
4.776901824911165662e+00
5.804079555097906074e+00
-2.111378910221135552e-01
-1.754054874989219526e+00
-1.995194771683809876e+00
-2.039693144283325932e+00
-7.621383014825002800e-01
2.233998629714553097e+00
-5.825641821369430318e+00
1.671616574375701214e+00
-5.752001233752880971e+00
-8.697135614547697458e-01
1.411680329290885050e+00
1.338444769322410854e+00
1.548156555802095768e+00
1.509020348741013651e+00
-5.444670297740115572e+00
2.539679672823758505e+00
3.289934622225109351e+00
-6.844072536839640897e+00
-3.043791414836425901e-01
5.269265813234262019e+00
-1.085740410018621427e+00
2.843839266243088471e+00
9.231840379398743579e-01
-1.779000652502935598e-01
-1.762475218826464074e+00
4.036009787826404072e+00
3.113871381355761692e+00
6.251629231640244422e-01
-1.015006283051163027e+00
3.083694090102252261e+00
-3.582399293544045626e+00
-3.258734830299021112e+00
-2.186956345815093350e+00
-2.181341377515119806e+00
1.978473030439930280e+00
4.639807883869857541e+00
-5.928560803304412374e+00
1.151409446261350888e+00
1.073966214373397898e+00
5.269456142316978564e+00
-2.908126646330712717e+00
5.725671939206338212e-01
-9.613414152794179657e-01
8.010607261901201426e+00
-1.601531342613184528e+00
-2.698999661265481631e+00
-1.081565689505982242e+01
2.926163116367861416e+00
-1.009150012871317559e+00
-2.798889029206574341e-01
1.842096446346978889e+00
1.771107290841448911e+00
7.455909530872482982e+00
5.295585136007257887e+00
-2.011316400424789652e+00
-7.765594239221061734e+00
-5.498285754705913853e+00
4.694109534059160538e+00
-3.924829422562065573e-01
4.488412734335823551e+00
4.004926589385973124e+00
3.803101033466275815e+00
3.186080079087893591e+00
-4.009181078846054902e+00
-5.953597798266275554e+00
-2.326347855627750150e+00
1.045679170833250904e+00
5.460401529777884733e+00
-3.528258428461367835e+00
-1.853150574766312175e+00
-6.302874162309259898e-01
-1.987167651185286044e+00
-2.208841102954683056e+00
-4.278893707281976044e-01
-4.377524439710309245e+00
-5.726048084219813816e+00
-2.359494735189504144e+00
-3.865166189138243280e-01
4.847059183266250848e+00
-2.406945218051253388e+00
-4.406075218205486976e+00
3.504702979961094922e+00
1.795859200481790152e+00
2.483595713578120368e+00
7.057791390398703513e+00
8.114679208076154282e+00
4.286655472480378926e+00
-1.311898715761893985e+00
-3.565563786616495090e+00
1.292102785337694071e+00
-1.653795987884739693e+00
-3.660123566377889159e-01
-3.160717400985179282e+00
1.346287056686044092e+00
-2.539894682319143282e+00
-2.299629130915501030e+00
8.836597525332050562e-01
1.282307492803657523e+00
-5.627435154776757820e+00
-1.597326644464179601e+00
1.964547461538306283e+00
4.631104866600007641e-01
4.354125985523967124e+00
7.638440141348323387e+00
1.429065680057211685e+00
9.994151313891148636e-01
-3.884675302690214327e+00
2.838054054607546117e+00
3.474061461449380772e+00
-7.833123269398362787e+00
-8.251605805654895764e-01
2.034621313425648559e+00
3.203638372187187500e+00
1.280494946772798015e-01
-1.755288660125854383e+00
-1.395782937927570577e+00
5.243962407998244757e+00
6.957525274501130674e+00
3.559842478055147641e+00
2.874245008977441840e-01
4.010002792040136654e+00
4.363157625351758107e+00
5.546636111478964182e-01
4.040170571589964510e+00
-1.771522393044191679e+00
-9.150468575263626114e-01
-3.855655271409982543e+00
-3.226407243456192453e-01
-6.190544580711565548e-01
-3.183543492981713463e+00
1.022673196581791677e+00
8.350480038889827483e+00
-4.229050273324666542e-01
-3.922294890967991665e-01
3.889805881101329188e+00
-4.816145636839232469e-01
4.314678773049852589e-01
-4.766366610430466721e+00
-3.096079726611391525e+00
-2.512628117825389751e+00
3.783254596501688383e+00
8.066814805182143999e+00
1.094090794966701585e+00
4.995267668488236890e-01
3.000239994173295344e+00
-5.506559247256825884e+00
7.004142350633895120e-01
9.650133502546158759e-01
5.621218470210792795e+00
2.669460567751595903e-01
-5.466108070953097808e+00
-5.032173928361169946e-01
-7.232059472132622346e+00
7.716615918300390176e-02
4.930148283177774537e+00
-1.315198893183068818e-01
-7.164110652191866269e-01
-8.113475734689234997e-01
-4.948102198437008603e+00
-3.310237597408354659e+00
-3.456061799579523530e+00
1.160044999510921659e+00
-7.731189884314861871e-01
-8.732801382810997382e+00
-1.823677751883748144e+00
-2.391388143915607056e+00
1.074544473281434165e+01
4.201277470409927162e+00
1.589142268216078735e+00
3.770419002416820486e+00
-3.091327591028893540e+00
-5.625682470671879987e-01
4.778308329160825707e+00
-4.762654923385690964e+00
3.699150823371530894e-01
2.162594933414458076e+00
4.871972888778096089e-01
-3.401110681984131023e+00
-3.420090602533760737e+00
-2.508301075197210128e+00
4.985301284606099337e+00
8.961853956773375707e-01
3.744138917972653857e+00
1.107467036811218275e+00
3.787098411987910307e+00
3.609248825654332027e+00
1.071711516968253119e-01
-2.623203201818721020e+00
2.652013159844887058e-01
1.137008457142849593e-01
4.851197918402763598e+00
-2.705946148342127877e+00
5.661534030711742105e+00
-1.287229889593378696e+00
4.623973286494121870e-01
-8.336017062722422821e+00
5.173780646563825414e+00
-2.307232828271563729e+00
-2.968161381021563461e+00
1.414428240775064793e+00
-2.036988497471443615e+00
2.739463873227120594e+00
3.533432649472421971e+00
-2.064610664615147861e+00
2.997114892455463142e+00
5.834642546256463724e+00
-2.105844091578947808e+00
5.830357393537464183e+00
-4.817420059389537990e+00
4.184519551710150331e+00
-5.529464161172065850e+00
3.527010882938586445e+00
5.633386664600099625e-01
2.875238790143914258e+00
-5.929359016715747277e-01
-4.051019760545986337e+00
9.454340929793192405e-01
1.455223001242463177e+00
-8.430620759259024322e-01
-6.372593067004048706e-01
2.527525580762957080e+00
7.252180472277480749e-01
3.621033350046589661e+00
-3.562719155656241643e+00
5.172045069947352580e+00
5.156996408933165021e+00
-2.963084120052966508e+00
-5.751627742727065673e-01
2.023862954136221304e-01
4.297742022603642797e-01
3.923734285649498332e+00
-3.816793673822449939e+00
7.638216383149499578e+00
2.521397439445459465e+00
3.793288833593265519e+00
-5.806382325300854852e+00
-1.680426963547000829e+00
-5.450229831290407390e-01
-1.141047277961644291e+00
2.348682261692840445e+00
6.694258313458201215e+00
-6.543364611123779540e+00
1.361372412349288741e+00
1.475776939074957272e-01
2.505656224317588610e+00
7.145409000957390067e-01
7.394645784802720279e+00
1.288410180919259185e+00
2.550527370351092227e+00
6.461147870601664789e-02
-6.475783715383044203e+00
-7.449202740513170440e+00
-2.687698930102852657e+00
-3.229962514133066342e+00
2.485181588136192499e+00
2.455480066102381009e+00
-1.733797129624928601e+00
-5.271725066904459744e+00
-2.741935490364271644e+00
-2.534807521374478512e+00
5.626817763010385498e+00
-2.756048081535108718e+00
3.910868560430050156e+00
1.094193029246824977e+01
7.835127160041268635e-01
-3.795325626341642167e+00
5.057330549413698861e+00
5.620702981680888222e+00
5.422820837057605203e+00
-4.402989984154426217e+00
-8.600877440659655537e-01
-9.265052722373066096e-01
1.838963010875879212e+00
-2.972497884903197551e+00
3.824641033857307804e+00
-8.127630402111125640e-01
-2.991410313278258126e+00
-3.854956916369404407e+00
1.552688393689173330e+00
-6.319129240861779628e+00
5.620838567924630880e+00
-4.092144288988217582e+00
4.403235243304795432e+00
2.416855684074414423e+00
-1.992346861326271146e+00
7.618937084429767026e+00
-1.749844843936072314e+00
2.297844666432206751e+00
-1.793487045757820475e+00
-4.910119689187943059e+00
5.192872688062983855e+00
1.277244413702897985e+00
2.354687667645731342e+00
-6.585803604454590676e+00
1.455638634986706093e+00
2.789210233729849664e-02
6.094869072197657722e+00
-2.348551027675688241e-01
1.887499523060566675e+00
-4.263128830902529920e+00
1.186659631561747696e+00
-3.047300488993911483e-01
-4.157022738300631737e+00
-1.786713844251062611e+00
3.589355978764122046e+00
-1.007334374597214399e+01
-6.991644884088005441e+00
4.391911751649744566e+00
-2.702289773696696873e+00
-6.590225536140792428e-01
-1.521434075733458569e+00
4.893997500702977455e+00
2.901502876484991056e+00
-7.421912691477713153e+00
-9.433429131619136543e-02
4.101861483732636593e+00
2.753942043256017991e-01
3.276017471667072023e+00
-2.958841407279334312e+00
-3.841447327288719293e+00
-1.046971391987675304e+00
-5.912105439201156720e+00
-2.585387149661526163e+00
7.077286093661301347e-01
4.905956640822115578e-01
-5.123627044844429435e+00
-3.907771067955530864e+00
-2.213998038422216208e+00
-2.681598977827329477e+00
-2.086900964226441890e-01
2.661273136615752044e+00
-1.228165863375336508e+00
5.500409654392711900e+00
-6.254541661650978135e+00
-8.817705972558634309e-02
-5.032140785753831391e-01
-2.272490868542647480e+00
-1.994243060941011780e+00
1.438102342983854198e+00
9.461420084352623050e-02
-1.312319732282141160e+00
-2.588019310194461742e+00
-7.357924330951626679e+00
9.173463610950539859e+00
5.925053713467129057e+00
-1.696128153351727175e+00
-3.328911817639943482e+00
-2.519568657802859768e+00
-2.841407357193295180e+00
-3.195691204838548849e+00
1.597999769711917040e+00
-5.086881077075306123e+00
-2.309837415401988725e+00
3.473995171388261083e-01
-1.710017469247538280e+00
1.450934045841391629e-01
-1.222411495162491590e+00
-1.783148131700746042e+00
4.833916095324752860e+00
4.272799315156949440e+00
-5.617253005861287285e+00
1.284928357869847382e+00
4.238449877192884685e-01
6.802880008397258926e+00
-5.607329812636281829e+00
1.433856250130575827e+00
-5.830438408532440775e+00
2.199291833312151834e+00
4.537374546601863123e+00
2.402153222786360676e+00
-1.456453984525247547e+00
-2.115445870059568190e+00
2.174282758799380932e+00
1.843734402292390717e+00
-1.326833013866178357e+00
1.417091839328801450e+00
6.462755959891670621e+00
1.075727531434572226e+00
2.003638861314062769e+00
-5.344536905648781477e+00
4.978167729513311102e+00
-2.581596357820392651e-02
-1.079223652959640400e+00
5.453747920893223800e+00
6.326243171902468099e-01
