-6.446501831485369927e+00
-1.296960709257508881e+01
3.465291054946055738e+01
2.445294779989718847e+01
-3.532016011145950429e+00
-1.336220587205546595e+00
1.985425681870722547e+00
-1.647739373578440691e+01
-1.002757391902152762e+01
-1.074177928852091135e+01
1.066662778566619529e+01
-4.619517830117703117e-01
-5.868527981671415539e+00
-4.585908517699069264e+00
8.928922288967701348e+00
2.090063453672859950e+01
1.162505961717854497e+01
1.744027886968333219e+00
-8.898390404445903457e+00
-4.148727010772582879e+00
8.834271287955356655e+00
-1.236299034805233887e+01
2.353167044485516257e+01
2.225933224246141151e+01
-9.707231999116910259e+00
-5.722408335746676400e+00
-2.411495469087922672e+01
1.921279591182397439e+01
-1.530575427048238701e+01
1.257265662534894801e+01
-1.737938974362339906e+01
-2.382535865980787371e+00
-7.575606346199437624e+00
1.714340739917894751e+01
1.944816695583340405e+01
6.604543317192603347e+00
-5.520151008127665904e+00
1.484987343758292111e+00
-1.973779161558349671e+01
1.130392993214281461e+01
8.526252074440010986e+00
-6.805815464386181013e+00
-3.433681812716968551e+01
1.903678951181319334e+01
8.549729005665211545e+00
8.697733907957518440e+00
-3.169523614413798374e-01
-4.599565838452207345e+00
1.631185968275430298e+01
3.041324752038732981e+00
2.321629237365453235e+00
-2.776324463326986347e+01
-1.653035185119324879e+01
-1.136833519782323698e+01
-4.426014151607925662e+00
-1.617286416878994970e+01
6.553651151450983203e-01
9.198904643409861137e+00
-3.020698427479804948e+01
7.697258269399597452e+00
-6.974331588602612264e+00
-1.355624261285418086e+01
2.537243512167733250e+00
-1.038952777498115054e+01
1.153084569214305510e+01
1.795191066880827435e+01
-6.321492161305443780e+00
-1.100577497561952356e+01
-4.359990767493800767e+00
-1.420456726082537458e+01
-1.783617109841247839e+01
3.388396573804253187e-02
-5.465831960571834003e+01
-1.901963078187006673e+01
7.929323508274531918e+00
1.076337114686478280e+01
-2.051527381775525072e+01
1.497817778654719412e+01
1.021933217861986876e+01
2.329172149229592037e+00
4.187254957098070385e+00
-2.217747134447711943e+01
3.782380631178346775e+00
5.904284340857808289e-01
-2.326661283213114828e+01
1.847543242549757769e+00
-7.932976878994928427e+00
-1.062606917056315936e+01
8.829436151657223064e+00
4.484186857853615926e+00
3.353366517692143844e+01
-2.318085343155728495e+01
1.275543534542994983e+01
7.889475558609374772e+00
-1.903203049431517258e+01
-2.468393746359152274e+01
5.554061185437192627e+00
3.464835165511356507e+01
-1.743685127166810744e+01
-5.040384275090018740e+00
2.923263614357043139e+01
2.386341803741876433e+01
-7.747559695839374427e+00
9.490331392371819774e+00
3.919648402623481687e+00
-3.699068154248315921e+00
2.474749634272748722e+01
-2.952282626649010311e+01
-5.680085505064074169e-01
1.126836761447839308e+01
-2.798462261040140930e+01
1.305294856617135579e+01
-1.762781809767128749e+01
3.868692609721893660e+01
-1.266317941991990814e+01
1.584417873245131281e+00
2.214025145677340944e+01
-3.319981027895030579e+00
8.635656961611562821e+00
1.229418056850642849e+01
8.954025257280918026e+00
-1.196842613374440489e+01
1.883674128527538727e+01
1.189124797355305141e+01
2.165397773428305683e+01
2.879204360677639585e+01
1.993731467090913867e+01
-3.476659926797616862e+01
1.203205824203887886e+01
8.030683093516037818e-01
9.293463070456867925e+00
-1.155206196301303656e+01
-2.714325531623805787e+01
7.713710320423720290e+00
-1.782529648192594962e+01
-2.550386730047406125e+00
-1.399192915007962768e+01
-7.959562625577940587e+00
4.772558222629753821e+00
-3.223855888425315008e+00
-1.417421606843733173e+01
-5.091186548292008673e+00
2.570394262059703294e+01
-2.015363331024498095e+01
1.790390278825123360e+01
3.391935203814044009e+00
-3.820590151226029718e+01
8.742952458418228545e+00
-8.084676767646467255e+00
1.247897189167069598e+01
-1.015730840777368371e+01
-9.840191268107613132e-01
-3.652597464712680875e+01
9.210023187733565209e+00
4.019234557145217934e+00
-1.102582704554106030e+01
-2.619395026589756625e+01
-1.696356419994072695e+01
-1.668933923191089619e+01
-4.100782670415417996e+00
-5.688659556986950250e+00
6.815371957189075403e+00
1.018526355271307082e+01
-3.930959067694345777e+00
-1.366220436025188256e+01
-2.953813533756563636e+00
2.303356867630918003e+01
-1.180330263082676545e+01
9.745377841202229163e+00
-9.508360480387622715e+00
-2.336832655450049501e+01
-5.657561421072639263e+00
-1.951053838247291239e+01
1.957628914011221966e+01
-5.291246520736507364e+00
-1.290932507454339273e+01
6.460118307768007995e+00
1.913660155900587467e+00
-8.190227408643378837e+00
-1.488903523086784197e+01
-4.884685440118782473e+00
-6.500606952551108986e-01
-3.219726333588082134e+00
5.669000328046269743e+00
1.027781449259111390e+01
-6.410116404592067774e+00
-2.568068058918350971e+01
-1.094041171486331798e+01
1.293536081275770400e+01
-3.182391691630035524e+01
-7.429264264718580257e+00
7.289466766589242752e+00
-2.082917132053462517e+00
-1.712672719296021739e+01
-7.184217751602294477e+00
3.593299370407468274e+00
2.142135512410489895e+01
1.334023776735290667e+01
-6.201336422185884656e-01
-4.496449572469062517e+00
-1.008239466962252884e+01
-2.643690662425519200e+00
9.711061211341313282e+00
8.522075672492729126e+00
4.078423400709670688e+00
1.955483585589758277e+01
7.985988963328566115e+00
-5.470892227966049681e+00
6.720751281261620136e+00
-1.956284001134482864e+01
-2.033174343597138645e+01
-3.406524336060574143e+01
4.480234116600455252e+01
-4.831605759795905009e+00
2.464596114045263775e+01
-1.450205443282705886e+01
1.077470387467631596e+01
-2.678622846787546052e+01
4.967793972855130136e+00
-1.858033186721331731e+01
-6.814950866776389837e+00
1.015397433745152966e+01
-1.675781520190610330e+00
1.582769959129939252e+01
-7.765546477325744323e-01
2.971862488548732983e+01
-3.255193400764582634e+01
1.201488585399376774e+01
-3.380193739295525290e+01
-6.202694633550860814e+00
-4.004996391865172001e+01
-4.082063025588370664e+01
1.943557321665174698e+01
3.241782347851737001e+01
4.048077830744039929e+00
-1.025617726351123160e+01
-3.769185201233122839e+00
4.623260277544645191e-01
-1.067056411574256991e+01
1.684055003514299642e+01
8.497362443854930447e+00
3.695347059319329830e+00
3.300082977601336154e+01
5.264587333734944252e+00
-7.961636869549018058e+00
3.343998916519037579e+00
-1.500767606275850063e+01
-8.252972851941608567e+00
9.338049298570467727e+00
9.491444642129026832e+00
-8.272193503145052418e+00
1.215871978404659259e+01
2.285709991332426227e+01
-3.971886180181640924e+01
-1.411769204787047904e+01
4.706697820022194279e+00
1.263618456617168917e+01
-1.778868245787671043e+01
9.850460126755764989e+00
6.521761996988933774e+00
7.487182905149364132e+00
-1.372902494169017906e+01
1.600033611530809452e+01
-5.092894698778114737e+00
9.466470542282030110e+00
-8.474073607188691071e+00
6.330013089457890985e+00
-1.138695473188332530e-01
-2.006933182491306411e+01
2.083583705424313948e+01
-1.960782477233596666e+01
-3.276573368906977635e+01
-5.848625016604518834e+00
-2.150109742402202428e+01
-9.644013263198055741e-01
-2.381532356511624826e+01
-2.540975485372343190e-01
-2.037795400523467748e+01
2.416111106139555531e+01
-1.379762177802348333e+01
1.704326221376058115e+01
2.916547723712139373e+01
-6.115173737782447994e+00
1.265259522795142644e+01
3.374514856759801340e+00
-3.459805151675916512e+00
-2.132314974956240405e+01
-1.491300682980491743e+01
5.400243207410387214e+00
7.890563003919719876e+00
9.546094739853458577e+00
-2.587620578343214817e+01
-1.190308853509800091e+00
4.063199775662838853e+00
3.698423967898156661e+01
2.013569107482111420e+01
1.207184987464593284e+01
-3.718331240976371355e+00
9.099920008638752833e+00
1.497292943152343803e+01
9.546875350134028437e+00
1.066324584325040270e+01
-1.384958978165009214e+01
2.112534940990976651e+01
3.776446551771992688e+01
-3.189076058265786884e+01
-1.208179430374135954e+01
8.546158221510497199e+00
-8.476063126350508625e+00
2.357781045184240476e+00
7.783774392525888430e+00
-2.844328954802362119e+01
4.565489310598992034e+01
4.379558834406997114e+00
1.636282397851838821e+00
-3.314135536889487810e+01
-7.345836602512741287e+00
1.086355464220162936e+00
6.556198603274451919e+00
3.203346741730599945e+01
3.498105243713220069e+00
4.831841195812459233e+01
-1.182755296947008716e+01
-1.878802422706704434e+01
-5.305332268750794000e+00
-8.802810563139008337e+00
-1.088499116227102625e+01
-2.704959104742248144e+01
3.082181645926345226e+01
1.113476886078141348e+01
5.412366995242610557e+00
-4.251961945607963145e+00
2.425009724541798306e+01
7.210474731376407931e+00
-9.793971044452860042e+00
1.242168393071842125e+01
-9.006098140612737168e+00
-7.455571662918966780e+00
-7.675587195772654248e+00
4.280948864280478006e+01
-9.789077761026911517e+00
-4.239489518211771113e+00
2.554082636612103663e+00
2.797016581157525295e+01
1.514134782317754002e+01
-7.082075980666833193e-01
-2.305556738589462284e+01
7.589671531079144273e+00
-1.511499653969022816e+01
1.439008244046832274e+01
7.747026893236903078e+00
1.555769096732075951e+01
-3.604697319296347402e+00
7.049159785194413885e+00
1.829015658436647129e+01
6.092172470490464953e+00
-5.428160415227234470e-01
1.740765128320415078e+00
-2.808633558286934573e+01
5.334809932289576118e+00
9.234183841616781407e+00
-1.798870460844967667e+01
-7.978567694260258136e+00
1.870106388372311201e+01
-8.851072527467557904e+00
-1.710476930649211980e+01
1.154139615681203779e+01
9.767807977226942384e+00
-7.429445558248576553e+00
-9.481290581010073382e+00
1.311992353650548893e+01
1.173021566744521493e+01
8.272768639855627271e+00
1.761873494356927194e+00
-1.289955591934318591e+01
1.086026662101603613e+01
-2.974660604192831848e+00
-2.270530800449640729e+00
2.237203707537485542e+01
-1.222591634873440114e+01
2.899754039324881738e+00
-9.899083660503162463e+00
-3.500310072722064625e+00
-2.726157528275320274e+01
-1.317763778730889612e+01
4.140889412959059968e+01
1.159023040180219866e+01
-2.203556802097068612e+01
1.864077100862883540e+01
-2.165849657465761968e+00
8.030610540539292685e+00
-1.343669238761574114e+01
2.560975282503615347e+01
8.185770865264649032e+00
-1.483248936693633802e+01
-4.722605330611906460e+00
-5.120311256015096291e+00
1.086907963971297875e+01
-1.412338475357851841e+00
-2.028757086938864873e+01
4.551895579272888348e+00
-2.571147692584334976e+01
1.389438658359965828e+01
-2.445004494197865252e+00
-2.526560587972766392e+00
-1.629104502452684144e+01
9.189146135326915488e-01
1.760346505082050328e+01
-2.006116604222802380e+01
-6.444944101714360940e+00
-1.884383772479229080e+01
-6.077413594526676732e+00
-8.449095467360770328e+00
2.439799637803149679e+01
1.919658352209743057e+01
-1.874813377192855057e+01
1.307292317812928673e+01
1.923805316024123258e+01
-1.644198948312256192e+01
1.166575841918809608e+01
-1.787101342179857610e+00
1.797541590573477777e+01
-1.816227122673355154e+01
1.607487419102240622e+01
-3.801375185744073804e+01
-2.495715777198122609e+01
-6.539406017146791594e-01
7.165317596133218281e+00
3.342611318790432762e+01
-8.731283098472403026e+00
4.760718612366802382e+00
-1.802795115943327531e+01
-2.626637509092006884e-01
1.999968526997977447e+00
6.399321153605293411e+00
-1.801752391697317179e+01
-5.675179902999422765e+00
-3.469567582473643275e-01
1.872499080638926472e+01
1.740764897670776890e+01
-1.582407895386653252e+01
-7.091960395760912306e+00
1.351994771934588258e+01
6.549469231686118054e-01
1.678117557807723159e+01
-3.418351637892258488e-02
-2.356990086883559243e+01
1.582982780930383271e+01
-3.069531282109599246e+00
-1.088852384221248748e+01
1.785026272629565725e+01
-1.129792080411366229e+01
-1.421643028898595773e+01
5.919918975147373530e+00
-8.931819762392987361e-01
6.366825528612017671e+00
1.015483885831659272e+01
-8.895597583662146590e+00
1.002864137515613407e+01
-5.062139909368403856e+00
-6.714454052915786342e+00
2.251709854904245134e+00
1.229477507359684196e+01
1.457710009831666476e+01
-5.769144961830596330e+00
7.395033830204486236e+00
1.573404001440630751e+01
-2.610249268370949238e+01
2.262585108349155405e+01
1.394614112799921379e+01
1.025247441869922937e+01
-5.515345885066540887e+00
6.390601831125673371e+00
1.042125757402742536e+01
4.792138934469593714e+00
-3.837218994928144333e+00
-1.009967150979738726e+01
3.834962202238052065e+00
9.391675375793829161e+00
6.763305033685271805e-01
1.498736303595525010e+00
1.286870499229850395e+01
2.333199243378246024e+00
-4.041813276031628988e+00
4.476762257315699323e+00
-2.094921246850325502e+01
2.082215857287114602e+01
1.330524061303104411e+01
-1.033076880097312511e+01
7.667673893283206255e+00
-9.245520600686441881e+00
2.972631703904645661e+01
1.356184727126553469e+01
-1.552863049508141025e+01
-2.865966384454607052e+00
8.518632917759493495e+00
3.976921789617098568e+01
-5.494076783573486722e+00
1.523532776665634003e+01
2.048710775920381977e+01
3.463472623429240826e+01
8.055759755044953341e-01
-1.214715993773595493e+01
-3.566152900620975785e+00
4.999509878864987655e+00
-2.976000686257251893e-01
-1.581929525014702520e-02
-9.023343566633137414e+00
1.919471529107147845e+01
4.270453969169973441e+00
-9.223837354746551753e+00
1.709693444076459912e+01
-4.253551736049995036e+00
9.037752860837805713e+00
1.500623404988078891e+00
-4.773846453378193466e+00
-6.105579246269181581e-01
2.067299654098002648e+01
-9.374849066822553922e+00
4.202057763310212302e+00
2.949520139317175449e+01
1.150920976853990396e+01
3.227457688666428570e-01
-7.716228282363511326e+00
1.438251440786318014e+01
1.602636717202969052e+01
-1.077049166199467223e+01
1.595845557369611711e+01
-3.519363088304130471e+00
-8.781604159952948407e+00
-3.305338902513739896e+01
-2.007868962247299827e+00
-1.095830135595685562e+01
1.133000458188961090e+01
2.226131124384615134e+01
1.376914602954750766e-01
1.561751577252377121e-01
-8.811090078463967856e+00
2.590157029936547950e+00
1.166557347210467910e+01
9.143350116425134289e+00
-1.664859739018783458e+01
-2.450360350656073649e+01
-1.404916937281241340e+00
1.553163278720297313e+01
-2.065605044017095082e+01
-1.545321969551726227e+01
-1.790807025203541514e+00
-2.425146307530290102e+01
2.103171413620755814e+01
-2.322654349755789127e+01
-6.227682164544230403e+00
-2.870601984378892979e+01
-5.414559937290762903e+00
-8.731085017773267509e+00
-1.099812037967046585e+01
1.593309699230039556e+01
1.513737106306221492e+01
7.120392202151307970e+00
-1.208029758001034182e+01
-5.454157378123727362e+00
-5.768411718726492055e+00
-6.646154782605573352e+00
-1.722219244487171785e+00
-1.603152474237609582e+01
-7.491820573848581022e-01
1.981502002855120281e+01
-1.044747353212787466e+01
1.049057261960329690e+01
-2.065357507772334955e+01
2.314036246288085508e+01
6.514210085860320021e+00
7.093489110072971116e+00
1.415191592720374558e+01
1.003961182834861532e+01
6.000909877507200285e+00
-7.394594236022708600e+00
-2.592603634368059673e+01
1.614340564379323695e+01
3.583671794756510209e+00
2.088016983742119592e+01
-5.755819010444492179e+00
1.805101311923650753e+00
-9.645833675810925101e+00
-2.353211767295824686e+01
2.008537287916996306e+01
-3.843330217610380828e+01
-3.000967870588181263e+00
1.232406211257774764e+01
-2.148362788268649126e+00
-8.595107559260192431e+00
6.239606971888164821e+00
-2.345054827607858883e+00
3.589229977880556532e+01
1.418452843294774013e+01
5.055178891444938927e+00
5.842581780551003412e+00
9.940786971370574321e+00
8.913745827406709399e-01
2.651325362152006093e+00
-7.602341567143627188e+00
1.306685095762454019e+01
1.651556925159335876e+01
9.402596550501481687e+00
-5.565083942549022389e+00
-1.184090300426068332e+01
-2.392747350871719192e+01
4.661106630301714127e+00
-1.127903449273047087e+00
3.687845871856073643e+01
-2.387107037803316700e+01
2.214769736601082428e+01
1.310836331037311453e+01
3.776407684004201570e+00
2.870297662429144481e+01
-2.846625428532011526e+01
-6.741505649746160067e-01
-2.613241722729761918e+01
-2.143491656572085624e+00
-1.967476412707286793e+00
-1.139814049936717488e+01
2.716234648650583949e+00
-1.268743783997545371e+01
-3.556210701083352355e+00
-3.765299038087073669e+00
-1.263703270549482660e+01
-8.789042031629488605e+00
-2.606621814565307460e+01
-7.459321726171672218e+00
-2.913708826330670476e+01
1.864637334362197407e+01
7.083786006574646521e+00
1.760985982495449065e+01
-2.413564443525842051e+01
4.810324128931132925e+00
-2.803545583897830795e+01
1.554548317630975518e+01
1.261692676973699712e+01
1.527492924448791456e+01
1.947038745114760872e+01
-1.643311328914847991e+01
8.973996556204665964e+00
-1.230053740888809033e-01
-2.118557374543705762e+01
8.807934075197110246e+00
-5.295895494068148857e+00
-1.283533581255403533e+01
1.345316352997403087e+01
3.482607310574905313e+01
-6.037081745785737308e-01
-5.003337352106699498e+00
1.768422524905361115e+01
2.685855398554187090e+00
-8.232130599641866553e+00
-1.401868586071844192e+01
-1.177700868394634393e+00
5.147594569176152213e+00
1.937764929852001572e+01
3.933719395134512631e+00
-4.064886326457335741e+01
-5.138955770343133445e+00
1.293379171959728602e+01
-1.186141557920396750e+01
-6.930421973960299020e-02
2.653978490036342208e+01
-8.162260442804718963e+00
4.232498623815399874e+00
1.158428028229703344e+01
1.489976859274750964e+01
1.901772971206558083e+01
-2.036711871933643891e+01
1.501666427597756837e+01
1.352168910789475120e+01
-1.286669616767677660e+01
1.362094037466503949e+01
2.590320197036445649e+01
1.124170029105032853e+01
9.784808924398957775e-02
-1.301527287695206425e+01
2.927172276482518321e+00
-1.482425492272287570e+01
-6.997586565487405430e+00
2.102915534461618208e+01
1.836379251646447486e+01
2.065868457119435675e+00
-2.070497851075795737e+01
4.906710805564627798e+00
4.852938429046707469e+00
-2.191959883054318681e+01
-2.249897031851120843e+01
8.481444269818689818e+00
2.220050641333349262e+01
1.991398573242041081e+01
-1.058572288235818704e+01
2.193444398984917143e+01
1.209733581965309890e+00
1.889710013368660624e+00
2.069809680813941100e+01
-1.370584934104298647e+01
1.340389076169108629e+00
2.477804790286048053e+00
1.351074033544518160e+00
-2.554496603445228686e+01
3.504109274695662357e+00
8.891684647054487911e+00
8.145282116361890701e+00
2.330521280043496546e+01
-3.724510857812940223e+00
6.380099906718850633e+00
-3.039092432159650414e+00
-1.768807391689361808e+01
-2.085352540331676607e+01
-1.942758707283181252e+01
5.896236637072556519e+00
1.120498978646759447e+01
9.704149665297192584e+00
-4.260009729712253446e+00
-1.487954560729446740e+01
1.529939982206600035e+01
6.692493768807137755e+00
1.346909344556093124e-01
-1.779091705600859896e+01
4.651096993395438695e+00
2.115257452615786349e+01
-7.317216624753640097e+00
1.385113633225368401e+00
1.285485320384427155e+01
-1.198192407570017259e+01
-7.334778490842569276e+00
6.034881751677836803e+00
-2.707105054724481619e+01
3.264578691185466397e+00
-1.346834314415608880e+01
-5.450101952905692215e+00
-3.605441673302610894e+00
-1.734437430618040210e+01
2.386112042467547667e+01
7.367766880742653512e+00
2.399021013207958575e+01
-6.799537849391333211e+00
-6.813122032644676196e+00
1.282604247572755973e+01
-2.086935340110457915e+01
1.454588048713247339e+01
1.614456053586585327e+01
2.755509674768141437e+01
2.056008489571317988e+00
1.299636091050144593e+01
1.489034653272906539e+01
2.281518451851827223e+00
-6.997791275294193980e+00
-1.863998072812037776e+01
1.184664455031753150e+01
1.281545689886779860e+00
-5.689974666672936721e+00
2.142269802058752859e+01
1.884563716989231352e+01
1.557828098148776519e+01
-2.066896972456327575e+01
3.111722051305574333e+00
7.040014069321784973e+00
-1.332591328469437286e+01
2.064324642577289737e+01
9.070947096589643266e+00
7.854121227713655173e+00
1.671316033062862516e+01
2.170917803342196351e+01
2.681667026009615995e+01
7.239293006029257072e+00
3.865126942913283514e+00
-3.514633520204644412e+01
-2.508741425030351024e+00
4.252438877789654015e+00
5.531887233690070182e+00
2.725799308250791420e+00
-2.193422561498991286e+01
6.454829901440858109e+00
1.239210995319564645e+01
2.706611068799475994e+00
-6.594919553681813928e-01
2.923441092456989132e+00
-2.011741923131657117e+01
-1.418114325042505541e+01
1.739496880337877016e+01
2.264628300958558427e+01
1.696998118059342886e+01
-2.062728495075147706e+01
-2.541864535821717652e+01
1.349464951720437611e+01
1.819111204948756111e+01
-8.337149663604956018e+00
-1.577337633808923556e+01
-1.538613386228977298e+01
-1.704534409734534606e+01
3.651268950908576727e+01
-1.061112062859060856e+01
8.628803864824909908e+00
-3.010019447563601958e+00
1.090179853254883113e+01
8.939353876463236315e-01
2.240913854298557695e+01
3.324582909641804473e-01
1.124010195267119983e+01
1.973962964926845087e+00
2.185978496600245791e+01
-1.717279825554927086e+00
2.993659036708281818e+00
-7.443928211242219817e+00
7.076324545776786934e+00
-1.845293849008861997e+01
7.140325378547789370e+00
-1.964919548568363927e+00
2.263827500371278489e+01
4.753173181684919868e+00
9.218325387072177080e+00
-2.900093262216818957e+01
-2.575830576153382978e+01
2.255885351521158100e+01
2.238987186016278841e+01
-2.641247296921148902e+01
9.736532559821153399e+00
-1.136685971192132349e+01
-1.872151551265914193e+01
8.937028171009007593e+00
6.030326862975021740e-01
5.907354320757078892e-01
-2.489366414158332930e+00
1.264344240941920638e+01
-1.135242309879751943e+01
-5.817367220458613541e-01
-1.565469771614749384e+01
-2.028309416083420302e+01
7.782366155490004545e+00
-2.484807131706216410e+01
-6.006035743623147738e+00
-3.338209761327297542e+01
-5.395316799037996880e+00
7.693709507161317518e+00
-3.717526442160252031e+01
7.264569346416291040e+00
-1.822054062961030496e+01
9.716782593087661013e+00
9.694385204385714161e+00
1.983962812713656376e+01
-1.826181561701112699e+01
-5.784062922024530984e+00
-3.681517369018006747e+00
1.939744054983403521e+00
-1.145653836283392302e+01
-5.499250951443578117e+00
8.178901968513974552e+00
5.094418308461292177e+00
2.791842672412768955e+00
-3.563309668430217236e+00
2.903408005827504823e+01
-1.416780279700913470e+00
2.451561200516485073e+01
9.446926473628362686e+00
-1.423151192384669628e+01
7.654839429203324386e+00
-1.088117482670288716e+01
-7.418861563320526820e+00
2.346762866271340187e+01
-5.562797286134423480e+00
-1.085944376338481288e-01
-8.743143783600721974e+00
-5.818920482150014450e+00
1.274477424222229871e+01
-1.418884970620442232e+01
2.889925311583070311e+01
3.253369171206617061e-01
-2.096155620566221955e+01
-1.391057289314723278e+00
3.321052705427986496e+01
1.299955946127023765e+01
-1.295833324089394445e+01
1.120581288023191746e+01
-2.108693719389024679e+01
1.625493882518317079e+01
1.306615129767853389e+01
4.366669275114577431e+01
1.063585111132806027e+01
-2.898006260567382419e+00
1.509813086297888240e+01
-1.212967423917012155e+01
3.688833001395751765e+00
-9.073059346703769013e-01
-4.191172888336948787e+00
-1.081946743209000950e+01
2.290596581478203930e+01
-1.117723934570540401e+01
-1.656646517217277648e+01
-3.770906045856177169e-01
-2.000525337037284856e+01
1.505051449104925432e+01
1.023633603161880146e+01
1.464143815751247324e+01
-1.296597483110963189e+01
2.910721753608706663e+00
-9.597045240969588331e-01
8.085445048546151980e+00
1.289357973225612497e+01
-5.970258327571436041e+00
-5.417847190843278149e+00
-2.279602965319318386e-01
1.160273068454428369e+01
2.708768143506022241e+00
8.479548359131298341e+00
-2.915815982382449434e+00
1.006576034520849872e+00
5.698386673313404316e+00
-4.329973541444618945e+01
-2.433378952192896350e+01
-1.201838050142990433e+01
1.086619665381894961e+01
-2.164439451121927505e+01
6.928499095884930181e-01
-6.749280116266564988e+00
-7.800762472794707136e+00
-1.633404930085363205e+01
-7.443920091631921032e+00
3.979954953349711388e+00
9.376962168177346513e+00
-3.944513969208906623e+00
1.917121385550466073e+01
2.005530137659825130e+00
-9.493938414475017851e+00
1.844201255302438369e+01
-1.182352603235103672e+01
-2.639338230975189603e+00
2.545007557241103058e+00
8.746894817108643139e+00
1.211112392195508036e+01
-1.158435743636280790e+01
-2.080277382863809166e+01
-1.966504801764285304e+01
6.777340999405698341e+00
-1.509144785006249201e+01
2.790973716502728763e+01
1.703180108512968616e+01
1.319987445331347509e+01
1.117317768609462902e+01
-1.349164034476076601e+01
-9.820989132903459318e-01
-5.263625271603022959e+00
1.892438885830878803e+01
2.630036484883902048e+01
-1.543314506923111651e+01
-1.498171682218653622e+01
5.343248508982675560e+00
7.350018790150681269e+00
9.446509035897854289e+00
-1.784352986407265584e+00
2.582524823923137092e+00
2.078081545751812698e+00
1.560580758399160928e+01
1.714443799016556014e+01
1.841449501988306636e+01
9.888202687325822193e-01
6.464590865471910419e+00
1.388897897170425466e+01
-9.789719160687507582e+00
-4.308461709599425982e-01
-7.903414003316000525e-02
3.907144649075406306e+01
2.170783185138785143e+01
-1.166499242840276551e+01
2.528675925403673475e+01
4.746574341277877807e+00
1.933987757954479036e+01
-2.558167197342338639e+01
3.322035901427762283e+00
-9.926805616308605806e+00
-2.959887447100444291e+01
7.212765923987301875e+00
2.674027210951399169e+00
-2.257847858975818411e+01
-3.015086698623170491e+01
-6.211661666646083546e+00
-7.584074574546313841e+00
-7.110598433097058191e+00
8.151576400912929898e+00
2.533420468185964580e+01
-4.476558796162147580e+00
1.312426596349379748e+00
-2.822506343801127571e+01
6.713619620169073876e+00
-5.103984953427764815e+00
-1.340959014841272356e+01
-2.357543501239570016e+00
8.254731002758314062e+00
9.780379804198652494e+00
1.499882416244552630e+01
-1.156129316805322027e+01
1.351519484332956900e+01
1.013154826455809143e+01
-3.778133664433373440e+01
1.626582527145843216e+01
-9.599532007478885021e+00
-2.659280305006021194e+01
1.829733661484880969e+01
