-3.668296094035861099e+00
-6.117709094977944240e+00
-7.075243486361382228e-01
-1.059387256118722531e+00
-4.666908033847058768e+00
-3.979391082137012425e+00
-7.234536404751424676e+00
-1.645306556247632912e+01
-8.078528403541898939e+00
-7.907845858207287471e+00
2.351923359455699192e+00
-4.108356974578156517e+00
-1.006043450576126652e+01
-6.782197828139926443e+00
7.068876912194617113e+00
-6.502440782549544496e-01
-3.293292514371956692e+00
8.505856573233367968e+00
8.010835033265408356e+00
-9.950168768325893254e+00
-1.713050508433622099e+01
-4.028504857170738696e+00
5.004132462582412622e+00
3.683792424402473564e+00
8.783290408904240176e-02
-1.361314244362914216e+01
-7.989408057219843151e+00
-2.093610877064579601e+00
1.116686286813757611e+01
1.826311621300798294e+01
1.229650258210454261e+00
1.541709926297455802e+01
2.056027173448299550e+00
4.543770141656422901e+00
1.997576988215854055e+00
-5.801461710687967788e+00
8.934747003601700044e+00
-5.907495966829126921e+00
-6.829141137605881262e+00
1.006205765119325024e+00
2.200825996072880741e+01
-4.364097318779616153e+00
1.325053514777862373e+00
7.779169202337229194e+00
-4.595770169550139173e+00
1.630747475891448062e+01
-1.852964816887853639e+00
-2.414640633913574419e+00
-8.672752111164552247e+00
9.191127722034018177e+00
4.571055855288861380e+00
9.479469011973971959e+00
2.326756085575204747e+00
-1.877994123671385074e+00
9.289455173771479224e+00
-7.714532251360235016e+00
1.740472956432449436e+01
-1.078646345259816758e-01
-1.139405892369385720e+00
4.348898449102994945e+00
6.554620785599172272e+00
-6.536436068251142650e+00
-7.388723905925476565e+00
1.082711103527256391e+01
1.391012710071215075e+01
1.128013786452174472e+01
1.016592481748395826e+01
-3.092075837368537972e+00
-3.623086825480577478e+00
-4.464267189233663835e+00
-1.695597484484674844e+00
2.625523706051847483e+00
-5.402947385531613023e+00
-1.350529229368811279e+01
-1.590389114270446136e+01
1.334247308007102006e+01
-1.196479902753977242e+01
1.632473849198615490e+00
-5.019956606009039923e+00
2.550621714475375335e+00
3.866676267987420701e+00
-9.153900463552957945e+00
-1.047112893099553155e+01
-1.772272682799977872e+01
-2.385907803874336874e+00
2.540884193557255699e+00
-1.092399550517153983e+01
-5.814994992129486562e+00
-1.104820821059303526e+01
-3.161430759719134453e+00
-8.675502213453993861e+00
-7.325611144457916168e+00
1.689768650796455418e+01
-9.234699959448439799e+00
-6.177975349533967986e+00
-6.523680426420252587e+00
-7.269938026536533648e+00
6.376105772322008924e+00
1.316010352895541047e+01
-8.846975065417124640e+00
-1.128515402921930644e+01
-6.333316053653684108e+00
-2.541274164161845484e+00
1.450506168844892230e+01
-8.567873105881501417e+00
5.516645633184232622e+00
7.292579166996944195e-01
-8.370464931012184806e+00
1.364911588195641379e+01
-8.231947712658053362e+00
-5.285841962829613827e-01
-3.881850778564345461e+00
6.159141866900356810e+00
1.081517526513847649e+01
1.136440853010665109e+01
-6.150316555243266592e+00
5.094093067485767179e+00
-1.299871670252519706e+01
-7.543294942551293403e+00
8.858368443195065112e+00
1.071551818292500258e+01
-6.194708863447595526e-01
-1.356860144120033773e+01
-1.376860083249558642e+01
6.832561933585506786e+00
-3.091329994531432312e+00
-1.173496368483754182e+01
1.227497992903063739e+01
-1.383530682225514141e+01
2.979214360784524729e+01
1.372160607022912338e+01
9.017369938966126597e-01
1.571001523893635721e+01
1.979570546534209541e+01
1.338376185506731098e-01
7.789813685085228201e+00
3.598554065767563426e+00
9.960794565071536155e+00
-2.319613037598034211e+01
-2.766411676176410595e+00
-4.315161279129559269e+00
-9.062652774391526833e+00
-6.553719634927242410e+00
2.975814504416492312e+00
-8.885212290971493232e+00
1.752736798105541638e+01
-5.418990397196616904e+00
-8.756441261983537450e-01
-1.199478524105690802e+01
-7.209646971162590567e+00
-7.079190182726867064e+00
6.833366175073388504e+00
1.115213046050360468e+01
3.013814898033848610e+00
9.424623744406826376e+00
1.090399250829528732e+01
-9.572100482491874729e+00
-5.410329602970491258e+00
4.707828683834399008e+00
-7.515865666682512547e+00
-2.565703399706327659e+00
1.360712473316240345e+00
2.691435103877392598e-01
-8.696978095876925607e+00
1.091856014300442324e+00
-4.025069157505126505e+00
-5.317889988359432607e+00
-4.631048014248033695e+00
4.513078013015004331e+00
3.029135053026004165e+00
-2.410502252520317512e+01
-1.182431206855146577e+01
2.730838879893042304e+00
1.483981411173450660e+01
1.099778996133450271e+01
9.361195465288931317e+00
2.110886732432872748e+01
-5.923823173458952596e+00
5.415310284829827125e+00
6.535101455168212503e+00
1.808015665747986489e+01
-8.202729165892996832e+00
-5.870997141910503814e+00
1.662689496472136241e+01
2.715734741767676930e+00
9.358866438904600571e+00
3.921884604332051438e+00
-1.309376261277150988e+01
-2.422554536305100203e+00
1.453770036759049589e+01
-3.625596989198843545e+00
-1.384124841214045443e+00
4.347185972095348738e+00
-4.649929094028013132e+00
9.401466171163294305e+00
-1.512934763364002144e+01
8.386599284284226741e+00
5.833211294480213915e+00
1.938654118386064829e+00
-2.059875324864789903e+01
-7.577151212103231614e+00
4.679210260440913594e+00
-7.364752737425812157e+00
-2.327241710454400803e+01
3.460671219682269761e+00
4.131073870627461453e+00
3.692520819379628616e+00
-1.685413921040097129e+00
6.485616268435598464e+00
9.361578452572873132e+00
-9.872495417324646638e+00
4.095058646294434945e-01
-3.421953663731901241e+00
6.622281028702211358e+00
5.984240596991355909e-01
1.202097077682794790e+01
-1.734425017706375138e+00
-1.545232495781381665e+00
2.152318131655508893e+00
-5.419341690097665420e+00
1.116869539319985272e+01
-4.799787990232312396e+00
-2.670304996039731904e+01
1.265465855443075327e+01
-1.283582103448047107e+01
8.934675464428676328e-01
1.314183292889295751e-01
-3.867263189833475057e+00
-6.672245340314194806e+00
-4.040076085319463495e+00
-5.426190095999457341e+00
6.148677171971842270e+00
-2.849590561995956062e+00
2.151165428836892435e+00
1.473999084047965091e+01
-1.328031957206910008e+01
-1.896280066047550061e+00
-3.777445923185791810e-02
7.935876024723446776e+00
2.022756510312497369e+00
1.363142138256795199e+01
1.257616494596436851e+01
-1.230122711895375787e+01
-1.546119301705479643e+01
-5.075157337488124476e+00
-6.277142932980282808e+00
-2.398703623194470280e-01
8.513419804515699241e+00
-7.541248280878679822e+00
-1.438383326668889062e+01
-1.022607917499857955e+01
8.509987404073998674e-01
-1.810787979567539097e+01
-1.850060421161700663e+00
-7.765182553855498604e+00
5.558907510931805795e+00
-1.483762322298877834e+01
-1.010451406727359114e+01
-7.664851118221834625e+00
3.364046509852257394e+00
1.362315765392293443e+01
-6.167207989299111404e+00
-2.655957371582989487e-02
8.649025342609609979e+00
1.672475104766888521e+01
8.762219018247778379e+00
1.235655333277109591e+01
-1.859719574930284391e+00
8.737362425146503853e+00
-1.136502723763390144e+01
9.793368802192054190e+00
-6.413937274440917768e+00
-2.409458563851324620e+00
-8.891225585043503798e+00
-1.109504851214013499e+01
-8.042280425802269761e+00
1.536456660253647222e+01
7.948351604427542405e+00
-7.737479790561878623e+00
8.243745604213554401e+00
-5.469960662025392661e-01
-2.693363064619346403e+01
1.263441720315727679e+01
-2.927573460169001773e+00
9.065770603221038115e+00
-9.384040383443224442e+00
3.647193045402116418e+00
1.774995460272464243e+01
1.140713011543127742e+01
-1.456753133740815054e+00
-2.605998031617627220e+00
1.082388117934306138e+01
6.411758723174508567e+00
2.626953955993048595e+00
-2.886538586365901438e+00
-3.013498578112024262e+00
-3.108590538618588806e+00
1.521255477271505363e+01
1.431860146493600050e+00
-2.945216631092259618e+00
9.141745969163908470e+00
-1.175963142675169326e+00
-1.516448245568664888e+01
3.456403215050091848e+00
8.010252380684729445e+00
9.866600991195461745e+00
-3.584721444673484303e+00
1.902420895107788334e+00
1.391411619437250913e+01
-6.396365623323920779e+00
1.977536395363462773e+01
4.922003728294375158e+00
-2.760136934934522390e+00
-1.541690283911912829e+01
-2.170880137534334953e+00
6.795539521014006823e+00
-1.288038228207713942e+01
-1.879523607894961756e+01
1.502853736955233055e+00
3.691872076878597309e+00
-8.342877853608392513e+00
2.800437808572149745e+00
-1.036820813697182508e+01
-1.705527144138176299e+00
-7.266603953013715866e+00
2.084321977460102726e+00
-5.338033155551316966e+00
1.114696106560105537e+00
5.516087671667706083e+00
4.369324702232681989e-01
-8.463249889474681709e+00
-2.210157299065630632e+00
-6.944037053387971392e-01
-3.284399360329182560e+00
-2.204273529701100021e+00
3.080112690116520113e+00
-5.339495949856686963e+00
1.783471185030810346e+01
-1.541471781781943484e+01
3.988458819486760731e+00
9.685075966314615314e+00
1.737007210954024572e+01
1.702822447422479613e+01
9.516380573285175615e+00
-7.643772480745154141e+00
3.820637118076955385e+00
2.784914581117482246e+00
7.872872991862505998e+00
1.063975655010261434e+01
-1.465759619326864716e+01
-1.383074000529381120e+00
-1.239630160286618832e+01
-7.662916102986506495e+00
7.503620129147813955e+00
1.105166031890321854e+01
4.670631488314741731e+00
-1.408367294074558984e+01
-1.047380317708059749e+01
2.301138233732126503e-01
-2.186654002328373636e+01
-1.371168416194646511e+01
-1.184384358199400467e+01
-5.402875321315637969e+00
1.945092410387302095e+01
1.013006507305331461e+01
1.318263310193114046e-01
-1.860014869642725088e+01
3.267886838828344764e+01
5.016241684061966133e-01
1.255536638240070779e+01
1.308415073950186169e+01
2.038369669235883475e+00
-7.707591070290726876e+00
1.179234353152960324e+01
-1.223838108739977448e+00
5.674680494165549760e+00
-4.366718139656818876e-01
-3.258513561169304129e+00
-2.980945436057412246e-01
7.013560215968094091e+00
-7.123105289777055482e+00
-3.146120954598823971e+01
-1.680256468591382202e+01
-1.133181248472617142e+01
-8.502154916138549012e+00
-3.324902873890923649e-01
4.774368686215624824e-01
1.520764316836734853e+00
1.210814196056844594e+01
8.783337537544262830e+00
1.882353997501755805e+00
1.210330832680452939e+00
2.932272650357255817e+00
9.435537055116536287e-01
-1.721461030324047670e+01
-1.159452667107104773e+01
-3.682664647018184301e+00
1.618594721453119689e+01
2.430968494244958755e+00
-1.631807432359172472e+00
1.564048042666127536e+01
1.390937665444752547e+01
-7.894043829623917041e+00
8.625827952349752081e+00
-4.653849834858662327e+00
1.487326614868733721e+01
1.037044562080803445e+01
8.252920422668694300e+00
2.327096800731614579e+01
1.404528542827198478e+01
-1.443226590959748989e+01
-5.324373473565481518e+00
7.557313936667266141e+00
-5.739478479123196308e+00
2.120669255049777391e+01
-1.895785380801310183e+01
-1.145694636884749151e+01
6.032339145877354092e+00
-7.274159451735949133e+00
-3.604091122044159740e-02
1.917878532798398794e+01
-7.609616031587630447e-01
1.080568134031676486e+01
-4.619330412413146014e+00
-1.148930132437403451e+01
6.968304899713855249e+00
-6.148372646787703122e-01
1.169795093947841558e+01
-1.246590269419737673e+01
2.247830514352503695e+00
1.602320556757232595e+01
-6.851623821627098820e+00
4.394807711943468753e+00
8.007362699977292664e+00
1.010491876567685665e+01
7.661114754376075808e+00
-6.087231519328597962e+00
1.134571719043456106e+01
4.812345797866734110e+00
2.543811962807864369e+00
-1.737254055335233716e+01
-1.614643081392416590e+01
1.349344604176934581e+01
-1.443873328983112536e+01
1.397378584296110837e+01
1.381297140681666091e+00
-8.305865024967932442e+00
-1.168610870298989290e+01
-1.029507923921832102e+01
-3.595172124818212911e+00
9.279063665251904292e-01
-1.236877488570788408e+01
-1.332690854082263954e+00
-1.043370934501584379e+01
-8.530419811842678612e+00
-1.971047477818073546e+00
-1.556220445632888705e+01
3.639267171408408608e+00
-3.722574513345660474e+00
-4.675995274739252139e+00
-1.971516105523092222e+01
-1.245831536872468170e+01
-9.302298234443515668e+00
7.240870103784994960e+00
1.682859777028615511e+01
-6.792959431220643829e+00
4.191191936173318311e+00
1.534973055918200835e+01
-6.493390480758137961e+00
1.538951809216573885e+01
3.536178265370153895e+00
9.758717766791884074e+00
3.470060094028626363e+00
1.348806078851828083e+01
-2.702459702635642724e+00
3.564343403832701096e+00
-1.685940479357387289e+01
2.793874912336625549e+00
-8.687509882334898847e+00
4.593043342499052883e+00
-6.330962172566646728e+00
3.180580425782509213e+00
2.147959500530738808e+00
-1.123101619298889986e+01
2.649908387463729920e+00
-1.687789469085119975e+01
-1.177806159948138420e+00
-8.505192927049060714e+00
-1.385418637498662342e+01
7.147356342208609270e+00
1.169334532369360069e+01
-7.793765220723988030e+00
3.808355040093378552e+00
-1.162453152026463377e+00
-1.453881906299864291e+01
1.745376834850368430e+00
-5.868153814387085276e+00
1.207917809327867253e+01
-6.230289377040399978e-01
3.797044733781476555e+00
1.141751850906026888e+01
-6.749329180524860305e+00
9.606996635305163679e+00
-4.284387858446937258e+00
1.645630855169173046e+01
8.226984462928072617e+00
3.640734668068308644e-02
-7.854712895949178986e+00
1.646062354454574717e+01
4.056524373849516252e+00
-1.835899122670570094e+01
6.628969519374411590e+00
1.848853406621027773e+01
-8.601212591777262162e+00
1.247415068996435838e+00
1.066196735107193261e+00
-6.046968495886907213e+00
-2.219119393996006107e+00
1.178453787351685556e+01
1.182235126557091753e+01
1.246216041664925456e+01
-8.902937306227830305e+00
-1.759136856023075168e+01
1.292247127810222906e+01
2.510060985834098535e+00
4.674521958502466212e+00
-9.698659804136660512e+00
-2.019321858457847896e-01
1.661247844056832124e+00
-3.124167851454353606e+00
7.586021378097413503e+00
1.295085168775963602e+01
-6.824736694175995488e+00
3.207261623663706374e+00
-3.031799555872847218e+00
-1.305811769673839251e+01
6.043613874961453747e-02
1.260397822190412143e+01
2.435412189332569000e+01
-1.764480631041986936e+00
8.142378558015147760e+00
4.060322769744655780e+00
8.481662690634339086e+00
-1.488269135914343089e+01
6.982171455745083133e-01
6.541355190285946808e-02
1.471063164737581452e+01
7.573757177150557851e+00
5.654787242719801377e+00
-1.426883947257567176e+00
1.129094169374060641e+01
-7.554954663632672762e+00
7.954534484852561427e+00
-3.825530211477264242e+00
-7.538843621352349977e+00
-2.586634829445153549e+00
1.413846355132312738e+01
1.129669697320378363e+00
1.941926352238482778e+01
7.478375377363453147e+00
-2.063582879889279909e+01
5.691827304025848022e+00
4.833386938024471391e+00
3.811778223092360918e+00
-2.601532547574685883e-01
-7.786898421729393505e+00
-6.419766919808846950e+00
-1.473717630303475090e+01
-2.834041767265772727e+00
-3.368349413883441112e+00
-1.950979257740003092e+01
7.363256493726855645e+00
-7.801135389521313357e+00
2.776515318689012357e-01
-1.486457221796578132e+00
1.041384444623524175e+01
-4.506894095188418881e+00
8.761767787429743493e+00
1.418567612508848219e+00
-1.668197303921476404e+01
7.502318210090424877e+00
-8.239881267316329527e+00
6.059020695936391476e+00
-1.118973949940351709e+01
-6.804074265250520170e+00
5.626614060487553637e+00
2.185689753328058060e+01
-1.496040334754009749e+01
-2.317265585510687398e+00
1.891746746754879638e+01
-5.510737367232951378e+00
-5.480237975978972997e+00
7.817377378679058353e+00
-1.501006937781298767e+01
-1.385207928473537997e+01
9.759230592286463946e+00
7.772515693717002350e+00
1.518897023810364288e+01
4.132866517456173838e+00
1.514930091726919770e+01
7.322265971888493929e+00
-7.083874483070323080e+00
1.512111748882540319e+01
5.563664689676534714e+00
1.082102486282740728e+01
-2.915886381704889452e+00
-2.838351697020855546e+00
-5.366249474805659503e+00
1.694095230494066584e+01
-8.915116009790665652e-01
4.983165684949558916e+00
7.592930003032844155e+00
-1.072703395801677839e+00
-1.461076219657823216e+01
-1.169276713918493638e+00
-7.282503579584231446e+00
-5.121028489430830888e+00
-1.859526409055244045e+01
9.746340233701578981e+00
-8.374866647069614256e-01
-4.192750244031529405e+00
2.891453132026516215e+01
8.999013922904355312e+00
1.531646514635812650e+01
6.560619029516205902e-01
-6.521950725852307507e+00
-2.267411931203761455e+01
8.365425118874414423e+00
-3.588920683999625272e+00
9.055052968995754625e+00
-5.686508884380613971e+00
-1.741237106332072315e+01
1.824979443601815987e+01
2.681803193435260635e+00
-8.864439035826080726e+00
-6.621958967427220344e+00
5.983188156520764522e+00
-4.644973418088157224e+00
-1.753048834096151154e+01
-1.090260151102099861e+01
4.290832387600911346e+00
1.692634303781826444e-01
8.091553061099099331e-01
-4.372275934496947514e+00
1.075941259290999819e+00
1.903915495324898899e+01
-2.045950974689584090e+00
-8.749540980019870906e-01
1.207667711201686522e+01
-1.877648947469677054e+01
8.065586244126128790e+00
-1.059256597832090918e+01
-1.157410803477365313e+01
1.148847245504048153e+01
-2.516108186083986897e+00
6.613434251908891781e+00
-8.686661158410325712e+00
-5.289004738986714749e+00
1.372755582217635828e+00
4.400893821084202351e+00
3.763380898043998890e+00
-2.157839280114065783e+00
-8.281451069330428849e-01
-2.536479821491910869e+00
-1.524331647599626027e+00
5.931833212212360706e+00
1.080326837232445136e+01
1.151289041947492464e+01
-7.383772202561558196e+00
1.304485911265624232e+01
-1.379946042528976946e+01
-1.710802359416962659e+01
-7.423889321483839510e+00
1.341760441703862483e+01
-7.499210830191173294e+00
-1.313136457227975740e+01
1.241859550040528726e+00
-7.143888584489068272e+00
9.873872885594382254e+00
-1.311632636125387386e+01
4.494460901070885583e+00
-1.055290438213876669e+01
3.662031504953252803e+00
2.520172914936904096e+00
1.457707313719873632e+01
7.060190958146250750e+00
-8.658628361451761180e+00
-8.283085168091194106e+00
-1.636665181635645183e+01
2.428655857219661929e+00
1.109977970329755870e+01
-1.458420546252636463e+01
1.210248882071551435e+01
-2.501681611779753567e+00
4.892112221907051861e+00
1.063010098770626755e+01
-1.965192997971851341e+01
6.278525419898424609e+00
-3.960799281255072746e+00
-7.722689608152953689e+00
-4.422586379666105572e+00
-5.767327121892146913e+00
1.378682525631526445e+01
4.467240738368615793e-01
-8.642689643991657178e+00
2.781754960264108334e+01
-1.195959893626204718e+01
1.240412065771942096e+01
-7.285931640962786116e-01
-1.311743480006411566e+01
1.023133010459482684e+01
7.028832179081676124e+00
-1.349304522290383801e+01
1.145075822048779024e+01
6.005478069027962995e+00
2.793162848687024180e+01
-1.805873465411455925e+01
6.811768336008408031e-01
-4.367089744076404045e+00
-5.799192881092245955e+00
6.672043490572139746e+00
8.825648383465443558e+00
-9.515851390965437417e+00
4.389114731926761159e+00
-3.006987989711930265e+00
-4.190263907628289708e+00
-7.456880899384767503e+00
2.831306342684502653e+01
-6.310000594525030593e+00
1.295792475006039624e+01
-7.763983730662443072e+00
-4.797610827562240665e+00
-1.745355064408734336e+01
-1.079625213105314341e+00
1.966469905124056794e+01
-7.060793618477657851e+00
1.591511398005169386e+00
-2.375616136287557367e+01
-2.136146024536147081e+01
-3.918214236780809823e-01
-3.400997013878258812e+00
-5.962919805529175221e+00
2.266241256597610665e+00
1.993943978023399666e+01
-7.328261741339185953e+00
1.028053759808091350e+01
1.343842105917565632e+01
-2.156576270005813356e+01
-6.110758245129559008e+00
-1.037607549869287382e+01
4.652923818387566968e+00
2.064999000110477212e+01
-7.590739057370132770e+00
-2.591522545210024475e+01
-3.963780016501312620e+00
1.750295615086719536e+01
-8.283935015761182186e+00
1.817277195278768431e+01
-1.112501545123092228e+01
6.412399140399058339e+00
1.828437989053488977e+01
-1.382681455621007771e+01
-4.493846020723394119e+00
-7.585399473455823882e-01
3.058320602564164048e+00
-6.648793951980657368e+00
1.701684973892087838e+00
1.247406361203162284e+01
2.272981689594810106e+01
6.142477248145307378e+00
8.689966400877455754e+00
8.621205539499454673e+00
6.207317360077109214e+00
2.895729024244648997e+01
-5.974056145270834506e+00
1.338533016829273947e+01
-1.415720567468200919e+01
9.228057144385370947e+00
2.445360408265631946e+00
-2.825389557295216125e+00
-1.387955074411118517e+01
-1.209806668315457934e+01
-4.296601627096441334e-01
-1.994728612060876038e+00
9.558470246072695575e-01
7.578308921406067711e+00
-5.698451116622416990e+00
-1.030331409418133148e+01
-1.399645096787104359e-01
1.312591140125842593e+01
-4.063815860060299379e+00
1.164279356714449420e+01
-1.095032134566888260e+01
3.386312330829679862e+00
9.206147802333104480e+00
-3.845424166824462642e+00
1.364929693254839904e+01
5.765280368792199184e+00
2.628619120116355568e+00
1.046682663352255283e+01
-7.481946451783291430e+00
5.530590479866860143e+00
-4.130213480887972466e+00
7.669510634660449355e+00
3.036667854870434446e+00
-1.532075992784129426e+00
4.558962395253863598e+00
-4.600424581248131695e+00
-4.622537048785383185e+00
-8.769273839091381362e+00
-1.293699323539163437e+01
-1.876353075801718839e+00
1.514109642491462004e+01
-1.682347299553525843e+01
9.570813675177971547e+00
-8.220227460685194387e+00
1.733519992662407816e+01
-5.793019449928401343e+00
-1.210180566417819570e+01
-1.715438771927199468e+01
4.415935594587218738e+00
-1.651212834415392905e+01
-8.833087320137636311e+00
5.155395824010064132e+00
1.782405494812592472e+00
7.353440115640649033e+00
-3.542499327500459927e+00
-5.147195430115857340e-01
-7.141661856875540337e+00
9.742484128233924068e+00
-6.847564211938819589e+00
-3.656775729949777620e+00
-9.478424127832979496e-01
-6.644932214687504946e+00
3.979312859360156107e+00
-1.597062365907108017e+01
-2.037165817150008706e+01
2.691171313349575822e+00
1.438084960957617753e+01
1.266053626040149815e+01
2.126095864760830234e-01
-6.415601755507787551e+00
-4.389227217297122507e+00
2.451762516006294579e+00
1.478233181971929788e+01
4.687613782682064745e+00
-2.830816801839204366e-01
-1.634527446523210159e+01
-1.134258524337581697e+01
-7.843854528897613143e+00
-2.024971292617740559e+00
-4.902184272676270993e+00
-1.887201914718948359e+01
-1.432658579314787417e+01
-2.354999190828664102e-01
-4.796519845444433550e-01
-2.071473811421524402e+01
1.271278498884753816e+01
-6.517166577372942804e+00
3.016399439557104323e+00
5.732408544834345143e+00
-2.003117980982182544e+01
1.351417928273748892e+01
-1.507246359067712937e+01
-3.163630095229795769e-01
4.223983871649134580e-01
-2.337002512555041989e+01
4.971850027876848266e+00
8.161703906777525219e+00
-9.574478328316432751e+00
-2.849224398836373240e+00
1.082189131505558244e+01
-1.215575363029441647e+01
-1.194184138522781247e+01
4.924954312623998298e+00
-1.097508236162322959e+01
-6.696082652605952035e+00
7.700106430833889015e-02
-1.012718527728651452e+01
2.354212826854767737e+00
1.972696309820475946e+00
-9.038774744298978092e+00
5.436261734093092990e+00
1.197157171197010150e+01
-4.215535829398453060e+00
1.399193701981334748e+01
-7.880778883489780284e+00
-1.369739059250732360e+01
2.142087036467388828e+01
8.503893354976142405e+00
-2.055242181777954613e+01
-3.809445551024845056e+00
-1.369531987787705241e+01
-1.830609970766894889e+01
-3.642007686097059604e+00
-1.311007085361976365e+01
7.551976598800279383e+00
7.319424622543259318e+00
1.390247398031996706e+00
4.711372957778970694e+00
2.561202513734373909e+00
-5.746316821633939753e+00
-9.056430925926711728e-01
8.585570035040291259e+00
2.523900202934507675e+01
2.290428482916740194e+01
3.732003555212707990e+00
-1.013323283506279182e+01
-1.524234788248017836e+00
-3.949536240174448487e+00
-3.477038825126215649e+00
-1.649813976149347639e+01
6.141571720361865161e+00
3.465287937461203338e+00
4.537169804171977461e+00
-1.362370616272679769e+01
-1.454964661181330721e+00
-1.956165206744549678e+01
-1.466675437010152550e+01
-9.468177361732514896e+00
1.327775789533574979e+01
3.553941429344002589e+00
1.268916344200338742e+01
1.563499956324498719e+01
5.107521458362676015e+00
3.851448518981024360e+00
-1.047797555533579050e+01
1.855985616414321271e+01
-1.363691622544842552e+01
1.017665510143807417e+01
-9.879098537701699101e+00
-1.733400393993428423e+01
-5.731206354366688238e+00
-2.998369724235252054e+00
9.551226479421661253e+00
-1.361473770045686571e+01
7.068812466312673237e+00
-6.937088012555561178e+00
-3.565893825648206228e+00
5.848576441540551674e-01
3.850448391083652222e+00
-5.034236374580485673e+00
1.860984519834083528e+01
1.031961501561498906e+01
-5.065891774652344637e+00
1.576218063908251033e+01
-8.600410593071879717e+00
-7.411438686195396253e-01
2.176619641124496951e+01
-2.277051092866130055e+00
1.105866697366296503e+00
-1.261641717195078449e+01
9.757048529706742190e-01
7.968689701793710611e+00
1.158053859198148139e+01
5.944031049904912045e+00
-1.311575375584468794e+01
4.034786509883751648e+00
-2.905562248999974395e-01
9.129078971085768046e+00
-8.090895784707416993e+00
7.564847947379456095e+00
-3.176388483936680718e+00
-7.037667525041928496e-01
1.112578448995128788e+01
5.668786808616769868e+00
6.351683645375593379e+00
8.505846813754034841e+00
6.935869137310343824e+00
-8.539971838628718004e+00
9.708009315670670603e+00
-2.095083348797571077e+01
2.679897251256078694e-01
-4.187088870162209098e+00
9.055796348699102438e+00
-2.509888345420519862e+00
2.946974513934947026e+00
-1.192937276303027438e+01
-1.598525805847784298e+01
1.288701538792289014e+01
-2.729831723493464679e+01
-7.346616015483149020e+00
-4.897675001262274286e+00
-1.148413768017131353e+01
3.359586614781275404e+00
-1.956620937911511815e+00
4.345509349901472085e+00
-3.041342365636040768e+00
7.859906495625213374e+00
9.328122090903743668e+00
-5.486084056735954562e+00
4.544327460923560102e-01
1.385092742665676369e+01
-1.295336271250405291e+00
-8.951168445647496696e+00
6.158229027675822032e+00
-2.286886245229367010e-01
-1.111947959342754011e+01
1.036307729922810950e+01
-1.757965246561728279e+01
-6.991806663009162648e+00
