-2.285129352666803015e+02
3.567410358908743433e+02
1.459882622411574573e+02
8.919622737534861301e+01
1.989879733715520445e+02
-2.205024297565555855e+02
1.567709677839127664e+02
-6.765053150998756593e+00
-4.049393614063772873e+01
-5.996467505748007909e+01
2.182113345457164399e+00
2.354024378631369530e+02
-1.607950397384260270e+02
1.952103098130798742e+02
1.515699571523903444e+02
1.954269039288330987e+02
2.293726806923491495e+02
1.650286173149956710e+02
-1.895952138888422098e+02
1.326830776877816618e+02
1.939560166465060718e+02
-4.903990733945241232e+01
2.868453177673241683e+01
1.721559742014858685e+01
-1.596416246098646639e+02
4.885930387127393715e+02
9.769228588899932220e+01
-4.544885694156231182e+01
-1.367440140768011076e+02
-3.130003280444371967e+02
-9.401131804032240780e+01
5.857159195920358741e+01
9.111461442314221415e+01
7.623153290784615876e+01
-1.454001753101786960e+02
-5.234950504762069556e+01
-3.476108212660015511e+02
-5.523083754795939626e+01
-1.844264410753790173e+02
-8.443697427182721071e+01
-1.034578968590207637e+02
2.015641120933451020e+02
3.693756591326555849e+02
1.437734812052109419e+02
-3.129813524952202783e+02
-4.295959708595020743e-02
6.102807571597269032e+01
4.435939805961858440e+01
-6.772160267001336820e+01
1.218001972488526832e+02
9.510362178825512558e+01
-2.186992430745784475e+02
4.083892996719208668e+02
-3.985250450783104270e+01
-1.627094264088761975e+02
-3.453108756745674555e+02
8.223145307081901478e+01
7.027004809000681007e+01
6.199621164738321966e+01
2.558420367304888430e+02
8.142145404979277146e+01
5.428950720025090959e+01
2.212736680227439763e+02
1.474799011220585214e+02
-7.528354269666729692e+01
1.214834436216786742e+02
-1.261772882995127247e+02
1.662893097301653995e+02
-2.309004596331424608e+01
-2.095049567500641103e+02
-3.139048226865352262e+02
-2.562301527193060338e+02
1.370824826038947606e+02
-2.248264257652215576e+02
2.071355485084905297e+02
-4.650059738936899123e+01
1.539444904442344466e+02
6.555930383502629866e+01
-1.146118619161603362e+02
-5.921245465561547405e+01
-1.557722569834003252e+02
-1.249339128435185131e+02
-1.790408720115586618e+02
1.368468872977578883e+02
-1.715853106797620171e+02
-1.211950695146657253e+01
2.115347943552240224e+02
4.589416245047874554e+01
3.177187885880678664e+02
-1.611467472021838319e+02
-3.688924157022121335e+02
-1.589634493300362408e+02
-4.295302386688533147e+02
1.261989765747455650e+01
2.858363905955262751e+01
-2.019705458748246940e+02
5.877476956788908069e+01
-7.745506748051178647e+01
-2.566479259975822629e+02
2.225824415813751216e+02
9.427510680614696525e+01
-1.023529717007449449e+02
-7.938313995043755256e+01
-1.592405757421171302e+02
-2.712618075167528104e+02
2.674729692951528293e+01
-2.280456241538480455e+01
-2.722720770473575840e+02
2.173922521716958443e+02
-3.720201598196548787e+01
1.772460388486915974e+02
2.170391748355296784e+02
-1.639281258087571018e+02
-2.894801295249750339e+01
1.432372149834318122e+02
1.548509101216885711e+02
-4.120119977446162807e+01
1.566943407403218202e+02
-1.971686967283224874e+02
3.840370334716070033e+01
5.462847576191063581e+01
-2.679181975322846299e+01
1.427487780600253870e+02
1.491394432101898815e+02
7.390160166031060385e+01
1.157923007228217500e+02
-1.530462807919817578e+02
8.553708372921880709e+01
-3.917421799298182350e+02
-1.413232922825768298e+02
1.062561228029430396e+02
-2.743845517480057694e+01
-3.304737691583393939e+02
-1.075692777767846167e+02
1.418465638951731762e+02
1.644142095977792053e+02
-1.116225274610904989e+02
3.409837713965404191e+02
-3.912992091748224652e+02
1.547194216110150080e+02
1.292784004382339447e+02
-1.954604158395125921e+02
1.381879851206587375e+02
1.734584431746836586e+01
-8.121642041182873584e+01
-3.147075599816737395e+02
2.218332463837651574e+02
-2.095124337363498412e+01
-9.123055273336757409e+01
3.517659913024080254e+01
3.500934406983196823e+02
-7.774135507282632318e+01
4.193826250259753863e+01
-2.182536078680909597e+01
6.355017443688275591e+01
-2.739745500787485071e+02
-3.212394646541322629e+01
-9.232049898013239897e+01
8.879345629308878074e+01
8.358678729542283747e-01
2.474450960490096918e+02
3.216318306662060422e+01
1.337324260155028526e+02
1.531022766575236815e+01
-1.806539224057155479e+02
1.388273979414319115e+02
8.867099240769385915e+01
4.917839342446238504e+01
3.253589765419009723e+02
3.734577134321186804e+02
-2.599405741648160415e+02
-4.343589573472333143e+01
-2.578623414942180716e+02
-1.884442268121319728e+02
-5.233716248827871453e+00
-3.131565913762364630e+02
-3.009689784363857825e+02
-3.014721099138165172e+01
9.103388116126441787e+01
2.996324077148591769e+01
2.375700327008529484e+02
3.727935033614583915e+01
1.600797832905480789e+02
-1.602585406278404037e+02
2.158009935468818696e+02
-4.314935354973671906e+02
3.122516775619436089e+02
-1.739417561236278402e+02
2.149314688265320399e+02
9.806070042025709199e+01
-6.506710089867002011e+01
-1.843641219251053087e+02
1.172923285229870771e+02
-1.923553786711786628e+01
1.720404958332490608e+01
-1.454368374584989354e+01
1.660037752386642467e+02
-9.477382477174261055e+01
-2.790474097213518334e+01
1.084822295392025637e+02
-1.574808196558034012e+02
-2.687165997570036780e+02
8.126186253509357016e+01
1.866805580971925451e+02
-4.147013626564498168e+01
2.438009330913480710e+02
7.803430032414059525e+00
-1.302834152885780270e+02
-3.144590625140597240e+02
4.625078728721410926e+01
4.618544604274771359e+01
-2.785034059399022794e+02
9.432044225920537883e+01
7.649035640674743064e+00
-7.331860129693646400e+01
8.482177004602525017e+01
-2.610504093130579122e+02
-1.287841411412139223e+02
2.813009820998718737e+02
-3.005607077281816828e+02
-4.795116298383085507e+01
-4.889765854069024442e+01
-3.928015758860613005e+01
-1.412754206822879723e+02
-2.471441654258094900e+02
-7.857808293394781174e+01
-1.326851186103595026e+01
-1.432956269907606952e+02
-2.021787028069576877e+02
5.670050574365559726e+01
-9.277157379017833705e+01
-2.668934405004276869e+02
2.362682033914912552e+02
-1.985969499912407912e+02
1.271990511726159241e+02
1.948008119669426108e+01
1.088747949561260597e+01
-2.983716631535710917e+02
-2.589459846552193767e+02
-2.756045630569961418e+02
9.917936678488692337e+01
-1.891847461430715782e+02
1.063563020722653789e+02
1.054935451151435188e+02
-1.050358816611150701e+02
-9.369366900735423087e+01
9.003359937513077682e+01
-2.261918460637735109e+02
1.647129926896960583e+01
3.257633655434233901e+02
-1.592754181019222415e+02
-1.842852292776488241e+02
2.130645139962512928e+02
1.298894626556416085e+02
-2.480220102237654203e+02
2.020234377162945520e+02
1.011029468942303140e+02
-1.281388025684201750e+02
4.675428414796111554e+01
-1.116429215866773603e+02
-1.206104547088731920e+02
1.782396402847946604e+02
-4.333882253391112158e+02
-1.845099646712685910e+02
5.145190934107075691e+02
3.946905165500056967e+01
-6.152522937735189146e+01
-4.604117193297184940e+01
-2.002957179852725176e+02
-3.278653468907689330e+02
1.641052851575524016e+02
-6.414025876762688938e+01
4.559116652555297833e+01
1.523420500529121000e+02
-1.448165074725124271e+02
1.013146579555049271e+02
1.166457731540393468e+02
1.907763399481534350e+02
1.145884555758850638e+02
-1.739070040632215068e+02
2.133727449593141330e+02
-8.420504573570326556e+01
-2.701862264773460609e+01
-1.054037177069150317e+02
-2.893867908961188462e+01
-1.884481706638976277e+02
-2.901986440459335199e+02
-1.580870779021937267e+02
-6.322783250105906916e+01
1.160052530935601709e+02
-9.703180999188430178e+01
1.518923953099049697e+02
-2.064343115467636096e+02
-1.122942678049732308e+02
1.429667456856243746e+02
1.459926775214770771e+02
-3.816197628589234796e+02
-6.229441297549787748e+01
4.792922965886631346e+02
-2.195540364258921215e+02
-1.259893232277687218e+02
-2.287446022711829698e+02
1.800429214459775906e+01
-4.997396655952270805e+01
-2.977022304269882511e+02
-4.567348281876455474e-01
4.644580600005302529e+01
1.496369089973714495e+02
-3.595619124077813922e+01
1.070212532875478217e+02
-5.678135410273392836e+01
-3.325513730316991996e+02
-8.686086914703422224e+01
2.191297700486924072e+00
-4.701424412970348499e+01
-4.629556167255785226e+01
1.448106146471551199e+02
-4.172373297496079658e+01
7.118138014461339935e+01
1.727037600087367650e+02
-3.506173208717774514e+02
-3.938750779792205776e+02
1.344350078736963638e+01
-2.953668267995491306e+02
3.616536628843411449e+01
-1.448778406602926907e+02
3.189781551454373343e+01
-2.071296005810873737e+02
-1.271740763944413715e+02
2.891391046727693848e+01
-1.504484166175519704e+02
-9.726757766185878040e+01
-9.318657961894719222e+01
4.664298980749137513e+02
3.486437959542251406e+02
-2.156645913574432427e+02
1.222500091746808266e+02
-2.031615444074580807e+02
2.206470125710598325e+02
2.258093035125631687e+01
1.112575876228973613e+02
-1.387624944112317849e+02
-9.293587450051903431e+01
1.920349199693056619e+02
1.383858527031893360e+01
-3.836421704310902214e+01
1.872277807688343287e+01
1.022335025995598699e+02
6.001959347462903338e+01
-2.550956645484159537e+02
1.509990255828874126e+02
2.863758513616119217e+02
2.556689874715275934e+01
2.617254316419598936e+01
-3.203273869542564398e+02
1.905917728602483052e+01
-1.564879184314962046e+01
3.204871922421537533e+01
1.878428023452037507e+02
3.623366187536529992e+01
-3.113124576454633186e+01
-1.562392436185069187e+02
4.481078309572556151e+00
4.151699006242805012e+01
-1.414131878754646436e+02
1.868972432003994015e+02
3.700387269207826790e+00
-2.815880793046542863e+02
-4.692587449426949320e+01
7.496400054682590053e+01
-2.817031722797180464e+02
6.611508443780434163e+01
-4.345625028864028536e+02
-1.694782891794814077e+02
-6.647661030363416046e+01
-1.046216932248934484e+02
-9.313685007201353017e+01
-1.618498785709651031e+02
2.803868560247780692e+02
1.763320392441802085e+02
2.535895479574649301e+02
1.263772709813572703e+02
-2.000536093131465520e+02
-1.913028550350165062e+02
-2.414488692160676067e+02
1.862207777719481498e+02
-2.211448365997984240e+02
7.536791487328719086e+01
2.412158639142402023e+02
-1.349650093377126439e+02
-3.275695759339163970e+01
-3.870679943541048829e+01
5.885000111418408153e+01
1.089757987780896968e+02
-6.122896279819168797e+01
3.693056550789929560e+00
-2.206482291642371862e+01
2.235523214481008480e+01
-1.084895947844202340e+02
7.575890201583780481e+01
-2.029022304809497967e+00
-9.548570931456049493e+01
-1.974060240837135538e+01
-5.475953417008536661e+00
-3.421683305440492404e+02
-1.323483322805208218e+02
-3.073617310460311955e+02
2.339220075363799936e+02
-9.813714913787069349e+01
3.969629968148819330e+02
1.326327442381886215e+02
4.788368954926090737e+02
1.240647735567306995e+02
-2.512265483456660036e+02
-9.773207608538199054e+01
-1.337334300133389320e+02
-1.797786889970378965e+01
5.280900005460765101e+01
1.861121636359275442e+02
-8.741934039699170711e+00
1.608035349528950420e+01
-1.570239688661071042e+01
1.956102653876439490e+02
-3.369013664838288236e+00
-6.920739933784946629e+01
-3.768320341282773143e+02
-1.144357111442958796e+02
1.988722461027413146e+02
-1.496337722575892926e+01
-3.132565249371942073e+01
-1.444204887930490244e+01
-2.763625614613189541e+01
7.143092188492384764e+01
1.564187208422156630e+02
6.673746084700476899e+01
-1.545876164538597308e+01
2.268445142241294263e+02
3.457461996965985236e+02
-1.420264265619834632e+01
-1.586160467398986214e+02
-1.174481747699187295e+01
2.103108509282672287e+02
2.843689200643098616e+02
8.150979533614432171e+01
1.074471850570759202e+01
9.492573737607807516e+01
2.333958251377943611e+02
2.399201113618773107e+01
3.007668909908200590e+02
2.403818321896480938e+02
9.062545051864107393e+01
-1.964365554823993705e+02
2.889975431796334604e+01
1.750607307461117728e+02
-3.284836656750876500e+02
1.725667551180579835e+02
2.557153555716772360e+02
-1.082826109081684081e+02
1.513691462270065529e+02
-2.008603158900024823e+02
1.416716305916325780e+02
4.891167583824908149e+01
-2.694071068119885126e+02
1.217648844313715841e+02
1.209875291746508736e+02
3.043723182482112932e+01
-4.062957127643021522e+02
2.405883087360225829e+02
-1.272716085953917684e+02
4.308011472999304488e+02
2.912598022253110912e+02
-1.005734114383169668e+02
-6.896703148157502028e+01
-2.203848675123913097e+02
2.401158360198855064e+02
-2.382416925166221233e+02
-2.340045951085636773e+02
3.139346470837227798e+02
1.262370565429830904e+01
1.326378916701295623e+02
-3.954856967453372008e+00
2.491387701313018113e+02
-2.151448077090749393e+02
-2.041890237695801247e+01
-2.484532427249703801e+02
1.766108947363014181e+02
1.372743519373411800e+02
1.548254616848643366e+02
4.195765840299580418e+02
1.765383298793512097e+02
9.123612773506340545e+01
-5.229413485671788919e+01
3.599493054781614774e+02
-6.220774793479031928e+01
6.206623541259109089e+00
1.139850594938872916e+02
3.085773750023493633e+01
1.200953663746782354e+02
1.227636889861385896e+02
5.632687918340859312e+01
-9.137715201811523968e+01
3.110217210532257468e+02
-8.429169489407541960e+01
7.449052177666482066e+01
-3.135498535391003543e+02
2.957136959431666767e+01
-1.439405202841694518e+02
1.431730359052992014e+02
3.613208040935813870e+02
2.519394241606447693e+01
-2.331411404736395809e+02
4.551657453390280494e+00
-3.024084051406858862e+02
2.788608157509421304e+01
1.286302036133406830e+02
8.101847329869383429e+01
-2.236611301751292160e+02
-1.720708166197403841e+02
-3.361494849106588845e+02
-1.189132170493806200e+02
-3.749550066075965304e+00
-2.312240566898550469e+02
-1.998551566546755112e+02
2.541308514264700236e+01
1.814021082189770766e+02
-2.383436670266593467e+02
-2.925893554277856197e+02
-2.112150062840668454e+02
-8.225434610082135123e+01
-6.848955872644712883e+01
1.330807867875262573e+01
1.636735177469257962e+02
4.928448762871229860e+01
1.976644487715396110e+02
-1.082167206113392766e+01
-2.378212291885036223e+02
5.671863988926177171e+02
-1.309092306622113355e+01
-1.110514470634568909e+02
2.215886817471711083e+02
-2.022001179253730072e+02
1.292564284646390149e+02
-2.965229518950151260e+02
2.791904553398476097e+01
1.511325550727601978e+02
-1.408963714806523271e+01
1.917772538379046523e+02
-2.402566144274397288e+02
8.528634494351412343e+01
-1.888850815019463028e+02
6.543019820424724742e-01
-2.065474343635053458e+02
1.558968594624238051e+02
-2.536707858151256687e+02
1.178670069573324781e+02
5.475672588175059730e+01
8.534882842539952108e+00
1.456624968431374967e+01
2.871502460547696387e+02
-3.011727743246801126e+01
2.310649046952983454e+01
-8.199173904391106760e+01
1.032159118714412571e+01
-3.105037983039810570e+02
-3.460462397144422653e+01
-3.635298966926832236e+02
-8.771735429100419879e+01
3.022132044740597578e+01
2.255510977716384104e+02
2.089013697223978454e+02
-7.846593874189288442e+01
-2.842297443060988016e+01
-1.533432162270343895e+02
6.099362751977930941e+01
-1.442674239162201033e+01
-6.888303182458489005e+01
-1.817824303411827600e+02
4.633632978795885720e+02
-1.725878358072141339e+02
-7.598293927232724343e+01
-9.248196427526985985e+01
5.658487333070715408e+01
3.179873078255448604e+02
3.902708336077068907e+02
8.671740755485119223e+01
-1.832639510738792694e+02
1.599184646976577540e+02
-1.629577759724806185e+02
2.095172091433975368e+02
-2.071946273969875847e+02
3.840048091343913228e+00
-6.469180917174747947e+01
-3.434678835220599069e+01
-5.424354778860882220e+01
4.359444536178472163e+01
-1.198566527568196562e+02
-1.451054437977453517e+02
-1.160358675646907756e+02
-1.534144477945510232e+02
-3.213357623809541792e+02
9.241074177240676590e+01
1.241446511509740347e+01
-6.398604098152560482e+01
1.722851236654053082e+02
1.315648316605958996e+02
-1.333016753112557353e+02
8.813739462453004592e+01
3.558533430794309993e+01
1.459038508016129470e+02
3.308799555540440451e+01
9.148812255770167212e+01
-2.597510180254864665e+01
-2.785774664296777701e+02
6.041677100054715766e+01
7.980981975538266227e+01
1.972177681869944266e+01
-2.674870425044432523e+02
2.112310691578774708e+02
9.036952200165681859e+01
-1.613641131186406241e+01
-1.244967052023336578e+02
9.634514593489285517e+01
-1.419265466153709383e+02
9.640531570052363719e+00
5.190975451323268999e+02
-9.694747265175612938e+01
-3.479201283107807399e+02
8.615722720099363130e+01
-3.311368060147194115e+01
-9.030764306446754119e+01
3.140499346337518105e+01
2.224172095363844903e+02
-1.522895790005847800e+02
-2.721667137218862536e+02
-1.136976557441084594e+02
-1.418237188048375685e+02
1.702791032596077514e+02
-1.064183951190008912e+02
7.960135558780596199e+00
1.095225581671265189e+02
-1.335388247828535313e+01
-1.649148628142447421e+02
2.546571036422938583e+00
3.742934245797869153e+01
3.161725193815011536e+01
-2.653779808770176487e+02
-3.334933762537414026e+00
9.057958825613701492e+01
2.042610108973737795e+02
1.066654336499039459e+02
-1.418673245135077252e+02
-1.541165755469475229e+01
6.937201611218722519e+01
1.325996205589999590e+02
-5.723666699188080997e+01
-1.702712403922838291e+02
-1.827152737504882509e+02
-4.781050544349901088e+01
1.718455201288935186e+01
8.683190107482177211e+01
-1.753098519565646427e+02
2.148716980176549498e+02
-2.021216357163587247e+02
6.869467639866709874e+01
-1.935068969215334391e+02
1.049827379377506702e+02
-2.008531662181901254e+02
-1.381248279331459514e+02
4.822138628545133088e+01
-1.735614748523000799e+02
-3.186350142771064498e+01
6.784589827165213194e+01
-1.530151534119670202e+02
2.790710497657203177e+02
-3.680944542308336622e+02
-7.834768950155218192e+01
3.770318152108876575e+01
9.166427109581627519e+01
2.391742203651684520e+02
1.636737664336925206e+02
1.086770091471294961e+02
3.327570818994988144e+01
-2.474236299115548832e+02
1.002394802334991653e+02
2.983663542332909628e+02
5.095504552063796666e+01
-1.390957322480876357e+01
1.359840445366303925e+02
1.893714760798241343e+02
-7.046229051120715070e+00
-1.539236133217753988e+01
-1.313562459629342243e+02
-2.944799802078300033e+01
-8.632875756273844559e+01
2.066378157711179711e+02
-3.530114937562798616e+01
1.773010591673576926e+02
4.327367005001899258e+01
-1.015387439073099927e+02
3.417277367776753749e+01
-2.452482067017125758e+02
1.983012420061345722e+02
1.990005879708463397e+02
-2.262938496773950874e+02
-3.262466230847301176e+02
6.478818645465521797e+01
1.567656771620220013e+02
-2.786278123122830763e+01
-2.600426871510527462e+02
1.741856214118773494e+02
3.690671766269289265e+02
5.482261686596756078e+01
4.875378634589461058e+01
-7.722635068611180031e+01
-3.735617647047126866e+01
1.979332556549465210e+02
8.596356104169591106e+01
-1.181972114960349387e+02
8.779555208282145884e+01
-2.407499150846585394e+02
-1.276432634684762846e+01
2.943587493660476753e+02
-3.515788561782098327e+02
5.334908249751919129e+01
-3.631365435138948783e+02
-2.191586845506961936e+02
-2.758583578215440184e+02
-1.149993495127001211e+02
2.895568570257531178e+02
-1.262468317660125479e+02
-5.475030571538107438e+01
-1.859746171872774028e+02
-1.312933695616408727e+02
-6.399700175229673960e+01
-3.336937231128824806e+02
3.857803726441592573e+01
-2.173746207158546895e+02
4.154182998111772918e+01
-9.230242432297839628e+01
1.789447820786738532e+02
-1.284983153240443983e+02
-2.638426239864648437e+02
7.312889000245489513e+01
8.158390396981837966e+01
-8.771505579151431675e+01
8.186222794561807348e+01
8.419272441517755112e+01
4.142699292822733526e+01
5.801979659622847407e+01
-2.573975788587011380e+02
3.613440068908876128e+02
4.085403538725940962e+02
2.696915957788671676e+02
-2.295891351280292092e+00
-4.133082446104660335e+01
1.216365450865794315e+02
-1.863024681520300874e+02
4.708021596332812919e+01
1.569725112736128381e+02
-3.292692630800297593e+02
1.371438503628030219e+02
-9.216521156104387558e+01
3.155801015548153146e+02
-2.228742247279342621e+02
2.317533668155732940e+01
-1.183330380085071738e+02
6.424108875610622249e+01
-1.804685226840038865e+02
8.182757083299577516e+01
-1.942261932633907406e+02
2.193604244942472690e+02
1.140583297460392771e+02
1.345687600499712744e+02
2.893382967956532070e+02
1.042514524929792685e+00
-2.497218109650302722e+02
-4.723079916838770487e+01
-1.036627611818525594e+02
2.542622524720801636e+00
-8.773084791902431334e+01
-2.784406812583366673e+02
-2.683622002012918628e+01
1.419403460528674543e+02
-3.075276611294812312e+01
4.390124436974743105e+01
1.289612823832014783e+02
1.339015034706611402e+02
-2.170497976241686047e+02
1.240111939398341576e+02
-1.267707050601488419e+02
2.181065989907900757e+02
3.060748463478623762e+02
-1.168392140586638561e+02
1.262195163001476672e+01
-9.209018008760361340e+01
-2.184353190148158887e+02
-2.019361301113540037e+02
5.158723858502989401e+01
-1.044354925377305108e+02
-2.092562580636304403e+02
4.756644567884032426e+01
-2.930763329523848597e+02
7.636787637199903145e+01
-2.955801726654094637e+02
-2.528993817947383604e+02
-1.629542513884296113e+02
-3.351716734857184576e+00
-9.814000523245319130e+00
4.179157953776382328e+01
-8.734301572075618481e+01
1.238517517395555529e+02
2.996112619449235694e+02
-5.208390118074765951e+01
-6.051294649517325297e+01
2.272718497131709512e+02
1.839779778833349155e+02
-1.931224769099500804e+02
6.743857902417693140e+01
-8.834237487806110778e+01
-2.511963753667235721e+02
-2.578791171620908358e+02
-1.255292567278088569e+02
-1.293363891884889654e+02
-1.000832726371582311e+02
-2.745497526622312989e+02
-7.695032323431195209e+01
1.015513589665629013e+02
2.865283415087377534e+02
-2.966364960660555425e+02
1.241874958531184703e+01
1.629252159190693305e+02
-8.795044877113203086e+01
2.600721652471154925e+02
3.413941331997968121e+01
7.205025504846308593e+01
7.602097933245570971e+01
1.228301396727462986e+02
5.575895732311599318e+01
-1.624536943602609824e+02
4.120074108799537953e+02
-1.063805356000715250e+02
-3.892505303051628118e+01
3.531588697669135968e+01
2.028472586432335163e+02
9.432726398671465518e+01
2.017351497256850834e+01
2.703918813067744864e+01
3.264896353921508307e+02
1.154150237202405265e+02
4.836871255802682867e+01
-1.396210719188202063e+02
-2.513062276838146545e+02
7.389742588510193855e+01
-1.901494048294172217e+02
-1.070878197028495293e+02
-7.577430871876826757e+01
9.757035653785973750e+01
-2.173964642935978304e+02
8.923677036672100371e+01
4.034630236610361464e+01
-9.050729612496058962e+01
-1.293034395406006638e+02
1.806312852946772125e+02
7.102433778439166190e+01
-3.209801753266829394e+01
-3.950283165430631982e+01
-6.262713142472625449e+00
8.499911102615766367e+01
1.862257358083818701e+02
-4.363660388999936401e+01
1.137034221585681735e+02
2.903355657055163874e+02
-2.034097133210533741e+02
-5.476730735815118933e+00
-4.533433893415383409e+01
1.260530789335454642e+02
7.210885310240304591e+01
-1.024675982621360646e+02
2.082290519095298862e+02
-2.911900647812152556e+02
7.055322622031764013e+01
-1.548075164009365423e+01
5.237598240203833200e+01
-1.994391989118811281e+01
2.795115215286382409e+02
1.870721224347554710e+02
-4.832693628964551635e+01
1.107871440393508209e+02
-3.894187181205700199e+02
-1.841113854679108783e+02
-1.944257775292286681e+02
-4.515477288827152336e+01
-1.562181613154463946e+02
3.793420320915214461e+02
8.886087427655734672e+00
7.629538036116656485e+01
1.996722861725039593e+02
-7.077066515741390162e+01
1.392250043504490975e+02
2.773191997421374708e+02
-2.260887135552404459e+02
1.201352499239406484e+02
-2.820654669054430315e+02
4.757127425056584258e+00
1.354543436843706559e+02
-7.829536573945464539e+00
-8.969887838396849133e+01
5.053211576116450487e+01
-2.023924349364204716e+02
-1.227834595474683965e+02
-2.215388212726869028e+02
-3.207506305093410504e+01
2.878403106683157375e+02
3.460084875942690701e+02
-6.935618603402920712e+01
-2.914236933012736017e+02
1.515590630304787467e+01
-1.754421749516140494e+02
-1.674676262350876854e+01
2.302692470782931764e+02
5.126572306314824345e+01
1.377914881383244108e+02
2.799397168129936020e+01
2.276069075917000646e+02
1.042023277172272913e+02
-1.388909805008715921e+02
7.440544050063013515e+01
-1.118576013121051034e+02
1.561167117321653279e+02
4.028709996817433421e+02
6.804123222595175946e+01
1.657003651138268481e+02
1.540214796971917508e+02
-4.385813814261919674e+01
-1.588121234741334931e+01
2.579142948722825963e+02
-1.490660294411818256e+02
-1.058642985146205149e+02
3.135176997841036837e+02
6.356486466093758736e+01
-1.738426589966526308e+02
2.098399263936896730e+01
-2.054317433697445949e+02
1.105007446884887941e+02
-1.067180692572087821e+02
-1.698725156111374304e+02
1.087729320702230495e+02
-7.215281635778336522e+01
-2.774805669268748716e+02
4.809160735611079929e-01
-1.051975559781581282e+01
-3.132801745989904774e+01
3.082063193908887797e+02
3.226433491645290133e+02
-2.212228520680980353e+02
6.647638843605042780e+01
2.873515548019420294e+02
2.143703835269566582e+02
-1.552586947201763223e+02
-3.426282369082157402e+02
6.124758212847700634e+01
-8.914008186607441075e+01
-1.565246121335444229e+02
1.877504489936076766e+02
-2.825778612834932346e+02
-3.382530783673834094e+02
6.109928652034746221e+01
-3.023544844655761565e+01
2.433436352512185579e+02
-2.480438555334640967e+02
-9.633321797309776002e+01
-3.119842541467764008e+01
-2.547026189162240826e+02
2.062466463610508427e+01
2.228160250765062642e+02
5.018535190653622635e+01
1.037942184377654087e+02
2.775003228437005873e+02
-2.700727316728646770e+02
-2.187090500523964067e+02
-1.113474025345702216e+02
6.720583646470532813e+01
-2.500728773343240050e+02
-1.409306523451797588e+01
-3.492953472596768734e+02
-2.164538034178392536e+02
2.982519054283925541e+01
7.189086763884067466e+01
-6.002079343568564695e+01
1.330795571975278335e+02
-8.821322742328827360e+01
-2.220073654288395204e+00
4.063346970000461056e+01
-5.916871869015918151e+01
2.517495358234840239e+02
7.792563627424559769e+00
-7.212841059845882796e+01
-2.630529260423260141e+01
2.892551853255326364e+02
-5.173149775404876038e+01
-4.226396885890939359e+01
