6.796518357191464688e+00
1.209440272115402504e+00
-1.424640158360539921e+00
-1.298411092471334571e+00
-1.515483951807044871e+00
3.768868360896741709e+00
1.314983162946506212e+01
6.893437625418821213e+00
-1.240166619091385813e+00
6.696680340712083179e+00
-1.740262403847430406e+01
-3.807313536229731454e+00
2.757606340044604476e+00
2.143406673490991232e-01
-7.089146242959389888e+00
1.438241389079922605e+00
2.758054571248553244e-01
-1.200227030446525944e+01
4.894847263161292261e+00
-5.457999307145876777e+00
9.065179528744192083e+00
-4.093257620536094876e+00
2.697416795254236277e+00
9.451226374660668839e+00
-6.575026008412824474e+00
-4.691566497979526851e+00
-8.722906625679721415e+00
-1.541587186225764050e+01
-9.367407874926419353e+00
-1.237309062561844142e+00
7.715393343112113556e+00
7.805312024032742269e-01
1.587818852603085196e+00
-4.807134411562506315e+00
-1.109900434742577602e+01
-5.181746771489135206e-01
-6.017572020805213029e+00
6.942532308203117619e-01
-6.513506903449955310e+00
3.829712869838277078e-01
-1.363223488965381147e+00
-8.013027354914584066e+00
-9.578490895244671677e+00
4.042525099404768341e+00
-1.021700316360177929e+01
-9.817898774624387315e-01
6.986187931210075419e+00
-5.371996629927380695e+00
1.059709405882430344e+00
-2.394416798434969795e+00
8.983674059105767995e+00
-1.673206870695198578e+00
-1.170676293181080574e+01
2.504850945378446880e+00
4.948795813836331270e+00
-2.167051218868188300e+00
-7.480656025723536828e+00
-3.177404202390185173e+00
4.421769715094487907e+00
-5.973110261668793441e+00
-2.135881351583946319e+00
-6.468572482137147972e+00
-7.320718626564007181e+00
7.752257506324352399e+00
1.252082619230231764e+01
-1.267098059118633824e+00
3.295283021943736790e-01
-2.879404324284248418e+00
3.030842434501600291e+00
-6.692544863476842743e+00
-1.089125468699867705e+00
-6.300496909068265872e+00
8.375786860607405515e+00
-2.001680654069406984e+00
1.085254008376024926e+00
5.137569561011873454e+00
-8.838470664464752602e+00
1.409415950763761494e+01
-6.168334105117779131e+00
-4.318586856116699124e+00
9.257385552719012978e+00
-2.608365698992732185e+00
-1.814181018283466562e+00
2.511619990780410205e+00
-1.113020448509426252e+01
-1.456214146170921042e-01
-1.783787208364776000e-01
1.570410810158018400e+01
-5.622193389252116091e+00
-4.531720475257053238e+00
-3.706475987882943190e+00
-7.671708359754847883e+00
-4.530926802073031112e+00
6.333107708165386818e+00
4.093865600436331853e+00
8.736395412720302289e+00
5.416360707469553226e+00
-3.112789778564275078e+00
1.830601746155290810e+00
-8.798411511929540296e-01
6.001966640038336465e-01
4.179272748772667967e+00
3.213482372282973731e+00
-8.855095074353572571e+00
-4.398596902388228536e+00
-7.924494968462485467e+00
4.231360782022382416e+00
-4.845750627834220836e+00
-2.109606714296289987e+00
-4.883152037295975800e-01
3.324801760319701760e+00
-8.645389018977239104e+00
-4.285828038466246603e+00
4.273108981128187267e+00
-8.555674775130157617e-01
-1.100943016142534647e+00
-6.234565632166091831e+00
-2.097715275517857414e+00
-5.570126860712762973e-01
6.078933318999966140e+00
-6.831570713218212965e-02
6.652245778738778093e+00
-4.946666404467984890e+00
-1.014821457062210364e+01
3.109204880496801771e+00
-4.526880179213280009e+00
-1.475988322668974284e+01
9.623077008938452082e+00
4.113474053419949428e+00
-1.240831660589284624e+00
3.017437460292877294e+00
-2.100767768260790813e+00
-1.736998431085102768e-01
-1.716111365829527724e+00
-9.261321784470457175e+00
1.226814143179801952e+01
2.440741681366464633e+00
-1.229276904986252639e+00
6.727895725281542560e+00
5.322254963981968956e+00
-5.414151211482265857e+00
1.089956594189200345e+01
-5.057451074024343463e+00
-4.966188713942131905e+00
-5.661425034699962389e+00
-4.792068942632440098e+00
8.826951078843625620e-01
-1.493974305546798576e+01
5.325434485375276417e+00
5.743588016040629185e+00
-1.203401621319527237e+01
-4.525443865344126237e+00
-6.793681292936269323e+00
1.333131966280193126e+01
-2.390632974630957364e-01
1.596082429377588063e+01
2.163155069040410439e+00
-2.130147620279932319e+00
5.140779684825568907e+00
-4.963556450687854671e+00
2.333312255911704991e+00
-8.470294769996640216e-01
2.416808748092412973e+00
7.287400067742044740e+00
4.959621112939846199e+00
2.799037716475060389e+00
7.967134521561892946e+00
1.290968509763072980e+00
-1.173920143171509700e+01
6.158716618009609789e+00
-5.734470596733837411e+00
4.862591107761910614e+00
3.733840025882340097e+00
1.797787828749505490e+00
-2.184241388307876619e+00
1.198502550572315606e+01
-1.181581651636794517e+00
-6.895145463147382969e-01
1.856603514740266192e+00
4.580470658829612240e+00
8.835336369767972098e-01
-6.869818566526146419e+00
3.320985253371809609e+00
-8.472697352524620751e-01
-1.312587777496712960e+00
4.242791827699778473e+00
-7.668792890779654314e+00
1.105337635046932654e+01
-4.841432979760769584e+00
2.280700938880837914e+00
5.916647738056056482e+00
-6.169458866472455227e+00
-8.928931748299820392e-02
4.122422694696667556e+00
-5.536109479222761642e+00
-1.312722390006381801e+00
7.755240039234297278e+00
5.532234824277769469e+00
-5.654865691001197625e+00
-9.618039797760769005e+00
-5.826641304313766589e+00
-2.285478388757327117e+00
-2.535563107810678840e+00
1.129149042086821630e+01
9.774954291061449752e+00
5.465835047478968534e+00
-7.763414540617334936e+00
-1.030765323776520326e+01
-7.011792017532386900e+00
-2.090654496476272772e+00
-1.726409988232682213e+00
-1.461860501714672544e+01
-2.234758608319272977e+00
-1.062457434372032550e+00
-3.861929069386069280e+00
4.050230298934983431e+00
-9.699954641314310066e-01
-1.178567350672996339e+00
4.471807169833020623e+00
5.776922702928307451e+00
6.055369972438329640e+00
-9.998557174364147926e+00
9.939652535302752057e+00
-5.477629531710870303e+00
-1.275048253697035427e+01
-4.908314777255503358e+00
1.264691673496564306e+00
8.993271612205257171e+00
-2.677974748058589594e+00
3.015302151960800536e+00
1.000298749895281603e+01
6.198351434693488038e+00
-3.640031251340908991e+00
3.068622066703611817e-01
-4.531612494900438826e+00
5.858708665583558073e+00
3.321319993988083752e+00
-1.736051211914485393e+01
-4.366366394782582816e+00
-7.122469042058046096e-01
1.489177748585459593e+00
1.304837354685904671e+01
1.166100249429893765e+00
9.070633205298960888e+00
3.263532410529307537e+00
5.504033158245114521e+00
3.981450911486612121e+00
8.898461001655892488e+00
-3.025690207582473423e+00
-8.909959840227443806e+00
1.840028660924141191e+00
3.048790607927156948e+00
7.259575393879842409e+00
5.601558366600679406e+00
-1.214967871065481875e+00
1.186308121100548396e+00
-9.791455435607455016e+00
7.468918626169434916e+00
-1.323807266653854775e+01
1.393423848846564228e+00
4.775902003253154504e+00
-3.669864282490133078e+00
-6.886453615505661041e-01
1.417207564597938729e-02
1.398935033319202326e+01
3.243882336671738975e-01
4.500865842565373143e+00
-3.777575696599782429e+00
6.258118101540989464e+00
-8.079502942860267822e+00
1.072148238734080827e+00
4.967497494464269359e+00
1.007129522433004576e+00
3.122448966300146456e+00
-3.584356947775714008e+00
1.846836033274147804e+00
-4.359168370171981444e+00
4.600003351901386317e+00
3.206597527636654732e+00
-5.531622176348363062e+00
-1.911500531132154235e-01
5.368760137093807394e+00
-8.648106480146282582e-01
-5.240614112102777611e+00
-5.722759848158221807e+00
9.310097849780989421e+00
1.159671347888444082e+01
-6.740353953825207078e+00
1.600772264224004005e+01
-2.923283522776424004e+00
6.754112612238952984e+00
-4.522700998084578039e+00
-6.134394848750073237e+00
-7.225447271200598820e+00
-1.000824631302782430e+00
7.456005467172228673e-01
1.167141616726846820e+01
3.147863444763854268e+00
-1.154402542258965347e+01
-6.598765612048671514e+00
-1.384708747329517564e+01
1.398758489628113777e+00
-9.777139662417735355e-01
-6.821927063115240664e+00
-1.927166797470539761e+00
4.369075391176068912e+00
4.776458655317504132e+00
1.524106757709581705e+00
1.221111163259215537e+01
-5.781604858189345997e+00
3.201032074175793607e+00
8.012407357644098838e+00
1.184221418428848160e+01
-1.023799413094605093e+00
4.865799898379090216e+00
9.993991247542506340e-01
4.617742243117866074e+00
-8.739648597434563015e+00
7.532286540295056732e+00
-1.473933387143000751e+01
-1.031217083781020349e+01
1.029906022130238696e+01
-1.654562400140178857e+00
2.373112744966757948e+00
1.325453245518746037e+01
4.616236205509992807e+00
4.943680944772793850e+00
-1.156830693531981424e+00
5.792106324276831586e+00
-8.375440341756920759e+00
-2.788433989388935608e+00
9.425109611846529845e+00
-8.592207061279841795e+00
5.090818419780937631e+00
-1.392760215719957451e+01
-2.476244907519256522e+00
-1.421512551389560031e+01
-1.016688184600268485e+01
-6.847887100515708703e+00
5.233276769982618148e+00
-1.507916874225541548e+00
-8.581392117413290777e+00
-6.946628645858507589e+00
-8.320001127637411287e+00
-8.792876815725810147e+00
-7.207147331192067519e+00
-5.552764966632344645e+00
-4.560098845175149407e+00
-6.990243912120879255e-01
-8.845868024974098631e+00
-5.693575338298657584e+00
2.425555765573154332e+00
-1.114398550722080117e+01
7.338357667454964428e+00
-9.589489088139975692e+00
3.780301126913327536e+00
-4.802398690763039824e+00
8.562687111980315180e+00
3.378648771050419164e+00
-5.174636112121556053e+00
-6.780872584872545517e+00
-7.401799660685043136e+00
2.220236359836619044e+00
1.921433243643483113e+00
-2.957962890208696738e+00
2.165061544396677640e+00
-4.839262954529106153e+00
-3.489913773478613646e+00
-1.666446810230944875e+00
9.312587484323302078e+00
-3.499486130977362386e+00
-4.445185337447155938e+00
5.824952020396666263e+00
-7.531890085101222709e+00
4.220032943324181218e+00
-8.277182909578749914e+00
2.771706413604856589e+00
-1.069380001240546285e+01
-6.628839552087688602e+00
-4.521717144050298565e+00
-6.620904162094296552e+00
-1.827897726463468819e+00
-5.201944896190453527e+00
7.843462826812469757e+00
-1.161674900814890954e+01
3.077460959920505612e+00
2.792542995051898291e+00
9.554420035298842873e-01
4.371018429924647397e-01
-3.891975862086598070e+00
8.696809003340895572e+00
-6.333960941451794113e+00
1.344628509887729750e+00
-4.738642858285509796e+00
9.426334734053924969e-01
5.296433843353319126e+00
-4.308201859172879011e+00
4.841475331190578935e+00
2.126878782090301900e+00
1.353123741684051806e+00
1.741090433912104718e+00
-6.112526803059544100e+00
3.648931603336998730e+00
-2.183581776448988987e-01
3.139711841249567925e+00
7.282073512125823100e+00
1.340553843902324260e+01
-4.735455552635018606e+00
1.568429302710331874e-01
4.317394911165698956e-01
9.430677894542363049e-01
-4.140681775295260714e+00
-3.433652217897384062e+00
-4.938351496006935903e+00
7.646343287916848475e+00
4.975801606660580134e+00
1.053270561179674303e+01
1.836008168270707674e+00
-1.623162604442984325e+00
8.835516106392364843e-01
7.704713377937235652e-01
-2.015017996036165826e+00
-1.938089672382645290e+00
1.891219634522600668e+00
-7.311039130253719875e+00
6.149434466994498472e+00
1.227893062213637343e+01
-7.549151285046058035e+00
-1.047751355452923150e+01
-2.840333466152805464e+00
2.760099122661061055e-01
-6.797907337682465467e+00
1.490849695091146954e+00
-7.234963787736458762e+00
1.295457945332585181e+00
-2.508131086897640305e+00
-1.365233888123329109e+01
-3.803577130082181679e+00
-1.683871421622005482e-01
-1.152622834035751609e+01
-1.043771874293257573e+00
6.360402804017599721e-01
-1.113394018044671974e+01
4.406382086436894774e+00
-8.477493823803227357e+00
5.137111871248409845e-01
1.359214314649974042e+01
3.196512992447724688e+00
9.357151757999845998e+00
3.761675640466500603e+00
9.040944570136364433e+00
-6.323908806952720951e+00
1.238318917649465156e+01
-5.875489649664342728e+00
1.613705090636572193e+00
3.250746854655624407e+00
-2.843791951169505339e+00
1.233284950968468019e+00
-1.112700726612268376e+01
2.920992179666142885e+00
-2.738451024924609123e-01
1.190682298483115353e+01
-1.468058231922162093e+01
1.809432785880817240e+00
-6.799057330254992593e+00
-9.432650045010262385e-01
2.435216587937532484e+00
1.551191251965508755e+01
-6.879257327380896569e+00
-5.694329693850550100e+00
-1.009106913448849729e+00
-7.859532056949354306e+00
-6.322582022149849657e+00
-6.608501322435489378e-01
5.844860418325874551e-01
6.417440528176060255e+00
2.494629254177619604e+00
7.807937479520686175e+00
7.047004668243160630e+00
4.425285838863264765e+00
-9.803691229613690439e+00
-1.119526079094763737e+01
-1.281013355812266497e+01
5.269761272218631554e-02
-5.194641148662606511e+00
-1.201442905971236708e-01
7.491683845444438994e+00
-3.805346231229720377e+00
-4.599587497031629724e+00
8.330939337035170311e+00
1.821909772280548623e+01
6.071613981129601711e+00
2.185460481541967148e+00
4.654072904596201710e+00
5.553063440714971044e+00
6.993166155102014336e+00
-3.119055004821457366e+00
1.156999828573247768e+01
-6.218764433533521263e+00
-8.231599909101888102e+00
1.138756784339026851e+01
-8.210930345996633406e+00
-3.029739755537894652e+00
-1.029079014017898963e+01
-1.990965083137246294e+00
1.957468567508590329e+00
5.292128283950135348e+00
1.681568485791362733e+01
4.422258552210281302e+00
-3.919566888465997323e+00
-6.781706765408862303e+00
-4.816230731589578262e+00
6.396417194848067034e+00
3.195855869912028524e+00
-7.323076112541290428e+00
-2.866574315351539948e+00
1.432812473362411687e+01
-1.463563664627205885e+00
-2.803546627898015675e+00
-5.936054792145591286e+00
-1.953044494923767527e+00
9.274263051437099392e+00
-1.968823545986726486e-01
-3.658631573411501581e+00
4.933488089334465698e+00
4.037003708142276714e+00
-6.402645105013258231e-01
6.884695335242282610e+00
-7.238500885510343874e-01
8.616214801495717168e+00
-5.208380791233657270e+00
-4.864000271740989589e+00
1.259241162094548727e-01
-7.795310260745774933e+00
4.458829569156799733e-01
1.199560461563254243e+01
3.019522093842382571e+00
4.289730398686026014e+00
5.463536186313318055e-01
6.801572855463269285e-01
1.369558634221674609e+01
-4.265332285667968293e+00
2.195053394437116889e+00
3.696418143938172030e+00
5.102420258904618144e+00
-1.250768651806800857e+00
3.140384577217053552e-02
4.842215354006675909e+00
1.120853161951878452e+00
2.824835345165965794e-02
-1.259045227167861825e+00
-1.192241663510920269e+01
-1.493491608010023342e+01
-2.181558467071848195e+00
-4.397428640474069006e+00
-2.558814911138854509e+00
1.357518314162631334e+01
-2.250215712733280693e+00
4.582849895531124318e+00
-3.874012422516738052e+00
-4.394366313882631658e+00
3.222755116694569377e+00
-2.128678088428839743e+01
-1.120875709656355923e+01
8.111592043024431931e+00
-7.523798922457321403e+00
2.545251411181959078e+00
7.920702774599543083e+00
1.613280500090312319e+00
6.602658409000332185e+00
-1.135064951689470858e+00
-3.270037748823626522e+00
9.473788088011142250e+00
-7.810148894833186972e+00
3.438971129887502087e+00
4.025327437529016450e+00
3.715271395830528789e+00
-1.111394381681612131e+01
8.218347780437730066e+00
-2.799148651249268926e+00
1.088220199078527184e+00
1.141330715469683454e+00
6.415771567674600995e+00
-1.710678547643820213e+00
8.206811802028708414e-01
-6.025105138593534804e+00
-6.939299127560736302e+00
-2.149957464544208219e-01
-1.771503222018031787e+00
3.147628386022665037e+00
2.288567409571809819e+00
7.778323924740529804e+00
-1.399556329889037609e-01
-4.446737322425222239e+00
-2.292405927846153713e+00
-1.394233067710582530e+00
-1.881511257266229586e+00
8.743917707355391755e+00
-6.973083842693986512e+00
-4.872529668558151172e+00
9.488354772952638072e+00
7.217290984661023145e+00
7.163459929556818651e+00
-5.825243458447803668e+00
1.419214943350177904e+01
1.789284346569364414e+00
4.299340165405943104e+00
-3.273969608802210995e+00
2.580266367642661152e+00
3.731714871587464288e-01
-1.348552227560603223e+00
1.300785908476389974e+00
1.566410515956518879e+01
-3.801244165045725154e+00
7.572765658136114020e+00
2.532756112716624819e-02
7.416437339970984866e-01
6.522763555610872288e+00
-6.338461262743041225e+00
2.877353395051270302e-01
-4.404317145842814973e+00
6.774026265070197894e+00
-2.411447168119796203e+00
7.563301885075063069e+00
-3.568353700890538160e+00
-1.343170129586334660e+01
-1.095111606625130740e+00
1.150201254560819342e+00
1.331078789507152749e+00
-9.204306406393047979e+00
4.165368865260681730e+00
1.329511365590325411e+01
4.233253854753866285e+00
-1.476922219831555694e+01
3.756106856889221302e+00
2.231455608929522327e+00
7.866550170024415589e-01
-1.613971160586219256e+00
1.178016071440009638e+00
2.316212766793618538e+00
6.069790309438962694e-01
-5.723279401923241139e+00
3.152621140931791466e+00
1.225913383119759947e+00
5.422841924137576264e+00
1.459504647740942906e-01
5.432499146292174785e+00
-1.966198666635841263e+01
6.845544582601330141e+00
1.180967833839575487e+00
-1.299693770375213830e+00
3.987207979885407205e+00
3.149802635787850580e+00
-1.251581615619985044e+01
-8.695233330934749816e+00
7.008693517626957359e+00
2.628399385693385160e+00
-6.365753982516229037e-01
-1.735074291676874658e-02
8.391532606940836914e+00
5.846063813754552640e+00
3.463387100047196299e+00
-1.338278463372747140e+00
2.127149157127893986e+00
1.263617413012411372e+00
-8.444214844850323587e+00
-1.300289538771200348e+01
9.884309036736524945e+00
1.987660800610549838e+00
-2.840214942906023499e+00
-4.044224104478082005e+00
5.024906603813495742e+00
9.850447001097521138e+00
6.049414623113302802e+00
5.472239157834900780e+00
5.785387738281166037e+00
6.557674134951581024e+00
3.701614531672887232e+00
-1.649844844011246980e+00
-1.169931602084854205e+01
8.369207917368925109e+00
-1.940629568505348512e+00
3.980096861927643559e+00
8.367851716506057969e+00
-9.961914622506801820e+00
-2.389518002682990416e-01
3.293263960727491391e+00
-3.478835681794862023e+00
1.200409332649975802e+01
4.378469070928908691e-02
-5.218262011481355600e+00
2.346580891351118137e+00
4.487162865843511206e+00
-1.403263016746696623e+00
-1.290217580237477790e+01
5.651576645505573815e-01
-2.462287113660001303e+00
-2.913670865692830514e+00
1.272783667078005498e+00
1.867917517774270841e+00
-2.170494160859808286e+00
-8.937803805896869846e+00
-1.689153152919622514e+01
1.326257374678147372e+01
-5.302677066189564137e+00
6.692304003818184022e+00
1.348030947685299985e+01
-7.165618773811663900e+00
1.320421894231522675e+00
3.348231129072307688e+00
-2.367400938583446468e+00
5.240329265861772612e+00
1.493690539479871626e+00
9.540960944412162359e-01
-8.006850891172291540e+00
9.540841730930033293e+00
9.422710269437857278e-01
3.815876115213070019e+00
-5.668360883975787523e+00
-1.127931121335642439e+00
1.765295157427105854e+00
-9.137514309299444193e+00
3.048752448421510053e+00
-5.797103878433873980e+00
-4.807106911445294117e-01
3.585438372553205966e+00
2.490075746153574077e+00
6.889837327919778875e-01
-9.495111875120594291e-01
-1.851084218804808446e+00
-9.321259145349605646e+00
6.739916574606397148e+00
2.268084734554320914e+00
1.478139978674937183e+00
2.208810343666891107e+00
1.726451067417911878e+00
-3.642905954287837922e+00
-6.665751031690498429e+00
-1.253178078274734375e+00
1.261116185884082475e+00
6.264903046979106271e+00
-1.058852755811184743e+01
-5.772750024623517717e+00
4.543526657839120908e+00
-2.948878271811115503e+00
8.673596962098933716e+00
2.749747640082737199e+00
-3.650913249259372328e+00
3.849278939995604887e+00
-1.177334616934968992e+00
3.747600349194584735e-01
-5.564667564017066859e+00
-1.686867837106187817e+00
-5.830304731818769071e+00
8.970415667437245943e+00
5.872883099100096871e+00
-7.108573958702512741e+00
9.988171286056019227e+00
1.790371414839718289e+00
-1.744935519326983986e+00
1.697761807166441761e+00
-1.296747749403077599e+01
-7.259496130567229422e+00
1.015600119653717393e+01
5.940711175305379399e+00
-9.836892232996554686e-01
2.005251594277150939e-01
1.239982692878849946e+01
-8.909504929239089321e+00
-6.457274111227338409e+00
6.317273036584055035e+00
1.277795706075487736e+01
-4.024548037469493522e+00
-9.278866015169835446e-01
8.861454094371643109e+00
-3.197046568125434085e+00
4.193549789633072677e+00
-4.424267039955805392e-01
4.355727067622190418e+00
3.163076002652582375e+00
7.851295898101302573e-01
1.787150763991520175e-01
5.573860290381706939e-01
2.967800048193106388e+00
-9.997226529723789668e+00
4.170308852220028228e+00
1.772389539656812119e+00
2.905963456626117214e+00
-1.105509677549335557e+01
2.257656726908292111e+00
-4.505869575950662842e+00
1.295968784737512358e+01
2.599269557467031699e+00
5.217391083538479357e+00
-9.207904151608182985e+00
-3.625588695340240530e+00
1.019658260735155864e+01
3.841855739316963003e+00
1.654911643253008435e+01
-2.877002072658714660e+00
-2.557525601285930428e+00
-5.037539351277938060e+00
-9.322501651952018520e+00
8.278908624707556285e+00
3.512194791783366909e+00
-1.761299119799254465e+00
-4.011831648255016702e+00
7.046828136261686026e+00
-3.641206267445441735e+00
4.435431245822518243e+00
-5.880076343826888596e+00
-3.223265505921083296e+00
1.111441759760818293e+01
-9.818389728270304317e+00
1.622934734534077883e+00
-4.235043748659061968e+00
-4.102245751280624297e+00
3.806426236098204630e+00
2.134045340904933141e+00
-9.641169588161404569e-01
-2.058598250058054635e+00
-4.577965730586694981e+00
-1.746211658072159167e+00
6.276676224182372366e+00
-9.501660825202741023e+00
9.839216352584248426e+00
-6.258541005343097652e+00
-5.227577026323789511e+00
-5.712119027582591713e-01
-3.174734812574818932e+00
-4.595079317163158983e+00
4.002559426092389128e-02
1.810111111109215520e-01
5.708577334646976809e+00
-4.698456849027273563e+00
3.278934158797405019e+00
4.954534328098211815e-01
-5.419884371438731030e+00
-6.772317095781689389e+00
1.452194757549963411e+00
-3.963500348905586446e+00
2.039464938315483700e+00
-2.330724998255817582e+00
-5.697880686320784704e+00
9.389471480396782255e+00
-1.585035403785511443e+00
-6.182606425792545046e-01
-5.636640157483579827e+00
1.449302901666773780e+00
6.854527535333533095e+00
1.351153661486099899e+01
-2.927389427164308611e-01
3.324659227945209738e-01
5.784971603548146213e+00
3.183839571486682729e+00
-3.071521916051231926e+00
5.737640586764523043e+00
-8.002772952579910282e+00
9.407718538843402811e+00
-8.579482974667206108e+00
-9.412707043588468991e+00
1.488500253556620967e+00
3.705649689888053988e+00
-8.653623821908306368e+00
-9.196837904515202666e+00
-1.943830454406862751e+00
1.083549415756849399e+01
-1.513374175285095991e+00
-9.855204546452039693e+00
-8.660651325076320628e-01
-4.451504829350945158e-01
-3.109143307904941977e+00
-1.083269419731998084e+01
6.054329696417940276e+00
-3.862646097892481034e+00
-6.902997322793964496e-01
-1.441739707677509030e-01
-1.817056599075442813e+00
7.552204710415586497e-01
8.871640745428697628e+00
-3.736644475706192292e+00
2.133708155308750243e+00
5.700056393429394852e+00
6.373871396423760882e-02
7.387384749853654675e+00
-8.321645146799860893e-01
2.615633796253361787e+00
9.669434852893772359e-01
-6.097535514734643947e+00
1.942483258869405649e+00
3.580708594063111594e+00
1.723454910220745484e+00
-8.505948623800092534e+00
4.114236984600188607e-01
2.331487365405164436e+00
-1.047373725637000419e+01
-1.446175568369881814e+00
4.371523710294393794e+00
5.187987293889331220e+00
6.374521608552778495e+00
1.739969869967413274e+01
3.829310939867432761e+00
-2.403050999895571527e-01
1.354256054892662853e+01
5.517558534359714884e+00
-5.520115507365030982e-01
5.894998165901147225e+00
-1.131654832283458134e+01
-7.702258808982776372e+00
-1.111461802438835633e+01
5.882903417868043938e+00
6.296515246635983054e-01
7.385653281609069865e+00
-1.208153592314283031e+01
5.244137621823632855e+00
7.226931608692024334e+00
6.782349879411293969e+00
5.630936807182377102e+00
-1.610970561205477836e+01
6.161877077129235936e+00
1.995101553732129496e+00
-1.461124765825347893e+00
-5.374238940524347363e+00
-1.643131425086152175e+00
-3.336784778313608868e+00
3.947861478063588336e+00
2.813263772072261748e+00
9.788688601539103473e+00
3.543286405996184940e-01
-9.443889622684042973e-02
6.062550328938557165e+00
9.582279856212363001e+00
-1.518208173697765062e+01
4.013625344944116158e+00
-8.445157393037016291e+00
-6.906596322140790889e+00
1.320574581220406252e+01
1.130560096197577735e+01
1.066320392053891197e+01
-2.535024317689070994e+00
-1.105402545467502762e+01
-8.294152057980272996e-01
5.942763036068519966e+00
-1.192913074142805385e+01
-2.011542075769027882e+00
-7.295984442986463314e+00
8.329920231448337375e+00
2.862671615571705797e+00
-3.135525967193904862e+00
-3.238772791354121328e+00
7.678646913516249839e+00
-1.325045965208355092e+01
-4.542387349213503067e-01
-1.102495168421640415e+00
8.383577885039654731e-01
-3.085701946914789495e+00
-7.055056299730710023e+00
2.808349335967001537e+00
3.118424957287229127e+00
7.326647588513819365e-01
-5.893849809819518448e+00
8.315100027829378959e+00
8.238167790968290660e+00
-2.559964635350384654e-01
6.653089530179918221e+00
9.842591513465135389e-01
6.496033656825390246e+00
-9.761204060359728985e+00
2.256804776404264690e+00
4.522879122951416697e+00
-1.329825136771062732e+00
-1.630787524250870035e+00
1.023708337292706361e+01
-6.467117949233534446e+00
1.083014916963788998e+01
1.227626865126526390e+01
8.603828804860016888e+00
-1.494130508181571670e+00
1.579122176692749768e+01
-2.740339782548117942e+00
-2.177402587504259746e+00
6.371747895589108701e+00
5.866361178065965909e+00
-3.734609935577939410e+00
9.929984036544851733e+00
1.023654945725789212e+01
-9.722220120994755632e+00
-1.137963320494968400e+00
7.629268704513264332e+00
4.052301661430522728e+00
-7.507828601697411841e+00
-1.231270990500527907e+00
-1.031465906401446375e+01
7.904921365066919670e+00
8.654092013026833285e+00
-1.637354671687605068e+00
5.242790728803701228e+00
5.630423532922127272e+00
-1.060216170394152257e+01
-4.946423716497764800e-01
-8.525684532555885653e+00
