1.989086866819997912e+00
2.055400932040621687e+00
-1.629642940792180861e-01
2.566290926429267927e+00
7.895341301602551987e+00
1.025717527440450461e+01
-5.012049706113270275e+00
-7.000967875290633469e-01
1.892691395282374511e+00
3.646669856601973070e+00
3.760674090570243155e+00
-2.301989715765534683e+00
-2.015421077008736628e+00
-4.709334748413622762e+00
4.554329890511159107e+00
6.941621045424435366e-01
-2.785026285992985073e+00
4.292673194865869846e+00
-3.015939210781240498e-01
4.810874862854811695e+00
4.370974890982285643e+00
2.574601586744188486e-01
8.394752746297037049e+00
-2.775914666883056547e+00
1.788428534027949102e+00
1.305488340554785687e+00
1.291482413463995282e+00
-3.639025676653130592e+00
-6.205431935997522963e+00
-1.046752335419398605e+00
-1.437545833589923561e+01
2.568060286458560437e+00
-3.792962192068870753e+00
-3.672568065702789042e+00
5.145669584676545449e-01
5.158304744712548739e+00
-2.433582369768052533e+00
-4.272555283743514565e+00
4.060746075612731154e+00
-5.670314243334241278e-01
4.171848580919029104e+00
-2.158350815113368792e+00
6.332037196846129312e+00
-1.056040766745169446e+00
4.769094494629450232e+00
-1.190609905787806788e+00
1.566860029809761024e+00
1.913370475653852765e+00
-3.400143922148334497e+00
-5.429487369965156240e+00
-1.568660345856334626e+00
1.345480476918376578e+00
-3.146475075349045358e+00
-4.730707773234802183e+00
3.253379411104782903e+00
-1.834214640991923773e+00
-5.274271006557983421e-01
2.869261503797402746e+00
1.215322620827647082e+00
-2.363952662987009123e+00
5.492385559487918734e+00
5.165155294148062737e+00
-3.324181987581001252e+00
-7.972630705189364342e+00
5.081885943239244918e-01
7.168536699554564073e+00
3.431646487751384367e+00
-2.871785151780681833e+00
-1.802832047111624370e-01
-3.375675345061093235e+00
-2.259848730610038992e+00
1.229704157100306183e+01
-3.632549446783136737e+00
-3.310903706215556630e-01
-1.862817478936100279e+00
3.101021566116713313e+00
2.348976137841062517e+00
-8.053101850238074677e-01
1.919320192907790545e+00
-2.097180073781539811e+00
1.158111868898631602e+00
-3.775585323670467730e+00
-4.918620185981595228e+00
5.076330384738455548e-01
-4.512191711731108335e+00
-5.759094603550573233e+00
-5.191937175976270247e+00
-1.379084054183892682e+00
1.170377814732016741e+00
-4.234518917603952382e+00
-3.208494858320762422e+00
-2.717909832910875290e-01
-3.140543975950518707e+00
-2.847276878254637378e+00
-1.776884801500066224e+00
-3.903026605689124295e+00
2.074297483818102084e+00
-4.844756789730097601e+00
-2.787875033541202363e+00
-3.475271943416237796e+00
1.401643496350216012e+00
-1.145567691679005407e+00
6.387924779279363641e+00
1.174803558078747123e+01
2.152105406127824860e+00
6.077636354184981826e+00
1.984956109382392864e+00
9.259449075265367313e+00
-9.292226774484270146e-01
-4.211289592332614795e+00
-4.881395430046556738e-01
-2.955631586598339133e+00
-2.016403219156943649e+00
-2.850157862284001364e+00
-4.418462226623693034e+00
3.696434943948569973e+00
-8.640343046824522588e+00
5.550233934738066033e+00
5.552439294767685496e+00
-4.610580351432992607e+00
5.156350101533119457e+00
1.550363314498156786e+00
2.154998243280755954e+00
9.779731339776304155e-01
-1.718774261553430271e+00
-1.608354943292890749e+00
3.582456597437329915e+00
-6.412820331375529648e+00
-2.741912439793789069e+00
-3.094217320005126837e+00
6.078705613706906208e-01
-3.263077834586302073e-01
1.300052780618818904e+00
2.439363656944444347e+00
1.174635937111880857e-01
-6.321288499915010961e-01
-1.789646102029582408e+00
6.274954467588584883e+00
1.120548713592253876e+01
-1.558684522092966152e+00
-5.478386998871299651e-01
-8.730997471160127921e-01
8.528173110505476995e-02
-4.581485943848946363e-01
3.482836538659656034e-01
-3.297296252071207245e+00
-1.311159087587893790e+00
-1.844736270085940877e+00
-8.768859468560871173e-01
4.531946902629857554e+00
4.835848426429846469e+00
-4.728383918690353127e-01
-8.994224993976290605e+00
6.024547562451822991e+00
8.807596067554569474e-01
-1.757752212264266145e+00
-2.438080993208473046e+00
-5.707196054315712974e-01
1.259644973022851389e+00
1.016080552087218702e+00
-3.448045946616037583e+00
5.521699584844841358e-01
-8.438178797965042444e-01
-2.005060499992427081e-01
-2.258617593061618134e+00
5.925694990841963161e+00
-6.324870663339098309e-01
6.888118946961895084e+00
5.628603420689813897e-01
-5.307818685890270061e+00
1.740082358084689140e+00
-5.312391894134452563e+00
-4.954869893269074232e+00
-6.255610911292611043e+00
-7.157246672849483460e+00
-1.657788338509114556e+00
3.375096890550466355e+00
-1.035719642868264323e+01
-1.167319030798776858e-01
7.528657877905781781e+00
4.794758617587392635e+00
-1.059244665395202212e+01
4.932994614934349542e+00
-3.612754630328895988e+00
-1.496548519253094955e+00
1.715867993991978313e+00
2.971642198199284213e+00
-5.379557277519209535e+00
-3.003226140674589484e+00
2.873123531803036812e+00
2.917913561284721347e+00
-1.303029217976481746e+00
1.431291360178806871e-01
2.499878510012093269e+00
2.559021360018183255e+00
-3.237042427329655858e+00
5.257024472962624984e+00
-4.251193182847583962e+00
2.225774956598125964e+00
-6.454330391490180396e+00
5.334418255418338362e+00
7.408580185854985345e+00
2.960342995392157839e+00
-7.071349619996019076e-01
1.455032390989228208e+00
3.177061885777520356e+00
-4.195389895862050800e+00
2.696119536668002858e+00
2.265471518910728399e+00
-1.910549256692685383e+00
-1.006412497802696482e+00
2.422025896341318152e+00
-9.164500918172278077e+00
-7.305333278597877511e-01
-6.085787365140181704e-01
-1.594119322569321096e+00
4.810393806387667226e+00
2.421061139090379122e+00
2.950371789128241939e+00
-2.843028920001766657e+00
1.202238479639234470e+00
-4.268392899909439819e+00
2.883255933731646792e+00
-3.424194731920581214e-01
5.812527341432685013e+00
1.084581431827411624e+00
4.808619671771313442e+00
8.486327356474266947e-01
-4.698881830563069073e+00
-8.329317747085383417e+00
6.216945384131763452e-01
-1.431761866763852975e+00
6.165522395708030734e-01
2.842748901212387214e+00
-6.463808965284307817e+00
5.526135791516381124e-01
-5.624625965466781174e+00
-2.288320212409406196e+00
-5.684739820647512154e+00
1.434333334038575103e+00
5.298516360828389615e+00
4.433725717546771250e+00
2.576118013998433209e+00
-2.741538920301741289e+00
3.450269050374457080e+00
3.179228624524983893e+00
3.308741199744435590e+00
-2.051093189237649828e+00
-6.029027674519348068e+00
8.963011698661601523e-01
3.731339095892244551e+00
-1.256720441797588350e+00
2.632170134618570412e+00
-1.972363581941621868e-01
-1.149003930561313336e+00
-1.776379731375247850e+00
1.696372225103631726e-01
-2.872959525181968843e+00
-2.299024486185632377e+00
-4.003173438563790709e-01
-9.225554385343611719e-01
5.743450374994586660e+00
6.319786984566951871e-01
1.362777894541424395e+00
1.537682275305229496e+00
7.803576663790724233e+00
-2.940312848016005010e+00
9.497653024048106074e-01
6.750091168965922428e+00
2.685374123415175784e+00
1.520374794411335717e+00
1.030621992738594450e+00
2.537974224080963737e+00
2.569379670899254009e+00
-8.704674716805532730e-01
-7.711888345283010038e-01
7.370127152458248787e+00
2.006743953508755673e+00
-3.212732993967340356e+00
4.514983082063509734e+00
5.238484250974178913e+00
3.005894741257116642e+00
-6.301277466488138579e+00
-2.074734771636312924e+00
3.294595628168688339e-01
-6.712619005378897441e+00
-1.496787649640158868e+00
4.492161365729259614e+00
-7.400640062745713621e+00
-8.384626536503514416e+00
-1.965297323602785973e+00
-2.010108530370795954e+00
-7.078224350184976199e-01
1.127552026239740268e+00
-3.021334311580918808e+00
7.374757235566494096e+00
2.276526126141822814e+00
-5.445276432544364775e-01
-3.328001247097475357e+00
2.234591522516507833e+00
4.054842609011559240e+00
1.631058955451964998e+00
1.105021195151570268e+01
3.978956354679434426e+00
3.097302007952869918e+00
6.820565738196463279e+00
-7.050889229194120311e+00
-6.715490843411751953e+00
2.030554135818307682e-01
5.313217478711068642e-01
-3.539848936990760642e+00
4.652722150733800355e+00
-1.254843285955190790e+00
2.122615232764681004e+00
7.285088070030638185e+00
1.600647410649921110e+00
2.822574700912825918e+00
9.436812733073460802e-01
4.817523544967269311e-01
-3.515973546520165804e+00
6.480204051179653035e+00
1.141620867066091449e+00
3.322554715761606214e+00
-5.841439624912064588e+00
-1.788758122175739818e+00
2.211881976719539455e+00
1.177435520412887016e+00
8.947915406616001377e+00
-5.094953009059254079e+00
3.740767123805857519e+00
-2.137136516134067854e+00
-1.115543343037467050e+00
-5.173019125859429357e-02
-1.598067154839087234e+00
-1.183151272516407282e+00
2.343592263455267499e+00
-1.331396045870757217e+00
4.150812419715890655e+00
2.665654619933281566e+00
6.455818998946419640e+00
-4.371869013781514823e+00
4.383001277600289125e-01
-3.432599659886581556e+00
-2.584338775301675994e+00
-8.767192893768674722e+00
5.917953154923581316e+00
1.067440967216239756e+01
-1.595728284846150036e+00
1.058235419392142518e+01
-2.617235375309783230e+00
7.813031402976723383e-01
-6.437713749293100252e-01
-6.014673371750686393e+00
-7.617345301549677261e-01
-4.049921321226769955e+00
2.214952975607802355e+00
-1.137553985738722240e+00
2.603799169984335471e+00
8.142173267599822628e-01
-2.434369145701635873e+00
-9.156754762460105113e+00
-9.606609687826407340e-01
-4.147804560494529724e+00
-6.906236847068376150e+00
-2.641280615428696521e+00
-1.693702837478212153e+00
-9.345197801124347947e+00
1.066630598498668370e+00
4.502981194199930925e+00
-9.568885557960609134e+00
1.159299257014976714e+00
6.023663497336951167e+00
6.712265252697316775e+00
-6.479704542303977854e-01
3.158587960797925476e+00
-2.645433103109996464e-01
1.145129599057835179e+00
4.919222988472400360e+00
-1.925345513341076398e+00
-2.245473629278281091e+00
-5.490569529152641515e+00
4.708005994675024120e-03
6.668202370654034539e+00
2.058077668795780246e-01
3.947487735742572834e+00
-3.417861565666110657e+00
-3.691384602528659187e+00
5.516743397284316508e+00
1.750159288478183139e+00
-5.943746168930925222e+00
-1.260686055115083359e+00
3.087500054328247590e+00
-2.273837622492126176e+00
2.687434338915733356e+00
-1.030152965293728684e+00
3.263840231733919683e+00
4.455429754772552986e-01
-3.640024522125005824e+00
-1.612031810798824960e+00
2.814476390155097318e-01
8.284704466063165240e-01
-5.043846674029896171e+00
2.408883290969246804e+00
1.189820724652228545e-01
8.424625635966595638e+00
-1.566008274198280148e+00
4.538451695074403602e+00
5.876036102063189936e+00
-9.664726887699292002e-01
2.536712931567506768e+00
1.020296948436175200e+01
5.713931059201330376e-01
-3.865732197867650655e+00
9.117956757874438045e-01
-1.020292430158081576e+00
2.583718811926752679e+00
1.867938542100167076e+00
1.930198721293427122e-01
-2.797289708732007441e+00
1.140440065743191234e+00
4.512003815675304175e+00
3.045746262197494669e+00
-2.476280488984325956e+00
-2.381632236786943579e+00
-1.960996376042839717e+00
-4.753095694140162530e-01
2.431327165136853985e+00
-4.617615567618223338e+00
-5.421348016110779655e-01
2.824003191953313952e+00
-7.537496340004332662e-01
-1.982536912345506774e+00
-5.536911079924949908e-01
3.876652520212217734e+00
5.502642931464596820e+00
-1.703543035321996690e+00
8.794165988397045552e+00
4.446272951662855633e+00
1.006645456691635765e+01
5.316904448996986332e+00
2.536941847035714126e+00
-3.101513304975729302e+00
-1.016568636666430603e+00
-7.528087752813504174e+00
1.651490621387158519e+00
-2.720593605842746676e+00
1.320384940941217167e+00
-4.980749819510029708e-01
3.479669718308250115e+00
2.809038258838707947e+00
1.259165033777672527e+00
-4.386814991266909658e-01
-6.338866285939299239e+00
-1.502223578003956117e+00
-2.845609512753268344e+00
-8.709483798772658103e-01
1.850809134976198589e+00
1.357013380007559000e+00
-1.275399266939215348e+00
-2.059234913745634277e+00
-3.411748103929895137e+00
5.841156221539708149e+00
-4.172837613512866417e-01
3.897829170618517303e+00
1.361954863479612143e+01
1.361373419979639898e+00
-6.657435783888001168e+00
5.067467559136631827e+00
-3.741351539938396975e+00
-2.208465800893746334e+00
-3.630251859730332376e-01
-3.070306645298379156e+00
3.701383820939879499e+00
-1.964056464202133867e+00
3.092311887915923485e+00
1.170392996546512521e+00
5.678517510536549295e+00
1.865289152470170020e+00
-2.360412885252906712e+00
-7.797556243314166524e-01
8.117144503567617075e-01
-5.058182179271866197e+00
1.669921140164671414e+00
1.177594426791740645e+00
-1.104582676626415960e+01
-3.263039600390323258e+00
5.089683303541752579e+00
-2.902292744034648653e+00
9.493216460938213030e-01
1.343555211513834724e+00
6.095834364286413454e+00
-1.580926910748623460e+00
-1.408267601273106795e+00
3.626430014981312677e+00
6.079584328749310096e+00
2.540990635504610129e+00
-4.119202447890745411e+00
1.456107002106240556e-01
2.617930920796154748e+00
1.841824308284361056e+00
1.947122775866919397e+00
2.710332947142066295e+00
-4.215396769678751987e+00
-6.309818734957555186e+00
1.031508301431804053e+00
-8.239585790720262537e+00
2.501318049085298867e+00
1.922619309176092806e+00
1.332370522954927416e+00
-1.277725565265294350e+00
-3.401987854733833583e+00
6.943961937250858085e+00
3.098699053159498895e+00
1.788745452870654340e+00
-4.027690722695107084e+00
2.455198597500434232e+00
2.261579185051385554e-01
3.825100772873518906e+00
-3.051028970477626112e-01
2.951031659407824748e+00
3.497465862040250784e+00
2.946006289458379168e+00
-2.274791552618205426e+00
-5.878912178065073268e-01
3.422890891266633595e+00
-3.492178762033227635e+00
-5.697528764473412943e-01
-3.183114753081349946e+00
1.611316846937986380e+00
6.760265212679646973e-01
5.537604772341186532e+00
-2.705980519117316518e+00
3.723456303317724814e+00
6.025874930940421592e+00
4.371597603993939707e+00
9.867942681498930169e-01
-2.029915795511240795e+00
4.487540799032056604e+00
7.421264201353178214e-01
1.219106735999389457e+00
2.894875916648109282e+00
-8.749307478170107899e+00
7.058400159969412391e-01
-2.299790836931664195e+00
2.936140848400393466e+00
2.631977773717721902e+00
-3.319943284546679196e-01
5.575916965944990089e+00
-4.431586513048034526e+00
-2.088877566894220106e+00
-2.512271206131011958e+00
2.512709253959773403e-01
-1.144671886143270534e+00
-1.789551766991534176e+00
6.237255717457338422e-01
-6.440759888201112560e+00
5.374017759197342592e-01
2.274146557697577453e+00
7.492336032812627167e+00
3.929534765151826203e+00
-2.608567180522766371e+00
-1.815958474252484578e+00
1.755569894056862035e-01
-2.797533903556319146e+00
6.144299868133802356e+00
2.644229267727844501e+00
-4.923693955195550531e-01
1.593511884510979471e+00
-3.888810289369866169e+00
-1.726185519708624216e+00
1.255988726761247776e+01
-2.999628458936584252e+00
-1.839815276080643880e+00
1.385503049720214985e+00
-5.117647437243463493e+00
-2.322529902313954953e+00
1.277095884509744206e+00
4.341156224799223473e+00
-7.030349812899114426e+00
-7.300794135296257537e+00
8.789748744270516889e-01
1.486060618757054641e+00
-7.403882700709836229e-01
8.801922840691723593e+00
3.015445544640703801e+00
-1.343435076628791136e-01
1.512340160091075747e-01
1.467394037899694137e+00
-2.417162343162327698e+00
3.721846863838388364e-01
-1.788010658083997395e+00
3.993427802000522497e+00
6.002850261959054912e+00
-1.930723101330572788e+00
-7.439460546845733102e-02
-5.400980673126610121e+00
-2.617133809922345566e+00
-6.143077502694662684e+00
-1.066150563225502612e+00
-2.757440587261664966e+00
-4.943810519562112482e+00
5.363354638471004021e-01
3.840070772336761973e+00
-2.958785140306335215e+00
-3.820338673379285677e+00
3.456501263109803102e+00
-8.076196714770024210e-01
-3.482895572769492354e+00
4.457470252489204476e+00
-2.554609273094554656e-01
-5.309050990131825021e-02
-2.188084092564946292e+00
3.296815412906410891e+00
1.379362622917823966e+00
6.352344589149876875e+00
6.217106133344613816e+00
-1.073010352211905438e+00
1.008898338545311191e+00
-1.068995869973029755e+00
-1.882827994661931292e+00
-9.496747976468337127e-01
8.036523072130484779e-01
-4.552900565900361407e+00
2.180360066326466395e+00
-8.200932456051413411e+00
1.386197390441599619e+00
2.655767360276635181e+00
1.911561238466637835e+00
2.247467268157027576e+00
3.117502212423683527e+00
-7.279705529616515847e+00
4.615126440729414803e+00
2.719791299828978381e+00
-4.429969154948921961e+00
-5.190443922775941354e-01
4.103830156478713853e+00
-4.339168542321851341e+00
2.222552818608067415e+00
-1.108914021706818298e-01
9.738112553723925480e-01
-1.924740046131709903e+00
4.251586387076752516e+00
3.242601881313309065e+00
1.923446583419044398e+00
-8.596839154000622818e-01
1.863180126500842526e+00
-3.953578579275842664e+00
-4.192740482893174914e+00
-1.138854584133897507e+00
-4.455472259513590938e-01
3.521812030716970465e+00
3.313886140687940518e+00
-4.710230733341544074e+00
7.139392300549122217e-01
-4.413027047078458276e-01
3.674918284638560628e+00
-4.555951942447067360e+00
-6.585355852463237181e-02
-2.045393603233776503e+00
6.849466092330588118e+00
-8.627319161101506539e-01
-6.607498476827197154e-01
-1.056196389730799368e+01
2.799227770500605228e+00
-2.299634218348311610e+00
-6.280886490803775368e-01
2.583105332390965847e-01
-1.099460057300712723e+00
1.049265193878616564e+01
6.072940229731073281e+00
-2.814608247588816781e+00
-6.400261689435547297e+00
-4.638010577263154133e+00
2.714351682498006735e+00
6.061150608471582713e-01
4.826919171381038431e+00
3.833140886479512677e+00
3.497392364518884911e+00
3.803109616223866674e+00
-4.317378252950443418e+00
-6.253375378240815685e+00
-2.250375477652534872e+00
-3.944035128704873605e-01
5.484311837218154295e+00
-5.600625019000177396e+00
-1.976482091890477300e+00
1.051262407337088423e+00
-1.129013882046091766e+00
-1.908414671274999641e+00
5.593437536557502865e-01
-3.769342661414630147e+00
-6.448166859732149980e+00
-9.541328277075854514e-01
-2.240857047388582046e+00
6.017231418319466840e+00
-2.319864709103079292e+00
-3.844337941556289273e+00
3.105901828676369991e+00
1.240189834655677448e+00
1.481935559451898143e+00
7.481995707844515842e+00
6.983129781755009979e+00
5.764160608717793011e+00
-1.342359843845659206e+00
-2.643941974511926141e+00
-3.358782974113594388e-02
-1.843666664518553322e+00
2.149522933950577475e+00
-3.004424697038527547e+00
-1.206360817882085712e+00
-4.915211649775484304e+00
-1.609048017495832372e+00
2.765039357592885771e+00
1.507998155064024237e-01
-5.218487793099026106e+00
-1.525378403278849770e+00
2.381552217172751007e+00
3.533608811573628605e-01
3.746663974637371552e+00
6.238643942641695084e+00
7.017318056194422615e-01
2.861644355518208727e+00
-6.737750895433809895e+00
1.046025249177533478e-01
3.335113930423839967e+00
-8.025601619081619731e+00
1.699088903348016544e+00
9.955452378071304453e-01
1.568788036072666259e+00
-1.087502514097037132e+00
-1.299643047318153055e+00
-7.764148872668619195e-02
4.318954778849490417e+00
3.440666359144224806e+00
5.967517730486409988e+00
-6.353805705064453635e-01
4.242941559153165620e+00
3.960335403675810273e+00
1.837006273695187542e+00
2.362471691624878911e+00
-4.375120639344125983e+00
-2.857592753403786823e+00
-3.902773485810364207e+00
-7.581085620399118374e-01
4.248525984714687231e-01
-2.469999375889480930e+00
3.292028884406894562e-02
8.309000357722784003e+00
6.488514478120493978e-01
-1.499471681961230818e+00
3.980011543751400982e+00
-2.509891691702741401e+00
2.121046286252054713e+00
-3.240803172187082026e+00
-3.973947135435690114e+00
-4.381564072005693866e+00
6.516983241882729594e+00
7.406404965058670520e+00
2.090661302496939822e+00
-1.270149369551011098e+00
2.276320899347078264e+00
-4.444110465648074104e+00
3.355346441207440300e+00
-9.275552915611894322e-01
5.721452296779948377e+00
-6.875736422837388506e-01
-5.311894502034255616e+00
1.397538203373145382e+00
-8.655318256581054470e+00
1.838837610013527080e+00
5.469454208461983491e+00
1.838221657103463746e-01
-3.482716253246648241e-01
-1.470087561467423587e+00
-4.094272118715633013e+00
-6.485525926465350643e+00
-3.549139922574241268e+00
-8.652387511126197195e-02
-4.581440205409497146e-01
-9.874667370962797008e+00
4.279572843919546843e-01
-9.481829787626728789e-01
1.081707109967388014e+01
3.755674727936075818e+00
-1.490245213444310046e+00
5.145843536551818254e+00
-4.320115923369684197e+00
4.364519502930198080e-01
4.443284849867714215e+00
-4.556987116933234994e+00
2.202492962156739953e+00
3.049741494579701229e+00
-1.691216071964800616e-01
-6.479328120188822204e+00
-1.979884399823380381e+00
-3.140650952309868238e+00
4.909616855064669494e+00
-9.187854472663991023e-01
3.934851487532546432e+00
5.907418297046941325e-01
2.882009786531286366e+00
3.955549870865142204e+00
1.553808518353315904e+00
-8.334968098919380841e-01
1.631321692056532768e+00
-5.888740995107614173e-01
4.344335496305915534e+00
5.348490552763569550e-01
6.104063440002613028e+00
6.006933133506598965e-01
-1.174320777593566678e+00
-8.749661507278544192e+00
6.280868617710932966e+00
-1.679142629810499443e-01
-1.110503371782650905e+00
3.589375646394970421e+00
-4.162135694193071167e+00
3.038931968167181363e+00
3.448067506273445382e+00
-3.055941047551781864e+00
4.219769918359679295e+00
5.667450504198748185e+00
-3.911951682274914965e+00
6.324770207405134848e+00
-4.466936194248403602e+00
1.959488956785091940e+00
-5.302966157021421267e+00
3.811517510340216131e+00
-6.386896904064970348e-01
2.685409982992042366e+00
-1.409415437646357905e+00
-2.438340285875275182e+00
5.802133222479742836e-01
2.397652527603916006e+00
-2.627955099134713812e+00
3.205352149608742263e-02
3.277174015208170310e+00
-1.169150790818586305e+00
4.868903914068442695e+00
-3.601057900373943355e+00
1.837075754125555349e+00
3.984198800549405561e+00
-2.739788567523387286e+00
-3.197854427753962225e-01
-9.965503208659221013e-02
2.167157198087345638e+00
4.833630610492892776e-01
-3.115524651198866124e+00
1.156889096290424845e+01
4.439299240332322150e+00
5.664886930004382926e+00
-5.735488822129464204e+00
-5.395776162485251826e-01
-2.138168833895064846e+00
-1.120227420671424667e+00
3.847518209794221988e+00
6.062106136368941023e+00
-3.992231981808800789e+00
4.944373984916823339e-01
2.572230764456925334e-01
4.173707085959765806e+00
-1.403883786054183069e+00
8.123538049972527375e+00
2.269869838443671295e+00
1.959390642068514321e+00
1.636112725177672811e+00
-5.877970363298621770e+00
-6.342976319058803547e+00
-2.785099705376900658e+00
-4.621668243794220921e+00
1.060569592532909056e+00
3.191484435848913837e+00
-1.811318530096404977e+00
-2.852024895352941236e+00
-7.264632146127947276e-02
-3.348988003298560390e+00
1.970147047275959018e+00
-2.460200928853882640e+00
2.066780699498454776e+00
1.085589424368827238e+01
3.143200040009371810e-01
-5.437619973382807004e+00
3.367654577215332790e+00
5.728200455724350881e+00
8.288016667267633864e+00
-4.492788921279443848e+00
-2.654720578464079939e+00
-1.470073545429688711e+00
3.450165809479295298e+00
-4.202117857682518220e+00
2.564849409896828192e+00
-2.019096115621151766e-01
-1.533196094242649465e+00
-3.382400784063030574e+00
1.878738280429931518e+00
-6.259470632029692894e+00
3.878197815263239701e+00
-4.651733632280583564e+00
6.118160562775774913e+00
3.189601363723430172e+00
8.664830166116049837e-01
7.724414184137240902e+00
-8.918746898135468948e-01
2.064387121491633170e+00
-1.410698455458257339e+00
-4.523856013070965965e+00
5.719582743676517644e+00
2.225175586278605344e+00
2.653344797360418506e-02
-8.403524718714269426e+00
1.114908986217236109e+00
-2.222301391907699930e+00
5.273715703093175833e+00
-3.862685534114554953e-01
3.699095100246395651e-01
-5.027447661260102230e+00
3.031566784010152560e+00
-1.073437417171702268e+00
-5.038460887295735269e+00
-2.458975787548634440e+00
1.679689175631876363e+00
-1.088220943847517397e+01
-7.357633073137049173e+00
3.845769343559472198e+00
-3.301212424670595169e+00
-1.380785244605315043e+00
-1.664295165908384444e+00
3.255079837324860392e+00
4.966436388558869375e+00
-6.943201525495797277e+00
1.477438759118917311e+00
5.662765229245660059e+00
4.499158819213250338e-01
1.005166749920603841e+00
-2.746888079062121069e+00
-3.249268652716396311e+00
-1.588227656632430485e+00
-6.323086208089789828e+00
-7.945482342440254309e-01
7.176233827047825420e-01
8.564670491131762819e-01
-4.316275032928033717e+00
-3.159323939927654035e+00
5.022820295497861798e-01
-1.965700902583404464e+00
-1.324991004443398346e+00
3.309037291569372208e+00
1.650734794195792832e-01
5.210824893880419140e+00
-6.428445877931854291e+00
-2.223534298517552132e-01
1.700701173351854556e-01
-2.015425648052598717e+00
-1.651228840057413105e+00
1.029072140355156817e+00
8.642461265026366579e-01
8.403864640067353342e-01
-1.689396431877936866e+00
-7.067014035779853209e+00
1.113205814460719445e+01
5.256089750135564564e+00
7.761064617353001793e-01
-3.028647923047985024e+00
-3.558967604576258603e-01
-1.991878378658710425e+00
-5.084198659238121643e+00
1.286396406661670433e+00
-5.643444485601233573e+00
-2.874498391995955249e+00
1.851881259472894836e+00
-2.545050796898837397e+00
4.076913909863172369e-01
-1.322074373935151481e+00
-4.395754270794689056e+00
6.605176594903089615e+00
4.582101470373367569e+00
-6.604028747683005740e+00
1.096862420729046494e+00
1.762822795352645411e+00
7.581877545089982462e+00
-5.278815951525436034e+00
8.680937288609923419e-01
-6.707337063313357106e+00
6.863798225276128706e-01
3.951093661281258385e+00
1.027020546559389569e+00
-3.449691406353092127e+00
5.306112608113708884e-01
1.117126731371249182e+00
7.599506506324401611e-01
2.540129462731982590e-01
9.543385208637386041e-01
5.843984935160118965e+00
2.254805760363388423e+00
-1.091276148969827497e-01
-3.199530321529838961e+00
4.251371822614594898e+00
-1.175029537125209966e+00
-2.200379682348941657e+00
5.797290162533687230e+00
-1.117758192512423032e-01
