4.026673821052990654e+00
3.066532095249261847e+00
-6.325458976055176041e-01
3.937109279946135132e+00
-2.494803287553868931e-01
6.385914272309292983e+00
1.684571205095042501e+01
7.626291925690605211e+00
-7.031343039874453638e+00
9.859871311935796356e+00
-2.390903154013156140e+01
-2.540519215721085633e+00
3.264914215177960433e+00
-2.502841374399303320e-01
-3.852999011872435542e+00
1.062072368445031145e+01
2.371757979526341487e+00
-1.955728490724657220e+01
1.209844636223294501e+01
-1.110636186714571139e+01
1.134534317404426851e+01
-1.150063730025488340e+00
-1.528369416687012095e+00
1.174859985366851234e+01
-9.827404122167852307e+00
-1.043158903358616030e+01
-1.293976427279748620e+01
-1.945511293824063515e+01
-1.431295079445378882e+01
-1.464897569668315747e+00
7.260103058859111336e+00
1.161216559110093360e+00
-5.276018358152345655e-01
-5.225002464706057559e+00
-1.465044749399051760e+01
2.920403819938719892e+00
1.082792470334769330e+00
2.548977447452968725e+00
-7.640380148510287128e+00
2.551891064290922717e+00
2.289759090303895128e+00
-9.985123718898897494e+00
-1.003270981356621050e+01
5.364276348119902948e+00
-1.994449953276195586e+01
-1.271489294726127817e+00
1.044516955476800923e+01
-9.057252835386645273e+00
7.514097791370604185e+00
-4.882506070676685184e+00
1.718216998721756994e+01
-7.070250016571004714e-01
-1.135579549508674901e+01
7.017055564191924333e+00
1.043799949821473483e+01
-1.557454294949245366e+00
-1.013666705056659012e+01
-9.186591386823479866e+00
1.670225912903957388e+00
-4.702470853246339288e+00
-3.088249772362003931e+00
-9.640963051474836121e+00
-1.026939391456877360e+01
1.682744350540095368e+01
1.719691570168975048e+01
-8.377793533682040827e-01
2.387136561964156023e+00
3.715571000085801323e+00
-3.840106116598131614e+00
-1.205262987050519818e+01
-4.577363072132692778e+00
-8.133007313191482623e+00
1.775115307480434979e+01
-5.626375270571069009e-01
2.549487533285566876e+00
9.634299389930184532e+00
-8.492401701547073856e+00
1.588393549809078564e+01
-1.066234632228397494e+01
-7.585903798622982919e+00
1.549839309461480497e+01
-3.337736266046057665e+00
-7.033607239510414111e+00
6.375525220135594751e+00
-1.041767209232867231e+01
3.221120915377182925e+00
-4.446706660816811763e+00
1.650982258928338098e+01
-2.306196855534095036e+00
-1.054300445992627999e+01
-1.441173817582908634e-01
-8.638476397691761122e+00
-4.123719104461771146e+00
1.757233755505871686e+00
6.955679932489099215e+00
1.755755111587802020e+01
5.320475489982284145e+00
-3.393506057238321327e-02
1.038455427749935267e-01
-2.624079036227878525e+00
-3.415677135099828732e+00
1.274721790784938591e+01
-6.711478878333723141e-01
-1.307101798216505451e+01
-4.322541584272449278e+00
-1.052591393444826551e+01
7.582768878472536223e+00
-8.151874910245421546e+00
-3.016466749065884301e+00
-1.562056467555601458e+00
6.640388905056721747e+00
-9.521215492823097648e+00
-8.206842413871786590e-01
3.123155813002403303e+00
-8.082801712929793547e-02
-2.923878079508570593e+00
-1.555639195455009016e+01
-8.093924518605268403e+00
-2.797578168622133710e+00
7.134994824590938478e+00
3.166672524296419766e+00
6.645409346529344674e+00
-7.628631283356403614e+00
-1.138728532307901986e+01
3.054823707310259984e+00
-5.583168096719630213e+00
-2.158714716124292110e+01
9.854098453054243478e+00
3.242620907482658854e+00
7.889078490611041161e+00
9.724440734517269647e+00
-6.753808406140631604e+00
-2.221514749697553803e+00
-3.487720083187171305e+00
-1.327380758719860054e+01
1.837791683059090175e+01
4.719711185942128573e+00
4.154136356017161802e+00
1.206063071184912872e+01
2.994114774556261516e+00
-4.983965664550400021e+00
1.147332634067934976e+01
-1.343901241331977126e+01
-9.347047811593991895e+00
-5.421813049632668857e+00
-1.022567907314871505e+01
1.333682832586372768e+00
-1.946216487315277632e+01
5.224512949759200886e+00
9.925307314826172345e+00
-1.107549250349243763e+01
3.838659465540618654e-01
-7.509102485298273066e+00
1.376980642148251022e+01
6.418835577576032847e+00
2.099533918888640827e+01
2.142634295946903022e-01
-3.563688125249643512e+00
8.243686613498976357e+00
-5.732945239412657656e+00
-1.197189222823631827e+00
-2.429644828600503459e+00
3.707328236733574478e+00
8.831261746673494173e+00
4.167932422671619008e+00
5.695327061816888303e+00
9.683151850697999663e+00
-4.944381008321306226e+00
-1.623782567795484155e+01
8.721894687801601265e+00
-9.798689410141710354e+00
-2.189731805604835380e+00
-2.024579142018006372e+00
2.420193255088267215e+00
-1.801298454503700075e+00
1.342415675957105137e+01
1.367686911463986910e+00
-6.509642206092296490e+00
-1.243702103215608146e+00
2.040232293044021539e+00
1.304995089408950704e-01
-1.142521981215592319e+01
-4.405286285630396037e+00
-5.781434730130950328e+00
-1.560822905022273721e+00
4.558883121206759981e+00
-4.409090600565631846e+00
1.065505618092944218e+01
-2.591862018958624780e+00
-8.422867315329138904e-01
6.000832928710902792e+00
-4.312186577013630284e+00
3.571328778841826423e+00
9.338127440864367301e+00
-7.475359516372135360e+00
-7.928569141577934687e-01
5.491590978077093510e+00
6.963313317400046998e+00
-6.838459622432074170e+00
-1.422368161203640824e+01
1.008097097464217828e+00
-5.783183522819179245e+00
-2.064159622108818759e+00
1.096119458396721669e+01
1.963591226788902588e+01
1.067942059643055508e+01
-1.128384042428102596e+01
-1.340215426338838611e+01
-8.077314979894538283e+00
-4.410637897450460088e+00
2.018396858786544179e+00
-1.807415582952047117e+01
4.678295817120763367e+00
-1.650669390365078648e+00
6.351950004715853915e-01
1.306291892322643533e-01
-6.450357689229925029e+00
3.925672080216392246e+00
1.207352244493654148e+01
4.198766172199600355e+00
5.511646254105362353e+00
-7.739271220732073964e+00
1.626851436914972737e+01
-1.678091646177021801e+01
-2.034261438440433878e+01
5.479816636805554531e-01
3.355895253709325399e+00
1.134578193526321854e+01
3.294413275544522790e+00
2.306339941218192635e+00
1.611740178780591037e+01
5.070577047463885378e+00
-7.082662594423875468e+00
3.434975607569350942e+00
-2.893381715828665435e+00
1.621167542731804545e+01
6.192885150085572832e+00
-2.129799783909286148e+01
-1.243983760093306934e+01
-2.019268096023490444e-01
3.916435692000347912e-01
1.032525286167412126e+01
-2.216746202751829209e+00
1.540135106965983702e+01
-1.797048421634837023e+00
4.537981867459246033e+00
5.903835060938714463e+00
1.834607246606075037e+01
-5.840440866196562553e+00
-1.011956634205461647e+01
4.930310394506526528e+00
3.734908477734993237e+00
9.784291838707815714e+00
1.755177959789270759e+01
7.821920472172347871e-01
-6.955668297524442156e-01
-6.102830732709231931e+00
7.471275259160115034e+00
-1.946056929308679528e+01
3.668194485502174196e+00
1.902230640953163743e+00
-7.433064223507363621e+00
-1.102529877421066118e+00
-4.398303494154442994e+00
2.362872055023838413e+01
-2.318975018559942036e+00
-1.249853296012608084e+00
-9.655559264759464355e+00
8.130976418748138812e+00
-7.717854348301505851e+00
4.921690242715487607e+00
2.132102581138171971e+00
-3.124287372306938870e+00
-2.648074454357845497e-01
4.268773341607676186e-01
1.072199507168251742e+00
-1.002953591866084260e+01
5.845925502594718992e+00
-3.074428888230827384e-01
-1.045907393195227897e+01
-7.781063580341902153e+00
7.685318779799677813e+00
3.362739334315504092e+00
-6.763981917399350507e+00
-1.176036982595570279e+01
1.061335425177979630e+01
1.982374837463049388e+01
-7.001053115849653175e+00
1.855847119650117705e+01
-3.277527461137060172e+00
1.063057593904387943e+01
-6.243198246877471824e+00
-4.598020225714492426e+00
-7.764570583548777272e+00
-8.844102436785998833e-01
2.404768750405293254e+00
1.078499871987062697e+01
1.294925203642861788e+00
-1.151892873054825905e+01
-7.815255814869607853e+00
-2.093419024397288197e+01
5.244699342294586231e+00
-5.483630909215108318e+00
-1.601239813700606973e+01
-3.286977907817321576e+00
5.812842586263522904e+00
4.697773507186076891e+00
3.764596840292181668e+00
8.883981578446551453e+00
-8.250999541896041123e+00
2.989168925572813329e+00
1.366579481426208353e+01
9.529530537094990095e+00
3.145654945038582895e+00
8.618577845888536260e+00
-3.995203348370311436e-01
-1.617680692572255996e+00
-1.595750940172858634e+01
7.633053836745777865e+00
-2.388051775412004218e+01
-8.222637672216468019e+00
1.676077589585118943e+01
-5.401457129877936580e+00
1.627961726032618905e+00
1.314096441210525512e+01
6.058326349204682160e+00
-1.681431857860627765e+00
9.547217548867825698e-01
1.725262009473912883e+01
-7.904113037273651443e+00
1.652009060561491438e+00
1.318522444833295104e+01
-1.026152449230292518e+01
1.025510631224530478e+01
-2.041232808716819136e+01
2.272986641983665290e-03
-1.684649364122782700e+01
-2.516727548961812744e+01
-1.112461619187335948e+01
9.075094046231875211e+00
-9.249044591414232741e-01
-6.010143484935653646e+00
-1.297907711094896044e+01
-1.860108171171151170e+01
-1.688018883532614467e+01
-5.694234739619052021e+00
3.044226022971344481e+00
-2.088540028400689863e+00
2.779559898216865110e-01
-1.238745067150888168e+01
-7.544688195299563027e+00
3.713326670261415607e+00
-1.489440202132706048e+01
9.713455315376540611e+00
-1.159756363748049957e+01
-1.191058136547731849e-01
-7.659433560062367974e+00
8.198487198006956689e+00
9.167865085347433052e+00
-3.821258898441374008e+00
-1.050107491921800040e+01
-1.078063148495081691e+01
1.331971371816172756e+00
2.761081737363448418e+00
-3.417167228602053797e+00
3.076245152571146058e+00
-2.069611049379395773e+00
-4.627164989999822176e+00
9.975091558701190131e-01
8.821782108436421410e+00
3.222262571797837594e-01
-7.404498853245268464e+00
8.851210123378866257e+00
-5.192695129849484559e+00
2.873184486795478776e+00
-6.543636492169808250e+00
9.529972848374388406e-01
-1.474480209441935052e+01
-1.318630067931371563e+01
-1.190624252618129120e+01
-1.138041087722546152e+01
8.242719703940473153e-01
-1.837988301760297372e+00
1.253256775095060327e+01
-1.273732664838194140e+01
3.058834217967870028e+00
3.269926552064907899e+00
-2.438701121830511576e-01
4.512329600268775387e+00
-3.925375757044714309e+00
1.277129387221958723e+01
-1.213931390656790299e+01
2.455959910865194384e+00
-2.207972037190435000e+00
6.845829113965725909e+00
6.553720445454741750e+00
-4.275553675305189927e+00
4.368486022843272920e+00
-3.246435397732221340e+00
-3.567496032782679016e+00
2.848264160827584490e+00
3.493178858572871248e-01
-8.990926467845010706e-01
1.222647772812194944e+00
8.154432647837747794e+00
1.364840793411615749e+01
1.284920729816023055e+01
-6.510021188052366625e+00
-6.055912543124024161e+00
1.149991823378022859e+00
-1.195183791467772538e+00
-3.468110341500027616e+00
-7.606445477911897513e+00
-2.662699245597866415e+00
4.603792379031216520e+00
1.853922895274944693e+00
1.328860739443144467e+01
2.129678471498181125e+00
-5.835405702938392558e+00
6.433259004228846223e-01
-5.931699292020756964e+00
3.700419080625023227e+00
-3.261334057058419944e+00
2.028450553282639124e+00
3.442028806122060303e+00
6.727035769038348434e+00
1.342023797136540431e+01
-1.237540750377782217e+01
-1.537475337234049277e+01
-1.613795214982754467e-01
-5.796472164998528243e+00
-1.076866780483193864e+01
8.497637798571867407e+00
-7.271194345008743731e+00
5.271609061238461180e+00
-5.059642018788951034e+00
-2.023520099236707992e+01
-3.394346101716876341e+00
4.970719911265179647e+00
-1.446700107183446349e+01
-3.090018077690982690e+00
-1.831393828311449923e+00
-1.263386241111083486e+01
9.074791659190324822e+00
-1.104755544015449686e+01
-4.589942573340400678e+00
1.637525717121975433e+01
6.441022086706963634e+00
1.193920390443871860e+01
9.391654809347432575e+00
1.538575372917639150e+01
-1.443379758082588182e+01
1.688695470074248917e+01
-1.307761286302256210e+01
3.757577246296270879e+00
5.027607516234017915e+00
-4.738398839134224438e+00
1.027481514366934690e+01
-1.606114970100207984e+01
6.231555919570843649e+00
2.526703118765316614e+00
1.885457300611526676e+01
-1.911476377322179943e+01
6.885794205010814295e+00
-2.966964732737000787e+00
2.843433340345127291e+00
-1.376057379218282195e+00
2.101862367381524166e+01
-1.025433928014656715e+01
-8.920262468066482153e-01
-2.136315023016809533e+00
-8.022054806503208013e+00
-1.036206080362912729e+01
7.303895007424581642e+00
2.630829680141343885e-01
2.305555212248024510e+00
-1.038174294030994815e+01
1.310589626100034799e+01
9.107899398225558940e+00
6.842796180918128357e+00
-1.112710216629735527e+01
-1.460298555489476868e+01
-2.008448935466331520e+01
6.509416849489477741e-01
-1.085760493441419072e+01
-4.372512132577460520e+00
2.068652036671594363e+00
-5.925352655038987670e+00
3.378375221265503825e+00
1.105689983339248172e+01
1.919488207669560964e+01
7.443785342251679538e+00
1.504846086136495620e+00
3.118943760135507226e+00
2.331496065356466474e+00
2.495534388274046833e+00
-5.522326244184495359e+00
1.398116621821581163e+01
-5.499163881238945173e+00
-2.597432656030684406e+00
1.206609636458939505e+01
-5.779840448689411048e+00
-1.662051778089859599e+00
-1.306583737322243977e+01
2.954019234577881292e+00
-1.325377559449202103e+00
6.281010846243272105e+00
1.883554431259083017e+01
2.818624701533436916e+00
-3.690237705435269078e+00
-1.492829426723813668e+01
-4.031003939719782991e+00
4.444347330130888452e+00
-8.865029280682741319e-01
-5.926794487573167736e+00
-4.430175982125704515e+00
2.083457461345268413e+01
-5.787915915601669070e+00
-9.096782963418927892e+00
-4.689021961351344636e+00
1.186067257117251028e+00
1.584328305612797294e+01
-9.820835145826523060e-01
9.310043333151968303e-02
5.420344443917662680e+00
4.498564718614765923e+00
-1.290786173224093947e+00
6.035581027507427976e+00
-4.835794351611179209e+00
4.583284278654628174e+00
-4.423729357769553339e+00
5.426272223537280670e-01
3.912374859282812700e+00
-7.807934598680719596e+00
-2.410341649340134396e+00
1.337580462981212115e+01
9.433646202329590835e-01
9.558848647438043855e+00
2.218692653933919345e+00
-3.653591267294940437e+00
1.605801590829082315e+01
-3.527190818057525323e+00
3.351792156401955380e-01
5.862973464754762887e+00
6.170725667611097975e+00
4.519536844527970998e-01
2.054584029388825783e+00
7.720533833682335256e+00
-1.230842389412680093e+00
4.019196493725449293e-01
3.259070056596758747e+00
-1.615484959478650495e+01
-1.145205198084906861e+01
-2.965363419848952020e+00
-6.161502335413668874e+00
7.237184622134309464e+00
1.844615195398639429e+01
9.687656974130898213e-01
8.366768768128663325e+00
-8.786028229604029960e+00
-8.979264549894546477e+00
3.758045034030730314e+00
-2.779398560090177384e+01
-1.681378821511902899e+01
9.354344901316618888e+00
-7.790126873176485667e+00
2.141776840854551889e+00
1.660366235349671982e+01
2.217484331459971703e+00
5.972169727675698425e+00
-3.421391807121348272e+00
-1.227409908210394640e+00
1.871710011614912972e+01
-6.648935133967096789e+00
3.952286636868481473e+00
6.460215682479732990e+00
7.181272016563512217e+00
-2.229592597542177046e+01
1.634021895551103043e+01
6.754361838507522142e-02
6.399058654442233873e+00
-1.411277797286050628e+00
7.305408335064178971e+00
2.066867473873290062e-01
2.394923266941793472e+00
-6.966997311106495339e+00
-3.462265250842800235e+00
-4.753732870718915815e-01
-3.791767226180731143e+00
5.064847784659033181e+00
7.972286467726010795e-01
9.941255621416765109e+00
5.457709001520003156e+00
-3.749489834496212204e+00
-2.046739477600153734e+00
5.410198723566590928e+00
-8.556663411301425270e+00
1.507998923389034829e+01
-1.140569739843460084e+01
-3.080101593734664966e+00
4.628169859267832642e+00
8.979947182658765570e+00
9.050494704431422122e+00
-5.579196072000470963e+00
2.413848273471787209e+01
2.055729036791344444e-01
9.012957313851657659e+00
-8.724612171123617976e-01
-2.744129114816299619e+00
-6.331827424408578153e+00
-1.696339057865303923e+00
-1.163552286136885439e+00
3.043381663250812252e+01
8.914555785779865182e-01
9.050498397321032229e+00
-5.654828949041172947e-01
-2.790915359150970332e+00
5.764385262533931353e+00
-3.452216585478302235e+00
-4.356135326474200653e+00
-7.451068091101163304e+00
1.055284252522702104e+01
-6.910256271508769643e+00
7.745994535689660232e+00
-5.622713284501034359e+00
-1.457990604221417996e+01
-1.733322860104912877e+00
5.452964208507006916e+00
1.226353414832530131e+00
-9.740294795424464525e+00
1.117952224994793475e+01
1.749603422453315815e+01
3.480925616278834678e+00
-2.340356547697917833e+01
4.670421748687527241e+00
2.439030205666806062e+00
-2.156557952855064464e+00
-4.773604272292578443e+00
-8.242935879829382806e-01
-4.119865186483422925e-01
9.181955650760734500e+00
-4.183942157478288237e+00
3.161606549455892257e+00
2.759601689951086456e+00
1.044581512010866575e+01
-3.337158372287797548e+00
6.769992356956866963e+00
-2.239377384750654798e+01
7.280509485697680638e+00
8.430725354832699914e-01
2.798454724991854992e+00
3.495229255398865309e+00
4.169638083339715529e+00
-2.146331149154154261e+01
-6.187889978831552007e+00
1.121862997288911856e+01
-5.170359951553438194e-01
-3.187988711321612545e+00
-7.526418110842154618e+00
1.307961618084891242e+01
1.484441451172953919e+01
6.359184186123474802e+00
-1.056593920861628177e+00
-1.466494483950828265e+00
1.798461842424785573e+00
-2.031929644852542438e+01
-1.540978125891513351e+01
3.913458166748693401e+00
3.665809509129578814e+00
-1.227120326514936188e+00
-1.622524629400675877e+00
1.706098059992779525e+01
9.204438721392445899e+00
9.211557587809007686e+00
8.910721262637565587e+00
1.336773326779540128e+01
9.330269328914198468e+00
8.299062620127033441e+00
-2.551167338568890219e+00
-1.639817205378825093e+01
1.249229190032156112e+01
8.999064629612663069e-01
5.082119238851920962e+00
7.252767353761536917e+00
-8.783179104390747227e+00
-4.221369887479658467e-01
4.256215197109664672e+00
-8.593086055090097375e+00
1.926577619446515044e+01
-6.550485846291032033e+00
-1.854944391914925994e+00
1.147237017858995500e+01
5.700438072417000512e+00
-5.287251440592767082e+00
-2.162169808658331149e+01
-6.742769586381049507e+00
-4.722772860120133309e+00
-1.438776993996517373e+00
3.340722748191796931e+00
4.763666962014099227e+00
-5.326874733980690557e+00
-1.401082192276382798e+01
-2.209942124508803829e+01
1.297619163586214697e+01
-2.638184279588296377e+00
5.376929911207864343e+00
1.919915036021193089e+01
-9.850634196951798316e+00
1.124701239477893466e+00
-1.528983176839984193e+00
-2.953183398134330950e+00
-1.840623464167329359e+00
-4.286788041579777442e+00
-1.506243858681466152e+00
-1.116977435781193506e+01
9.626269201491293614e+00
1.333242398825172925e+00
3.832227884080698033e+00
-6.496106745234394353e+00
-4.593908033623468334e+00
4.724072088288683857e-01
-4.746371219696244204e+00
6.625600048130255715e-01
-7.927763197086547642e+00
-5.825076616557773868e+00
2.525226670484689073e+00
9.533093260069229302e+00
6.384867144914887049e+00
4.127925949155867968e+00
-2.593877222998529852e+00
-1.291720237156158291e+01
3.456305916021257474e+00
3.229787723812467704e+00
4.036836532405141398e+00
2.467213437783520313e-01
9.308103813795295167e+00
1.929462980034912345e+00
-1.065488076888836666e+01
2.365317481080733586e+00
6.931186519270902124e-01
1.640486124690202629e+01
-1.782560833356058438e+01
-9.164011899079941514e+00
-4.511878895125614464e-01
-3.319238936373176685e+00
8.471207330973950178e+00
8.499490931113800940e+00
-4.895163060778929598e+00
7.439423339517463596e+00
-4.575125360200885005e+00
-2.078320924281977344e+00
-9.141541073457421618e+00
-8.916986843521296224e-02
-1.238657742905366987e+01
1.250035055434968889e+01
5.786372969353337226e+00
-4.826635072218940614e+00
9.588858680756256803e+00
6.871826728811093687e+00
-1.655510944428527864e+00
-4.400422021440363096e+00
-1.711129771679157585e+01
-1.964043901388302871e+00
1.175249810057205480e+01
4.714648787975308508e+00
2.600601726755489729e+00
1.131578710284857792e+00
2.127940122092736530e+01
-1.078124008384699906e+01
-1.908189566325422248e+00
3.534704387456140573e+00
1.969343693181089705e+01
-1.382803841953796820e+01
-3.321225893033661891e-01
6.197598918112667832e+00
-9.741838751551830100e-01
3.366389735308171538e+00
-3.032048996269592678e+00
5.494772202674893080e+00
4.474613546408461318e+00
1.789508109934145441e+00
4.111624635159580876e+00
5.022968955425323401e+00
-3.642128815274246811e+00
-3.603805472892983808e+00
-3.099802768722693447e+00
-1.890249268563466867e+00
1.929981534898261852e-03
-1.548088159179017254e+01
-6.078690213268133746e+00
-9.476896689295134735e+00
1.748380491713115248e+01
5.382630331508706512e-01
9.952947365982787176e+00
-6.544766615591905534e+00
-6.593132342079599972e+00
1.047486763726974246e+01
5.925775024023645088e+00
2.100665261319030463e+01
-5.337840854465679463e+00
-4.912300603822925105e+00
-6.822475069104716461e+00
-7.488726180693636714e+00
7.139401992768520167e+00
3.399519644796073603e+00
-5.074406347871379452e+00
-2.877357414722932827e+00
9.669558876715106166e+00
-5.396294813478741403e+00
2.690684830899646940e+00
-8.847796698449634789e+00
-5.038203517133075238e+00
1.348894148633907086e+01
-4.254537418841062291e+00
1.026541318397993940e+01
-9.283294179146439618e+00
-6.930807375882414689e+00
3.050547789094909312e+00
1.322394058349719348e+00
1.594912848920603921e+00
-7.245815469184957891e+00
-8.928431318578393672e+00
-7.705968579519133499e+00
8.585383731458554379e+00
-8.632137385780543681e+00
1.058283334125179564e+01
-5.256473316729497469e+00
-2.276647380770127072e+00
9.068404596527712691e-01
1.672813509210735461e+00
-1.866220618743322568e+00
4.535449498781040645e-01
-2.563767845664054690e+00
3.077766338367411425e+00
-5.152356470039331171e+00
4.865077898945692758e-01
5.777444236583635373e+00
-8.795478548156903997e+00
-4.390903369881003826e+00
1.418894898110579561e+00
-6.465717310980502397e+00
5.872000371039441724e+00
-6.240442967703063282e+00
-7.222700820237912822e+00
6.523806439773917276e+00
-6.042801060373186317e+00
5.632786892367672493e+00
-5.956780009352602434e+00
-5.644527094284972790e+00
5.137378643173849291e+00
1.321527818527361120e+01
3.645518540798283524e+00
1.199793891654172162e+00
5.938853729577799889e+00
-1.839913583429200639e+00
-3.813812859033173908e+00
7.992010278917806687e+00
-1.115823331146310871e+01
1.702612279871357615e+01
-1.228738435816105934e+01
-7.877763341467050040e+00
7.434584345393933091e+00
7.600658432629293415e+00
-8.950834108360030683e+00
-1.527567832926364844e+01
-3.364815544223944244e+00
9.113328764514184499e+00
-3.175798137358565754e+00
-1.217034551953464749e+01
-2.477313752431707705e+00
-2.771888122125187870e+00
-2.342532079289472158e+00
-1.507393960332312588e+01
7.107641891720787086e+00
1.856707536029785777e-01
-5.253499482185940650e+00
2.468194342334916747e-01
7.922314089766786527e-01
-2.823831268589269694e+00
2.001098963150866084e+01
1.982635949641850193e+00
-1.248021860579699993e+00
6.035377427760535873e+00
5.187983360823411161e+00
6.494653319279406034e+00
-6.904435664034949127e-01
5.928638204619079310e+00
5.839270897893799273e+00
-7.753394474211193099e+00
6.548243441911736795e+00
-4.127730419222040426e-01
4.343047947869327352e+00
-1.191148780525714912e+01
4.944259789743250977e+00
-1.134670545107640871e+00
-1.380139118486086502e+01
-1.151156073557509374e-01
2.995866579479487868e+00
8.651863693764324736e+00
1.078538856251855371e+01
1.669594928254462118e+01
6.944950029182244577e+00
3.969230912345894424e+00
1.453161545069453453e+01
1.592793162380315408e+01
-2.351456317181980449e+00
4.693487581887832327e+00
-2.066369077127854226e+01
-1.438196926496000216e+01
-1.449700364320625212e+01
3.078057181390557062e+00
-1.401123183172913400e+00
7.674577058026514464e+00
-1.786885450457243962e+01
7.225911904904023686e+00
9.080061717863411985e+00
1.484922854004725679e+01
1.178283695570925360e+01
-2.271708320792378188e+01
1.040395241962756145e+01
3.094370915420013191e+00
2.721849433162732534e+00
-1.131100131907597017e+01
-2.771082997823262506e+00
-6.554420086179679750e-01
4.733127201813547735e+00
2.629807479178568830e+00
5.358256720650895311e+00
2.822275520739839560e+00
-2.369540627793372156e+00
3.601081466117785901e+00
1.418847952306792948e+01
-1.831939492048740092e+01
4.274962546925154427e+00
-1.036286276177798271e+01
-1.156955196843790112e+01
1.611437135998248138e+01
7.142596986171199092e+00
8.689558625683361015e+00
-2.217479573964358242e+00
-2.365075727933357186e+01
3.618408512254076559e+00
8.803194980522269120e+00
-1.249961918798857319e+01
1.246404570597243300e+00
-9.936635062202604729e+00
9.903016847069045170e+00
-3.850153188206009713e-01
-1.202599815279891793e+00
-5.682241882957296042e+00
6.533730931598911162e+00
-2.103136279945328013e+01
3.123935274081035107e+00
-6.676645061160535910e+00
-1.863525172514363115e-02
-1.884327012691653636e+01
-1.345680600874173649e+01
4.215640476695349803e-01
1.269962495384586720e+00
1.667614890881133238e+00
-7.531667568848002148e+00
1.379979895912147647e+01
1.707588232772400616e+01
1.505253409594144998e+00
8.154430255998462940e+00
-2.181215137713508945e+00
8.575726654475342770e+00
-1.021082034811315609e+01
1.748124775055404090e+00
4.028472067380622690e+00
-6.132048534050220212e+00
-7.225831783022713672e+00
1.751011703486564741e+01
-1.887658403217231218e+00
1.558147739688280353e+01
1.299761192765423701e+01
1.006787295459439413e+01
1.032817383131712230e-03
2.169976012512454844e+01
4.022669932699289852e+00
-8.710202667905782903e+00
1.358422504011603849e+01
9.519537024401790504e+00
-1.093620736491917711e+00
1.488403086872563819e+01
1.646454938562273540e+01
-1.739699934294148420e+01
-4.256613095406711622e+00
4.995720706847092352e+00
4.339291732460893058e+00
-7.552852200012317496e+00
-3.285446007026783022e+00
-9.934609976840109269e+00
8.341814907701731840e+00
9.635646231028474062e+00
-8.482587006081310221e+00
6.945917866874145474e+00
5.834193658120859993e+00
-9.147954194954817098e+00
-7.374578985900216210e+00
-1.065328271715393882e+01
