9.189104884662741313e+01
1.011802263304946692e+01
7.328928993872928288e+01
-7.062229089967456908e+00
3.462872742721026498e+01
1.098667651025291576e+02
-4.352527867033955999e+01
-1.187219468263777458e+02
-1.287609879429496686e+02
-9.261968226444916752e+01
-1.862903721554904379e+01
4.490503650239297428e+01
-8.697476822941757746e+01
-5.684548793858613180e+01
7.055922448477343778e+01
-1.062479963535243570e+02
2.170575095309663638e+01
1.046336276853114242e+02
6.839618802724962165e+01
-1.026991534857423005e+02
-6.273277947206829452e+01
-6.802862338131502895e+01
9.726640074703792038e+01
-3.729668328206607875e+00
5.579012349616789379e+01
5.110560341149353292e+01
-1.926741303262379859e+02
-6.228818538873821531e+00
9.673427365837024183e+01
-1.263685263255491265e+01
4.897539223883767079e+01
5.494600059664533376e+01
-6.457797229606910605e+01
2.969139332973309919e+01
6.426248734331051082e+01
5.865450457463924749e+01
3.431838185772204497e+01
-1.030332916348305332e+02
-3.607898098025346911e+01
-1.019579852296958364e+02
-1.656682248463430938e+02
2.035844793548682574e+01
7.284327802522095396e+01
-1.022682578277127590e+02
-7.233899958229138782e+00
-7.845026308944210314e+01
-6.259539702903377645e+01
4.649145902902220229e+01
-6.308658173974950500e+01
1.076773866645075728e+01
-1.066471821391286170e+02
-1.292700052071868697e+02
-1.052703553387428599e+02
-1.063015475619402963e+02
-1.649464091120563296e+02
-1.074141713228712547e+02
5.803852362745159610e+01
-1.038982583766941445e+02
-3.301485659997685929e+01
-1.185060264348367198e+01
1.076359766225056234e+02
6.906805683333661250e+01
-5.130783650925744155e+01
9.588912696235617261e+00
-1.153351288352572936e+02
-4.647961667165384370e+01
-2.139351461833667756e+01
-1.065361843449855854e+02
9.227771410181158274e+01
6.423780381500621139e+00
-2.291291628130612068e+01
9.887200001137745886e+00
6.719615391247413250e+00
-1.681235961660937406e+01
1.248951195354721762e+02
5.952750945982941744e+01
6.825490245470294148e+00
-1.687460095133963023e+02
-8.654953770881152764e+01
-3.550522091410373804e+01
1.624445067775160965e+02
4.097089416756050895e+01
-3.173546634970282199e+01
1.129098183214593263e+02
7.596876237643492402e+01
-4.847266619593779780e+01
-1.288500997040765412e+02
4.861982019736765892e+01
-3.754460827357882557e+00
1.398644555782409782e+02
-2.931340173754825784e+01
6.440160810946895253e+01
-2.049680723484063449e+01
-1.018726552291605287e+02
-1.951751057281097701e+02
8.593041186155257094e+01
1.067269357790611508e+02
-5.385910822171173606e+01
8.066805509159313203e+01
1.194364795334039719e+00
-1.368671534430037013e+02
-1.196948810803344969e+02
-6.827818826371903960e+00
8.967119002799810445e-01
-6.905109965453047671e+00
-6.898040084989125909e+00
8.186101847523566732e+00
8.702655582539598811e+01
-1.346403807296139803e+02
-1.856821820752114434e+02
-1.785664258560426561e+02
-1.033367798744844634e+01
-4.492087946065397119e+01
2.256423259863352904e+00
-3.783766427693975309e+00
7.385074064979158948e+01
-6.757582006251223561e+01
-1.003334812614977380e+02
-5.050559195292169079e+01
-1.179659217548073542e+02
1.220819759270069227e+02
-1.918904197932159050e+01
5.421431712227071387e+01
-1.304536005454221481e+02
-4.700507674797535884e+01
2.649679904463930669e+01
-1.493259164897663140e+02
-9.654412664742072536e+01
1.742438637077066232e+02
8.816265829541954702e+01
7.177540749801367781e+01
-1.023305301769293720e+02
2.446354239795451591e+01
1.407147708831299155e+02
-2.212836437292124359e+01
-1.143081764046191893e+02
9.802388696832205994e+01
4.563191310952095847e+01
2.783027511017405331e+01
5.973454898840292060e+01
-2.106921594514979645e+01
5.466842233519227534e+01
-9.110701711714953888e+01
-1.262382768884147737e+02
-4.395508031458126652e+01
1.498910569859128472e+01
4.967856299188957792e+01
-1.486142233465149900e+02
-2.243715250187348431e+01
1.684769367126842710e+01
2.595708723353209635e+01
1.609385859732681183e+02
7.539338664484368735e+01
1.521605926395109236e+02
-1.449401361495993967e+02
1.040792238784839299e+02
-3.258449270770481299e+00
1.049301410444035128e+02
1.628949304955290245e+02
9.191637813596929618e+01
-7.586416623239594514e+01
-1.430969585110957496e+02
-9.741269163176248469e+01
1.127997647441589351e+02
1.266439446648031293e+02
-1.195525826347780907e+02
4.642867744469955227e+01
6.492999346211072975e+01
9.286928697986168402e+01
-1.254738729732563485e+02
7.896367091488163226e+01
9.678581382090214902e+01
8.143547647573988968e+01
2.118609454372084429e+02
1.566908443410258940e+02
4.739100478558010643e+00
3.385942605929693627e+01
1.163830978176713771e+01
1.795262161791977817e+01
-2.487515399720710363e+01
-2.049715717184111341e+01
-7.932157360629173759e+00
-1.024919427836649533e+02
6.710475086779039700e-01
9.601263275826248389e+00
-1.760061323306443981e+01
-5.393008758630080024e+01
-1.771867519429808340e+02
-8.649627475300924573e+01
-8.301603043849299368e-01
-9.333298532306632467e+01
-8.235469974873974763e+01
-1.918327012261234366e+00
1.307651537038410972e+00
-5.355081801476694636e+01
4.800691331924474525e+01
5.732640783223813230e+01
-3.439512817957158575e+01
6.809515010744652841e+01
4.772774598591773554e+01
1.345348732927464042e+01
8.456145074725189659e+01
-1.153357619757768227e+01
2.259919572468634641e+01
-3.778878867232209871e+01
-1.523942870731416406e+02
-1.195261092739886664e+02
-3.557927615959867040e+01
-1.599328639321222489e+00
7.958632359649575960e+01
1.947479673805545630e+01
1.011580327332725560e+01
-1.061793161652606585e+02
1.128798476949380181e+00
1.119073709048642939e+02
-9.382102170312724354e+01
-1.569447621103635626e+01
-6.140108834534100879e+01
-9.821786801100071784e+01
8.672787565534476073e+01
-2.371487676030439928e+01
-6.922261852743206134e+01
-1.689415787335907169e+02
5.662101675689005731e+01
-8.654101946347144292e+01
3.413145327856952349e+01
6.649638099412227632e+01
1.763404186622313148e+02
-6.418236297821494851e+00
8.149690348811182616e+01
6.041308509337144983e+01
-3.951569416483066277e+01
4.212603224998072449e+01
1.051112457369874136e+02
1.089692426606039817e+02
-8.327088305375687582e+01
-1.414741576492912145e+02
-4.177006408183304131e+01
1.094621924800367907e+02
1.340840882271632495e+02
1.621225959579948324e+02
4.287900650954113502e+01
4.785746039568887511e+01
-5.710115119843272424e+01
1.849347400397662682e+02
6.122687721305250186e+00
-1.743602041501546296e+02
1.035955683840949320e+02
-7.974535148658913108e+00
-3.043981253340830762e+01
7.451638768984086880e+01
-2.093565754491678632e+01
6.962685383418572371e+01
1.157533411995208894e+02
6.414282156541432300e+01
-6.789243903217827381e+01
1.443407053721818301e+01
4.663052128694899068e+01
1.059790007452853189e+01
-1.414408601348721461e+01
-8.852245954300333608e+01
9.055150500212093334e+01
-3.354856446263977432e+01
1.116720561356088695e+02
-3.737465149184376401e+01
2.539623714349095351e+01
5.359342365791924578e+01
1.001718793108262773e+01
-3.040199955900800077e+01
-6.542736687046460986e+01
6.038444072401756557e+01
9.840317787963050478e+01
9.350043869192175805e+01
2.633584474456351998e+01
-3.615843509529430833e+01
2.882393034907017082e+01
-6.181789779448777722e+01
-4.150296576799880199e+01
8.469676179665692928e+01
-1.515251804364179122e+02
1.268425163389410670e+01
-1.023379903772570998e+01
1.041518535504134135e+01
1.445826238707356381e+01
1.197224523235684757e+01
-4.067936070908235990e+01
1.316874012079038323e+02
-7.141813662981913069e+01
-5.407699754214948484e+01
1.324141642983402676e+02
5.497115288074733819e+00
-3.946393766930648184e+01
1.288054202042759400e+01
4.478506870419153074e+01
1.819729380915887873e+01
1.861567523647589724e+02
-5.710869996786432701e+00
4.671190246242811384e+01
-1.637492837456991595e+02
-1.196028921212497949e+02
-1.062083670541742322e+02
-3.399179328339016593e+01
9.244111893835595595e+01
-1.910103078472630500e+02
1.562647600006180255e+02
-8.825178785312057528e+01
7.312047073232545813e+01
-4.432687709245155361e+01
-1.284687580409724106e+01
9.574197692439095420e+01
3.137631604189474288e+01
4.231695037943619120e+00
1.486631604377586413e+01
-7.218766795523039548e+01
1.096017729061827310e+02
1.052710088281224472e+02
-5.109076700447613462e+01
-6.797596376347595282e+00
6.705898403046532508e+01
-1.208047559083522771e+02
4.361769890879627631e+00
-4.048974451385510065e+01
6.381996139454892614e+01
1.492279545081462189e+01
1.114778735947444801e+02
4.906156856528284926e+00
5.030401465717369547e+01
6.017582340872040447e+01
-3.753567851140509504e+01
1.357679633709581779e+01
-3.406582048792341766e+01
3.487373385360663747e+01
-1.560369832049231604e+02
5.567406795805908359e+01
4.926547207453119626e+01
1.762536834263586982e+01
-4.375859881162420351e+01
-5.800409821868819371e+00
8.812051964465256049e+01
-1.537231334379007990e+02
6.544432846881180410e+01
1.673644922740406287e+02
8.839112495776213052e+01
1.142155131228289662e+02
7.696955101036290614e+01
-1.683132101541344738e+01
-9.932184057362974272e+01
-1.904260974867494269e+02
-3.254381502029958995e+01
-1.224187458697372932e+02
-1.276301013312923800e+02
6.100000308684667516e+01
8.807448010495524215e+01
5.611858460098913781e+01
1.204507240384073015e+02
4.430350005168040894e+01
-6.385976364753973655e+01
1.124148350070663867e+02
8.843402948002296426e+00
-1.449708406632988158e+02
-1.477717312370316165e+02
5.136060119546883840e+01
1.084274801355038278e+02
-6.756040778440257100e+01
2.051612627963592672e+02
8.999235959941675844e+01
-6.787796601759892212e+01
4.793575350196018547e+01
-7.735545515295039820e+01
1.149686471120807738e+02
-3.572846246285798344e+01
-1.717679123757662651e+01
7.039383030106831995e+01
1.046108585602530496e+02
-1.588356569901018247e+02
4.376642557811745604e+01
1.135043820604426372e+02
-7.144228453017454683e+01
-4.850683245842447633e+01
6.319944735809097835e+01
-1.330786908982792056e+02
-4.369906777535219078e+01
5.507842825674885034e+01
-4.350879395450716913e+01
-1.298419712048020536e+00
-3.177803268447903662e+01
-1.072787855691717169e+02
-7.679039538092675343e+01
-1.621143010315586963e+01
-2.697484320234429944e+01
1.307994698409186753e+02
8.061229635546425243e+01
-1.181376922941980609e+02
-8.947644518516522538e+00
8.334873662503891012e+01
-4.353750720412840280e+01
-1.152198578562826370e+01
1.203031242611582314e+02
1.253748501323069178e+02
-3.597178588145507661e+01
1.117352118257452531e+02
-7.564351873696695350e+01
7.749831011316852880e+01
-7.310653184123503401e+00
1.064918037442890011e+02
-4.919549220349804841e+01
4.331716695567961040e+01
-9.991903692219299415e+00
4.654233728365313993e+01
-7.355817608480403180e+01
1.581471642976268654e+01
-3.519022509344769389e+01
-6.865784282078600143e+01
2.445552288988737999e+01
1.198972256653514634e+01
1.218655870062690525e+02
6.066467461057605703e+01
-1.042183712830647266e+02
-2.201043676584977860e+01
-1.268265654247353638e+02
1.735946904498435401e+02
5.291949442953483640e+01
5.554479604793767322e+01
2.717519122017173672e+01
4.175159426612804481e+01
-1.763254126155370116e+01
-1.257218583673185037e+02
-1.575738609210725940e+02
1.758731571349062790e+02
-2.715551245520159895e+01
-2.358697703946387847e+01
1.722292812871487513e+02
8.901378489327039745e+01
2.548848336261530889e+01
6.409768653266776539e+01
-7.274536859378713416e+01
-6.749800476004008942e+01
6.427996231362995161e+01
1.230814226433740117e+02
-2.786615663831151934e+01
2.353443860389980458e+01
-6.839723714638897611e+00
4.427774013342219916e+01
4.290973080316553556e+00
-7.945452869496058668e+01
-4.704538016807055101e+01
-1.241804898421864749e+02
7.702090280115726273e+01
-5.169898153691516995e+01
-1.703888248431274803e+02
-1.198146426804016187e+02
-5.198106108994705465e+01
-7.491243829413083688e+01
-1.063848153475420588e+02
-1.333814599552164282e+01
-6.648473319372719459e+01
-2.927882754348112826e+01
5.544426122737236540e+01
-1.810220409579119405e+02
-2.317168748888359886e+01
1.412431687650126548e+02
1.526649006260466876e+02
-2.359723941243683498e+01
1.687805821515360449e+01
1.326224118869050130e+02
-1.596675084213838431e+02
-2.839030069987614624e+01
1.424647724158338349e+02
-3.841569214417435596e+00
-1.092596083116133912e+02
1.199816786623795650e+02
-8.148055049700134589e+01
8.926886857599573943e+01
-2.056868388218942023e+00
-1.922088940496898246e+01
-9.115730727749394191e+01
7.291013986919540280e+00
-1.320348336480032003e+02
-3.486948186627613211e+01
-8.952948653326323836e+01
-2.977021507659592814e+01
2.230134077333947928e+01
-1.338176071489200680e+01
1.107824621640759588e+01
-9.951302506800757897e+00
2.339014988881226387e+01
5.812358889447992283e+01
6.963412226430151009e+01
-1.209600135214304117e+02
9.880820909067762159e+01
1.313658039724970195e+02
7.735944493906610653e+00
6.516902414557641521e+01
5.236705221480866612e+01
1.358935415948457432e+02
-1.357814768792521249e+02
-1.170409448288878025e+02
1.540968528034414931e+02
1.175722477084485860e+02
-4.611052785584925928e-01
3.703461304679311183e+01
7.849682655794244113e+01
-1.462973258418349189e+02
-5.345910136080675557e+01
1.250808591089904098e+01
-1.367755066056519695e+02
9.051235534994395948e+01
-1.219910913954211367e+02
-9.571222728798100832e+01
-9.951892042873119237e+01
-7.673115399794254188e+01
-5.754801632090140373e+01
-2.315845452452530040e+01
-1.195170736911451925e+01
-1.227700521859854632e+02
1.502879685146589566e+02
9.468289185546255737e+01
-1.646654609051081408e+01
1.419100784339551637e+02
-6.988250405848269509e+01
3.388701704908012857e+01
-9.061401877328533772e+01
-1.109511598033401611e+02
-3.254211330309676242e+01
-2.198065498593805387e+02
-1.051569451266013715e+02
5.298397847170273955e+00
-1.121650067649924409e+02
8.457177929284819129e+01
-1.381189882471215071e+02
-5.875119389850963358e+01
-2.265568682974884140e+01
7.418632836357683402e+01
3.850306526986463496e+01
-1.454345665006186437e+02
5.798141025798166481e+01
-5.148510705823532163e+01
3.668459425418105013e+01
-9.876686885479360001e+01
-2.167237915716541465e+02
1.439384800270406117e+02
3.794122277455404912e+01
-1.463774349143961118e+01
-7.821118980246746233e-01
-3.049003985763772206e+01
-1.009939882514137253e+02
5.257120871600249501e+01
-1.288740635494675644e+02
7.632686222655978270e+01
1.482680030563881246e+02
-1.233839369374831989e+02
3.105676479034196902e+01
8.776724329599029772e+01
1.448584874254484589e+02
-6.938678619725934027e+01
2.772254876559274450e+01
1.776609351780115844e+02
-3.291183423571683875e+01
-6.660338851428818430e+01
-2.242446400081210989e+00
-3.076398751182407310e+01
1.226336699531627161e+01
-2.212798984054333395e+00
-2.583630303353331925e+01
5.463525757937106420e+01
1.167089511596294216e+01
-1.411017534709937422e+02
-7.660357545212700359e+01
-1.105773200909869871e+02
-1.934389243428593659e+02
-7.908322893947105570e+01
1.288889337451829817e+02
-1.146682926565684681e+02
-8.363698148719653602e+01
1.655272458910013711e+02
3.737351853270152446e+01
1.629727422451174235e+01
5.473215558653747870e+00
1.723822568677073548e+02
1.795283140696778901e+01
3.233672602451238731e+01
1.067181418214835418e+02
1.399843136256277987e-01
3.116015013334879669e+01
-4.888852519163758359e+01
5.215858130275388049e+01
-1.556082876645016029e+02
5.522808417023340866e+01
-1.661620272289925992e+02
-5.838937757182821819e+00
2.942419264445365101e+01
-6.185039769903869455e+01
5.998899414694803056e+01
-7.844091368647494456e+00
1.624097465074486877e+02
1.555573399017450242e+01
-7.748942004187476584e+01
4.456265800178660186e+01
7.972631894629166993e+01
-1.415890965377634458e+01
7.204697565153688288e+01
8.922797908975727665e+00
-9.318628477069533744e+01
-9.465595178389731856e-01
5.695475858845519213e+01
-4.092989780525984855e+01
1.089027859526332165e+01
1.434265297307726144e+02
-3.344657790112841589e+00
-1.764261683176742963e+02
-3.130959928929318536e+01
-1.058610213546703704e+02
-2.227565086622393764e+01
-4.250780329137399605e+01
-3.042401609472037549e+01
-1.951154073121705608e+02
-3.300641350677592811e+01
-1.062379660242589523e+02
-1.048941766104856725e+02
-4.220636191382594404e+01
6.010704903816754552e+01
-6.229590285063523680e+01
-4.893805528559719420e+01
-6.657103334916045867e+01
3.155606877949820976e+00
4.138567327952635821e+01
7.614538870287687189e+01
-1.121751717909866954e+02
-9.509949479805686678e+01
-3.604314130200947375e+01
5.083037149207841310e+01
5.615934519122700408e+01
9.981999547394281080e+00
-1.922344337771099987e+01
1.321692973410065619e+01
-1.644955628991580809e+01
-9.726925348567138485e+01
5.438338770898536723e+01
-1.563092454871185168e+02
-7.748903062382404450e+00
-9.185836384912401797e+01
1.917274689974044222e+01
5.439246200370619988e+01
-2.082007710802753024e+02
-3.514011203180436382e+01
7.104773474914264852e+01
6.477394903116960734e+01
-6.415460139875885659e+01
3.505511301905433186e+01
-1.166449703290250142e+02
-7.044455130236002560e+01
8.319694803801543515e+01
3.319494314110895772e+01
-1.611022287179307568e+02
4.680754012416772980e+01
7.577172310871932837e+01
-1.333805248871081801e+02
-1.458680227380135719e+01
7.189278534925489339e+01
-1.805204032815444393e+01
9.872235342967331917e+01
-1.845603700394442370e+01
5.253058750942777522e+01
4.616384806759123904e+01
-2.300211860328328584e+00
-1.653824588150468173e+02
3.758614355830836473e+01
-1.558736313091313619e+01
6.845098664969269997e+00
2.886011853481845790e+01
-3.084007449058138661e+01
-3.788770476291331590e+01
3.567695591886841555e+01
-6.377772667950009833e+01
2.483574707491334621e+01
-1.022535429818029371e+02
-7.565776114311293554e+01
5.063164278080293457e+01
-1.122456022401363498e+02
-3.173865444878263631e+01
1.333872874973885700e+02
8.563576625148063215e+01
1.485244292250249742e+01
1.661861313921147598e+01
-1.834382112041810160e+02
-8.507862865358234217e+00
-3.448743993798429130e+01
-7.549161284997308030e+01
7.461260851079262579e+01
5.206613207257819909e+01
9.701501770210923326e+01
-4.411441856522221094e+00
1.115624861114083473e+02
1.409173044369510706e+02
-1.922139197352728601e+01
-2.070724750422553839e+01
5.550011515768983372e+01
-9.705269115236883692e+01
2.725625783632881749e+01
-9.334116322424823409e+01
7.033267747164023831e+01
-1.628385304872265067e+02
-5.557391809479437939e+01
-3.894407945043568731e+01
-9.638039591464281131e+00
2.878336623862234589e+01
8.832177309472756122e+01
1.652672715987040419e+02
-4.404095619584680321e+01
1.948498916518773285e+02
-8.141168418113586824e+01
1.323025843729121789e+02
-3.908844915518857022e+01
7.336311306145512390e+01
-1.095522708962142246e+02
-8.280189884753387730e+01
7.354773501631416188e+00
-1.608161840439005452e+00
3.540324618144562407e+01
-8.480907468781916236e+01
-4.726572749364821391e+01
5.690128593133863433e+01
-1.535521901937368838e+01
-1.717797349087912266e+02
8.671502310630353350e+01
6.448002275807513684e+01
5.761187864286020499e+01
-9.112068853772582600e+01
-1.133094714404087000e+02
1.657671604773540821e+02
1.365225014079487664e+02
1.095318561634639138e+02
-2.589782601895566216e+01
-1.129369659580036398e+02
-3.890598690340119958e+01
-1.310182905736282351e+02
5.251805197367793454e+01
-1.340597001511436304e+02
6.390730589525118432e+01
-9.968032786986974259e+01
1.780250029196771493e+02
-7.595219025173611271e+01
-5.082376921268630809e+01
-6.528972734475196660e+01
-1.189158135190254839e+01
-8.996365588438375482e+01
1.759134221354377416e+02
-7.767044876557322652e+01
1.023811546079188304e+02
7.867907981619580937e+01
9.624807869271090510e+01
-7.348631022410062030e+01
1.396067868988832217e+01
1.718628256181942504e+02
1.320663606441747504e+02
-1.872160431166429717e+01
7.761016549358625127e+01
-2.890207653913163455e+01
5.857511469729146825e+01
-4.015644411969508809e+01
-5.844294440442443772e+01
-1.696721063630147626e+02
1.244591709105841488e+02
-4.603411920228062115e+01
7.043678368904643605e+01
1.146762978953748444e+02
-9.418799398012346558e+01
-4.327277607198676890e+01
1.577780917400408782e+02
8.186215588902298634e+01
-1.247834596127452897e+02
7.607909101170854171e+01
7.921929618429348174e+00
-2.898367268562675036e+01
-9.907955583877844674e+01
-8.778583809175746921e+01
1.604375762975653572e+02
-1.095975982488497351e+02
-1.395171210541382933e+01
-6.831439295960080926e+01
6.663409088322769946e+01
-1.731615802069988490e+02
-5.210020236459261156e+01
-9.528646263265652294e+01
5.092834353087940968e+01
-8.763689182836697000e+01
2.022104505572999855e+01
1.093576685495531393e+02
-3.862749230968211833e+01
1.014786558062883159e+01
-1.490466657744219106e+02
-7.591553378765236459e+01
-4.200445449683715538e+01
-6.421450095118832735e+01
1.151379374917375316e+02
1.219917018504486776e+02
5.400688321040187923e+00
1.519129995719067594e+01
-1.246810742972095909e+02
5.603748424773279169e+01
3.698220749086426196e+01
-2.354040453510302200e+01
1.565930204890951671e+01
-2.315919646517412644e+01
1.775187059429401302e+02
-8.662305071684046709e+01
-7.881702910630717440e+01
-7.492253960016715553e+01
8.084433478107116855e+01
-1.303774914087992443e+02
-1.388807505211989053e+02
-6.728835965395603580e+01
-1.953166314555154770e+01
-6.303175991016090052e+01
-9.237860037538588642e+01
2.852764191928160997e+01
-1.132978473170892286e+01
4.030520915428864726e+01
4.347376970228973647e+01
3.005177880392206013e+00
1.423131080700323423e+02
5.773258188811620073e+01
-1.168898961737731526e+02
8.788896758540492726e+01
-3.280313304730502466e+01
-4.656686975005894880e+01
-6.697002029988595950e+01
-2.240667116264499725e+01
2.100047082978092661e+01
3.111183919468236425e+01
1.694867861281195758e+02
3.935371142641049858e+01
-5.840208697421024908e+01
4.243959179388266278e+01
-1.043956395597231648e+02
-3.712110389996666981e+01
-1.575482388907510867e+01
1.540268842938071536e+00
4.894023512203649773e+01
2.317137660455644621e+01
1.094366986188412838e+01
3.113621443821373092e+01
1.190759425618518996e+00
1.521933124716508416e+02
-6.195657582724805934e+01
7.311057230718103028e+01
-1.576702336391470567e+02
8.302360589391564361e+01
-6.290762252434188895e+01
-7.895606069531511650e+01
-9.466631045582726500e+00
-7.274672602667908450e+01
-1.475948131039855937e+01
4.046657040342338973e+01
3.104655768899212021e+01
-5.266524094217174223e+01
-2.872155281783212999e+01
3.524186028324829323e+01
7.901869147026705775e+01
-1.717615039506913774e+02
5.275175107885551284e+01
7.577133490308087005e+01
6.025542028642568937e+01
-6.730879707633906150e+01
-2.521157291413136292e+01
6.274872625908878376e+01
-6.959489487491002535e+01
-9.733149749424103447e+01
-8.590667984358519504e+01
6.096334406951461915e+01
9.311425929146790281e+01
-8.555788424518478053e+01
-1.912559981480132265e+01
-1.199023796987853530e+02
-9.748615514948720318e+01
2.573900781878964317e+00
-2.348682676481675102e+01
9.594291209332128290e+01
-1.143612636782334278e+02
-4.066288733122186017e+01
1.091379615253396622e+02
-4.981733169964363839e+01
8.103702822724972776e+00
-8.418545607779677198e+01
1.034354933485896666e+01
-8.238764099373727845e+01
-6.157056284957170078e+01
-7.787432320833320887e+01
4.438422966922352231e+01
-1.485846856691517459e+01
-2.779331876702424609e+01
-5.110147750472687989e+01
-9.035320846902438063e+01
4.935256776021802239e+01
-1.978096752102164260e+02
-3.740070221239337656e+01
-7.419543018266911361e+01
5.833461982798682754e+01
2.621150232302447947e+01
-3.103498043732752265e+01
-7.726175815021267113e+01
2.941170070106489831e+01
4.379030691853452595e+01
1.031961562953798932e+02
2.833718010868383708e+00
-5.897430029661811091e+01
-1.597451279399937718e+01
-7.902907949912133745e+00
-7.493045528702705838e+01
-1.503692753877406858e+02
5.009722101834137931e+01
-5.438810544294707938e+01
-5.364170634156668882e+01
5.458317973338849782e+01
-1.210230607650834855e+02
-1.223465932747911609e+02
2.100267038263854502e+01
-8.575669407854387316e+01
2.428282697902915643e+01
-3.934014997698814398e+01
-1.104622343941503999e+02
-1.954694959729456727e+01
3.571749014214697837e+01
-6.623845434328698900e+01
-1.820719414014027677e+02
1.643735684029271908e+02
-1.995074688631003710e+02
3.836035822670726070e+00
4.244708978911761932e+01
-2.838607643894809485e+01
-1.924523546231433500e+02
6.702942157174173587e+01
1.140036917487175714e+02
-2.165340826230813676e+01
-1.055346496667018528e+02
1.303250541285881425e+01
1.083042883534082250e+02
-1.553876720400271836e+02
-1.412826101245593975e+02
-1.814452586487079486e+02
-3.920805033866982825e+01
1.292518508065911931e+02
-1.495760608220617982e+01
-1.028456816063968091e+02
-1.670881853475801648e+00
5.557532510390732483e+01
-7.874809304332319471e+01
-9.898764891383544651e-01
3.862151421322231215e+01
6.743462271337041614e+01
-1.977532354658973190e+02
1.116676530019681621e+02
-1.349906824468998252e+02
-6.303266029562166750e+01
3.610448663199774444e+01
-1.198817265805741812e+02
5.081417740268208405e+01
1.269349158124856203e+01
8.851812614129900680e+01
-1.410043138399482743e+01
1.055591938873036355e+02
9.078700832954979205e+01
3.016592858320357706e+01
-4.520490661405436583e+01
1.009335815936717751e+02
1.213975311898890794e+02
1.921103819187420214e+01
5.150738950033381514e+01
5.066612654850751341e+01
-5.567564627978146063e+01
2.665484670580386606e+01
6.339905177563231575e+01
-5.006077335179807619e+01
-1.283264705204249765e+02
-1.433661870295903782e+02
-5.065255702272195037e+01
1.896978838818918334e+01
-8.110813039835873894e+01
-4.473018422027906382e+01
8.421241573801971469e+01
-7.634240353949459745e+01
2.309718012715411461e+01
-7.530979630190702778e+01
1.613365774743894860e+02
3.912552326373268130e+01
1.149302089550185357e+01
6.260049994004357643e+01
-6.712916693684125846e+01
1.511319354116551210e+02
-1.802936429864390533e+01
2.950440719152701163e+01
1.903104626161175190e+02
-1.031086725057623994e+02
-1.133207003950807490e+02
6.680272124043419524e+01
-8.370957009991127507e+01
1.679138699416535729e+01
1.612364440439572491e+02
-4.260525043707823301e+01
8.117437172704654813e+01
-3.260768872057562362e+01
