-6.251935919626335547e+00
-8.515755863139705895e+00
-4.688251760675862911e+00
-2.809002364807296814e+00
-4.629159112392996711e+00
-1.300605457267615117e+00
-6.170044726538207236e+00
-1.859149695696923033e+01
-5.934510983467064626e+00
-7.831521106714397717e+00
3.256434990097593740e+00
-5.743107267002559801e+00
-1.110816933429761377e+01
-1.001489238049354746e+01
1.311982752103616612e+01
2.159045396463399769e+00
-5.204228924879592988e+00
9.488222782365445696e+00
8.382713030898610640e+00
-1.242243956652263392e+01
-1.726145558414287606e+01
-1.925704395500953181e+00
1.505481728717239287e+00
1.675392718679663551e+00
-4.215901973088595156e+00
-1.167727587826449209e+01
-9.021969125038165060e+00
-6.911315928149630583e-01
1.259359478937849275e+01
1.857292399008786177e+01
-2.734354533921133701e+00
1.769683837522482150e+01
6.999566900117599744e-01
9.181437792037883128e+00
3.597227114114376789e+00
-3.142694997287110770e+00
1.301111421377442490e+01
-6.670275390732620657e+00
-5.133156996347842060e+00
4.283889782970450533e+00
2.397245588245587911e+01
-1.697219200678158346e+00
-7.237654731831646426e-01
6.815342644765193469e+00
-4.037541866509497979e+00
1.449609213392022866e+01
-2.042693324649491160e+00
-7.603738421173018569e-01
-1.063318253380508693e+01
8.318564980538344145e+00
2.463290743792585502e+00
6.871632440338465209e+00
3.037108537584902734e+00
-5.849116231734854399e-01
7.286574177659307594e+00
-1.326458901834377180e+01
2.079849575030462105e+01
-6.525418923881238786e-01
2.631145575421818816e-01
4.001438878997280568e+00
1.029584706180907361e+01
-9.679747645127630307e+00
-9.879383522512661386e+00
1.192143129277459046e+01
1.255877013832651912e+01
8.353215746762154836e+00
1.081339060728233292e+01
-3.770272853773557031e+00
-6.404950475584379355e+00
-1.870142552770902800e+00
6.256530845624739268e-01
5.215232251442534661e+00
-6.247829772324744901e+00
-1.254842069608269206e+01
-1.730390379958646818e+01
1.344398265358846878e+01
-1.363468838047363363e+01
2.558358969903540725e+00
-4.591376019806944875e+00
4.879571532988498106e+00
8.779634724039306448e+00
-9.754894184972908278e+00
-1.343428751972958679e+01
-1.911922625039568402e+01
-4.880146183161384044e-01
4.647180852554562591e+00
-1.144958671156393493e+01
-3.913674094600847475e+00
-1.031663136960583671e+01
-4.036603781078421882e+00
-7.571095058934265154e+00
-5.675513192050319233e+00
1.609842093208809999e+01
-1.063721618620922094e+01
-2.256685432498416688e+00
-4.467912844387003979e+00
-1.029998363915311899e+01
4.715760954368064084e+00
1.211588128901360939e+01
-1.108296987234173514e+01
-1.420043912249374785e+01
-9.823134203964423605e+00
-4.972003524894105797e-01
1.109265507668800943e+01
-1.065130336767821362e+01
9.239743211479499507e+00
7.458415780572245080e-01
-7.178167094780046220e+00
1.158950907088404136e+01
-9.449029731892085948e+00
-1.506741420389328123e+00
-9.375948638498400101e+00
1.039816140200691130e+01
1.313035959794221874e+01
1.641659209076046366e+01
-2.332956184686790557e+00
6.867564359982060829e+00
-1.413808396822830815e+01
-6.527224809422501828e+00
7.745156369557766318e+00
1.045731722685180820e+01
-1.311870734174245046e+00
-1.681431533884994423e+01
-1.994250236901762463e+01
7.321198457532209325e+00
-1.939418512563313657e+00
-1.519024165540537297e+01
1.577379924213775375e+01
-1.499476512540944739e+01
3.161819598933315589e+01
1.448163712890134747e+01
1.711625984751638629e+00
1.987762355292461436e+01
1.992604696413943799e+01
-3.277342153189023999e-01
6.272968728569035868e+00
6.355008104037760397e+00
7.552454284895378400e+00
-1.973695061876436796e+01
-4.268604830002754369e+00
-7.090858829656132123e+00
-8.148757057338299248e+00
-4.902085461217859041e+00
5.321349979092151905e+00
-9.139502083447510472e+00
2.140584794240666966e+01
-2.787056213500622159e-01
9.547366707555136056e-01
-1.048869505505636290e+01
-8.195707109623487696e+00
-9.485559224126269839e+00
5.107293914318674410e+00
1.285279819588444816e+01
4.896917680863636768e+00
6.592508571482897040e+00
1.236341122541269755e+01
-1.293368538054496142e+01
-3.554062325078124474e+00
8.140195890126159739e+00
-7.459915701480935191e+00
-5.984015100928854025e+00
6.051869939812362986e+00
4.330803151138726270e-01
-8.070365570495075858e+00
4.450596158333046226e+00
-9.418781467591626821e+00
-7.102862977308800119e+00
-4.933710424799657268e+00
8.968711508952102562e+00
-1.837400156471513446e+00
-2.530573107081696804e+01
-1.140277701153535261e+01
9.278240052563828666e-01
1.704567406828438081e+01
1.009442643159418296e+01
9.313688519068785254e+00
2.383761950631366133e+01
-8.418672869581826035e+00
8.158846947604562416e+00
8.589774228430027136e+00
2.205995795938128978e+01
-5.248550319278120213e+00
-1.850182854745146654e+00
2.164836781089055862e+01
1.190687295852760563e+00
9.524429933155390771e+00
5.595920045051700598e+00
-1.754234031182731002e+01
-3.240774676072808003e+00
1.934606435083227183e+01
-8.862557796694982670e+00
2.219434815185421073e+00
6.750729569441727307e+00
-3.078918990273012746e+00
5.639964143099941651e+00
-1.656015180687373345e+01
8.352148736944206675e+00
4.072564833554627839e+00
4.850017898693822715e+00
-1.632866300851314989e+01
-6.388636222197521697e+00
3.901755889209967965e+00
-7.691678576830708103e+00
-3.026776480079634979e+01
4.833761187567428230e+00
9.464238104946918195e-01
5.063274667997181844e+00
4.871810271074365595e+00
1.133616078415828810e+01
9.807292115105310515e+00
-7.448867523784159950e+00
1.712405256975088053e+00
-5.116241507432990332e+00
6.519403799819250445e+00
-2.399746038703960416e+00
1.303392417531172853e+01
-6.464477881847430218e+00
-2.738805025472125898e+00
-1.801150498154148738e-01
-2.340082934427637262e+00
1.511396698669322092e+01
5.554179718608300842e-01
-2.807116758822910896e+01
1.117982096620823818e+01
-1.799920693563512586e+01
4.267258690501997798e+00
5.668176706493909478e+00
-3.306234021979949311e+00
-4.460922069188513639e+00
-5.055225421202798941e+00
-1.265729361690453691e+00
3.571934060330224980e+00
-3.740651918914715601e+00
2.312061838389733559e+00
1.413453815464572116e+01
-1.734815864766664362e+01
5.488479962788657129e-01
9.255476937693336570e-01
7.705643521607187907e+00
4.067831023138155366e+00
1.449384343485823656e+01
1.415341399879732620e+01
-1.273391614534988925e+01
-1.478893950668646085e+01
-7.125407821347041981e+00
-4.760124717908881031e+00
-2.210900999605037498e+00
1.038957462852933844e+01
-4.915191221314153758e+00
-1.643760915326737049e+01
-1.403130429011850744e+01
-1.917395606762482219e+00
-2.080312020952102259e+01
3.750936127603939352e-01
-8.957536626052711171e+00
3.394487365819780500e+00
-1.753477089251864385e+01
-1.242818531233946011e+01
-8.337974364138650785e+00
4.659395358628091621e+00
1.462104811999983056e+01
-5.471482468574433433e+00
9.461535563962752970e-01
8.085878792866868281e+00
1.792340311095230732e+01
7.113146829805251592e+00
1.755845601560951863e+01
-1.438236456070394853e+00
3.093799127142118799e+00
-1.530653351733338496e+01
7.505158297045777083e+00
-1.297561094616211008e+01
-1.475041494363369177e+00
-9.131327689852280827e+00
-1.308022974683965778e+01
-9.444765256333575110e+00
2.039916009034300259e+01
7.832417930956201424e+00
-6.046128294319196961e+00
8.576056791294892179e+00
-2.411805811988098736e+00
-3.179372568127519116e+01
1.888001937348943571e+01
1.734772934503930886e-02
1.599007288173429053e+01
-1.126846539514234991e+01
4.148073018440107340e+00
1.994163438856464765e+01
1.269400619044458622e+01
-2.501277656634998681e-01
-6.448477092781962128e+00
8.103461693102298469e+00
3.426620333215971037e+00
1.248644705862739235e+00
-6.658598439898710808e-01
1.356562321276948646e+00
-3.591491338780058662e+00
1.599807127311578903e+01
4.910399943451069227e+00
-4.407058293927876846e+00
1.084968353476344305e+01
2.690749821723998014e+00
-1.683398962894076689e+01
5.055958672791086350e+00
7.752619490697320259e+00
1.397728774587143263e+01
-2.109338075518904176e+00
3.222047301547907416e+00
1.461042131819763057e+01
-2.877978276499244981e+00
2.723043865362637206e+01
7.253773818473431056e+00
-4.416598690433777286e+00
-1.786810392534935588e+01
3.502964119568513723e+00
1.196079685890996558e+01
-1.254467262854194054e+01
-2.100706293026188121e+01
6.188403609670712235e+00
5.177966057583858195e+00
-1.145182135872933848e+01
2.530546583349754464e+00
-1.145179402392403034e+01
2.043028315903925862e-01
-9.815234332762541314e+00
-4.335641349522322829e-01
-6.293465007611932727e+00
1.701486889398634572e+00
4.606452634366579701e+00
1.475014783473976188e+00
-5.478963163219325416e+00
-3.576000879333950166e+00
1.223771224908216437e+00
-1.876367387147307886e+00
-3.641699956618113188e+00
3.142805037879847774e+00
-6.422381698307622955e+00
2.639788807986859354e+01
-1.677822980285959531e+01
3.331425798623505408e+00
1.423662516270851697e+01
1.860091269505131351e+01
1.620812399025482620e+01
1.095422352981289471e+01
-7.260430239245843076e+00
1.274823480832028677e+00
3.860279839877973185e+00
7.536999221853265318e+00
1.549510809450433158e+01
-1.738856606724749199e+01
-3.782765000746667106e+00
-1.723404359060101498e+01
-1.010579443155797641e+01
1.020814208185830552e+01
1.543341049463306902e+01
2.357443129138750315e+00
-1.444001609604393188e+01
-7.420569643343538857e+00
-1.146392167578718646e-01
-2.377952526079969076e+01
-1.289010070180880874e+01
-9.965270842811259300e+00
-6.948538414620561987e+00
1.875079854106173727e+01
1.073891394727938042e+01
-2.669699358468850203e+00
-1.683151925280206385e+01
3.454169481340520775e+01
-1.846622658959586216e+00
1.097736837168471880e+01
1.764086196991106803e+01
4.524758741740427581e+00
-1.145023272855369001e+01
1.010713899444332853e+01
-5.001450046195805577e+00
9.948714110968364110e+00
-3.151071337009024642e+00
8.707107482828907452e-02
-3.853778730398756736e+00
5.280855249155719910e+00
-6.028939231331984061e+00
-3.667638560101462275e+01
-1.294106560441205289e+01
-1.463971321227623079e+01
-9.326677380041969556e+00
-2.518722085821143430e+00
2.723315079574065933e+00
3.026550394677335554e+00
1.816659803690312813e+01
4.877587705852815425e+00
2.386423035856057862e+00
5.348231562866767597e+00
3.705957638354373085e+00
-2.480694087978085438e+00
-1.777665868072915956e+01
-1.157124887619049503e+01
-6.308715638535270287e+00
1.920641124161301505e+01
1.475784737017910020e+00
3.628101834456047836e-01
1.729195558809238875e+01
1.279166329115329859e+01
-1.057951764810031747e+01
6.402475329686788008e+00
-7.983655387960072680e+00
2.122750997669947992e+01
1.215860048030788754e+01
1.062999324337179807e+01
2.437623167614883712e+01
1.130550626628904176e+01
-1.806994870898136440e+01
-1.032499723460549967e+00
1.077318501055534838e+01
-6.898236463045136269e+00
1.907121003560385830e+01
-1.919144901794231828e+01
-1.088970069439762511e+01
9.065215723874445075e+00
-6.177559210077715690e+00
1.713143009555423646e+00
2.352810926542615988e+01
-7.220796349624568400e+00
7.637414764796835343e+00
-1.137701698944274087e+00
-1.088449865311888409e+01
7.105634947572338156e+00
-1.678696645719427893e+00
1.229814824506462223e+01
-1.598717045797556224e+01
2.223011054678488030e+00
1.652706735676045113e+01
-5.310293778385156926e+00
2.085751154346950464e+00
1.245775194868594937e+01
1.247843249770179241e+01
1.142786308853927046e+01
-7.096859850556374028e+00
8.726759274945418809e+00
3.911542475759993920e+00
3.240682394073556960e+00
-1.855409650561822943e+01
-1.375314426474687757e+01
1.595173513568002122e+01
-2.081905805515676988e+01
1.332590103296404038e+01
3.703761885837224987e+00
-7.411072876777957674e+00
-1.304949170064809572e+01
-1.320280999017975887e+01
-3.632746342878539814e+00
2.143897924147657896e+00
-1.482953317686150108e+01
-2.188330917893815730e+00
-8.290034028760304707e+00
-6.161776781206328657e+00
3.265855292705513335e+00
-1.491748852683237558e+01
2.213214527167263412e+00
-1.544098173944739694e+00
-5.632688003767682083e+00
-2.042116557722099301e+01
-1.552895365055839960e+01
-9.501742973813380289e+00
9.015285035892343757e+00
1.754151949317389025e+01
-8.201041781598362945e+00
1.833569904436784581e+00
1.988512136046601242e+01
-3.686829542837855023e+00
1.893924966582629565e+01
6.737794977020445053e+00
1.164070960547863010e+01
1.767291987619780569e+00
1.429228832409936700e+01
-7.547080810648719940e+00
7.670101198804894160e+00
-2.057053320933348672e+01
2.144863187513009528e+00
-1.225690470207504390e+01
7.091919673979043104e+00
-9.463393665948956368e+00
3.654689902145523472e+00
-1.024376747522971920e+00
-1.356016797580082844e+01
7.186642426656115745e-01
-1.241134316727423226e+01
-2.173508002374576975e+00
-9.972027146899938188e+00
-1.744044497792937776e+01
1.367022320847705608e+01
1.430161043691602707e+01
-6.029333877118241425e+00
5.864008300809197216e+00
3.781386016547475748e+00
-1.619813445377561578e+01
3.773311005418493735e+00
-2.295699050658343676e+00
1.249769359953238990e+01
1.651886321910104760e+00
5.421769307941899818e+00
1.263499691986230467e+01
-6.277794265211102065e+00
1.089321273620658914e+01
-5.135015459722745312e+00
1.792116175721711357e+01
7.332570153443845662e+00
4.155154396389083793e+00
-1.199992495356587163e+01
1.538321205031999739e+01
7.468675407785091203e+00
-2.258575887499636892e+01
2.243155173705991157e+00
1.767831067619206209e+01
-1.295838029158493931e+01
1.779169581202353134e+00
2.470217291390640835e+00
-8.914557305569685397e+00
-3.068218896934419959e+00
1.176942428002495689e+01
1.792586457625170127e+01
1.527676676076508144e+01
-8.921887114691113396e+00
-2.097179700083669829e+01
1.447883148828469047e+01
4.611898256394232121e+00
6.986879932355433809e+00
-8.951547770299203677e+00
-8.671432103673055725e-01
-1.445247764001163171e+00
-4.125619229129705801e+00
1.123334051712299875e+01
2.025271387670256118e+01
-9.838552501224640423e+00
1.989781065615837119e-01
-7.310495681424494130e+00
-9.287531509691671516e+00
-2.279840289819626165e+00
7.280759418825715201e+00
3.266536005711771651e+01
2.490981230348068287e+00
9.130506293923456695e+00
6.233315302525451962e+00
1.229852795083744432e+01
-1.483096223866853691e+01
2.064924274748223820e-01
1.684901539144955995e+00
1.751084523152980665e+01
8.043217172747958443e+00
9.256991801790210417e+00
6.024471191004117099e-01
1.464890184557144437e+01
-1.098249241400716336e+01
1.225218791344320479e+01
-3.749683878428072159e+00
-1.422051374559547554e+01
-3.029698409408731585e+00
1.831372268037414841e+01
-3.012097999222220768e+00
1.905239062140967121e+01
1.070325712762825532e+01
-1.960211895281640082e+01
6.749609257529453288e+00
1.021597964534400305e+01
4.016479875584016423e-01
-1.593906920043175690e+00
-7.575997405064891055e+00
-1.179774291328500091e+01
-1.354797171684931278e+01
1.825815304806727379e+00
-7.508177526435142468e+00
-2.424817783960396156e+01
8.901282682953286951e+00
-7.725302823228272331e+00
-2.093818069376272906e+00
1.007234906971582911e+00
1.042535058044119722e+01
-9.458798713916758416e+00
9.603308878614306821e+00
-1.190278493195550569e+00
-1.997260638472208782e+01
5.517239539776150892e+00
-9.665721229133225734e+00
1.071464286104419728e+01
-1.391782148935151397e+01
-8.056211694765620379e+00
6.208257280382039944e+00
2.916406244617961363e+01
-1.726885272896937806e+01
-4.563635013403423812e+00
1.930623565605374026e+01
-8.726910274029508585e+00
-1.082648643475114980e+01
1.023648574025929037e+01
-1.628990730041127222e+01
-2.079732221303877893e+01
9.990221099899663670e+00
1.113286661851387649e+01
1.654904055292601228e+01
3.693421384146425179e+00
1.599587589072248406e+01
1.024953018174918107e+01
-7.275330230224002825e+00
1.923119897548677315e+01
3.869917879926876747e+00
7.696991719154712364e+00
-2.508699833530448231e+00
-2.512224499406021216e+00
-6.012969348501430389e+00
1.876788433681959845e+01
-3.841727578985140723e-01
5.237009063143132970e+00
9.116601664811845307e-01
-4.627808912141589737e+00
-1.884363571448421837e+01
1.483014784493295712e+00
-1.077198099596803971e+01
-7.103553474926060041e+00
-2.071267815489258268e+01
1.399980204285919072e+01
-2.161062210179944820e+00
-4.600837913568068593e+00
3.656004591618707167e+01
9.899873749221587360e+00
1.495861920009926394e+01
3.718161686028141344e-01
-7.846940696315300556e+00
-2.458864527273178524e+01
9.620838717442124377e+00
-2.785002059467023727e+00
8.067583533287729480e+00
-8.991991672889605880e+00
-2.035304605241501363e+01
1.997898114432332051e+01
3.035220746777644862e+00
-9.212785771441009075e+00
-7.692839934458143070e+00
6.880278519816100946e+00
-6.451614667293124050e+00
-1.966300026585944494e+01
-1.082589864329278839e+01
5.589746364038518323e+00
4.541533668736282614e+00
-2.602916682487681932e+00
-6.881106221024654523e+00
6.137351931408480787e+00
1.678096796746261887e+01
-1.728486223012341449e+00
1.561496512895161892e+00
8.734570837392443110e+00
-1.989783809927428138e+01
9.872574240511898580e+00
-1.562570628219765112e+01
-1.074430250272737375e+01
1.578101302668992112e+01
-2.446994404348767471e+00
6.734581037061507125e+00
-1.267713177469236818e+01
-2.993718352567107388e+00
7.443085398868045655e-01
-1.451646293123410425e+00
8.246467138640362293e+00
-8.289165454625269103e-01
-9.534039610449946966e-01
-9.081208682865096193e-01
-5.876013207872141653e-01
9.583890373761617454e+00
1.113444624237935443e+01
1.386491414388489041e+01
-8.283581602715621273e+00
9.542459900590822386e+00
-1.399647280876489397e+01
-1.877092584070182824e+01
-7.680380731827298746e+00
1.188740575997303317e+01
-9.800021412052892344e+00
-1.161968231524280704e+01
4.035302323230774313e+00
-1.063212468528607424e+01
1.108322300817214945e+01
-1.467958045999957228e+01
5.856067216791582375e+00
-1.360577680676047763e+01
7.853322544645023662e+00
6.173727632133200416e+00
1.878422028622377837e+01
5.836841283186365636e+00
-1.079047805802719218e+01
-8.228365491044250746e+00
-1.543123163439544143e+01
3.863656304337413694e+00
1.469937217794080553e+01
-1.537711121838718142e+01
1.316399204088670949e+01
-3.522281818040973178e+00
6.111225436299909664e-01
9.597704037699683610e+00
-2.106013932206824890e+01
8.081918892862677950e+00
-7.082659177412002016e+00
-6.856361559135790706e+00
-3.697181343145143906e+00
-9.312621886802231685e+00
1.782032834426857448e+01
3.181703288326536594e+00
-8.412866678488992278e+00
3.448126651514184715e+01
-1.033797669876021708e+01
1.590675168618831847e+01
-4.240184090304524922e+00
-1.234870711330615478e+01
6.568709715513675107e+00
9.073073461139196993e+00
-1.118566669846368278e+01
1.530986811644731205e+01
9.422623656574916851e+00
3.622196136448247472e+01
-2.117690458099437834e+01
4.290540608850344495e-01
-4.019342018662500848e+00
-5.773161278402836771e+00
5.753818786392494999e+00
1.082952568708332564e+01
-1.078081738506144838e+01
3.082946179696993916e+00
-7.038176781289332773e+00
-3.469091111982469222e+00
-7.277992348223043528e+00
3.684984244166306411e+01
-1.086929031031257153e+01
1.607250738554257907e+01
-6.282419638653454541e+00
-6.570069102023423646e+00
-2.041914678486638834e+01
-4.137784926203693203e+00
2.293696992431014792e+01
-1.064824559442470786e+01
-3.421149726064885432e-01
-2.697632221632501981e+01
-3.032711958453567291e+01
1.107426925898263304e-01
4.418735186432643514e-01
-2.603358714824097753e+00
-3.927845746141064853e-02
2.197183066028112819e+01
-1.009215177786285267e+01
1.018403583315512506e+01
1.645623621347593968e+01
-2.576379824206863489e+01
-6.535469587673584435e+00
-9.950157907195606555e+00
-2.640769015602676961e-01
3.066783499383756606e+01
-5.800696819958418793e+00
-2.435977170277547188e+01
-4.452842178665354922e+00
2.252403435657545927e+01
-1.277249623554762259e+01
2.135347425496667029e+01
-5.253055952397700956e+00
4.278267847444096716e+00
1.530553873339348669e+01
-1.796764981861030108e+01
-6.421007894670522020e+00
-2.918128629409388886e+00
5.007853804225917749e+00
-8.220564210522919524e+00
9.775434974005987598e+00
1.158989364822792645e+01
2.328100440805544125e+01
8.481132585191204498e+00
9.094140844869620821e+00
1.255170644979321182e+01
8.314159708413212613e+00
3.196769269685809078e+01
-2.516262038301642079e+00
1.310055929790258844e+01
-1.540405481538033605e+01
1.055189114485582635e+01
5.189176595103710987e+00
-5.751901065628037824e-01
-1.514652790655183701e+01
-1.431507202574684001e+01
-3.113833109402256660e+00
-1.375626960915755648e+00
1.496531198150375719e+00
1.129297935128110275e+01
-5.552512003214070901e+00
-1.156585008364469758e+01
7.101696553926444277e-01
1.183457820837931784e+01
-5.857743110181117707e+00
1.286627862183559934e+01
-9.886083246042492334e+00
3.527927964415892514e+00
9.885236427398144343e+00
-3.250433471769868632e+00
1.250226397050256644e+01
3.149091284142081282e+00
1.601139443822901631e+00
1.301953909835905066e+01
-9.260222706863112663e+00
6.458997088728991365e+00
-3.925950809516165485e+00
4.064225065511755552e+00
4.806605748223399921e+00
6.186488764029600684e-01
5.588721164295670008e+00
-5.299353321944350270e+00
-8.733791621850486298e-01
-1.343782066000655284e+01
-2.166059935598320862e+01
-8.623993413363717497e-01
1.916836278208092637e+01
-2.149062423396922128e+01
9.160911961127967018e+00
-6.635493352824981095e+00
1.339187642928538402e+01
-1.076486200983271146e+01
-1.052084984033021442e+01
-2.108107675860822994e+01
5.850428650123036256e+00
-2.428731933562390921e+01
-1.168780888200638302e+01
3.746010582588997107e+00
6.227098105482788526e+00
5.727139529642204963e+00
-1.930400507817481293e+00
5.009914570064344375e+00
-7.914490605844952675e+00
1.145643071393414480e+01
-5.503082187161630223e+00
1.518834226031881895e+00
-9.547884904865302502e-01
-8.667470740399325635e+00
5.590894406732044963e+00
-1.507004700257809482e+01
-2.523966021204437382e+01
1.500589447899826068e+00
1.285738128992285922e+01
1.704216587455327669e+01
2.217977873768798069e+00
-7.605021366642549019e+00
-6.355962536608863900e+00
7.186837522624217378e+00
1.740349990457730556e+01
4.434281376530521790e+00
2.784289664369783424e+00
-1.772792007894989652e+01
-1.020898071264110918e+01
-4.064393148293846458e+00
-2.372372180822123866e+00
2.265311615116537336e+00
-1.477874238744464819e+01
-1.425838783109101549e+01
1.174122831245839604e+00
4.416927682082596895e+00
-2.257555377391313201e+01
1.242497883422128524e+01
-4.973135821923732713e+00
-2.980246129322520754e-01
5.306846992773571081e+00
-2.408415782420038909e+01
1.492984204509620483e+01
-1.468805130318385110e+01
5.870088636720030006e-01
-1.243981385441574661e+00
-2.660381298907935133e+01
9.366150811121981334e+00
1.184799606889669654e+01
-1.146555210883768972e+01
-6.621675914620983150e+00
1.340495542659319383e+01
-1.651349148861160998e+01
-1.311162615477342541e+01
8.762213151806657052e+00
-1.822483840956204659e+01
-7.901799916043786176e+00
4.522980869567934659e-01
-1.164829848146188063e+01
3.829554310203685752e+00
2.419774950713943440e+00
-1.082698225997230423e+01
5.827878833053288687e+00
1.219611702643936191e+01
-8.478600204675548202e-01
1.434198928258190264e+01
-3.081905402691135443e+00
-1.299099655568721090e+01
2.518610030012950673e+01
1.103712438471815638e+01
-1.799500161919003460e+01
-3.931016310684698922e+00
-1.265068244403506625e+01
-1.701517682042053181e+01
-2.919578368533080948e+00
-1.614647532810502284e+01
4.543368282188785301e+00
6.805459250980427477e+00
5.136864107519122369e-01
7.109849641635247686e+00
5.383067889541377049e+00
-5.102848981694870112e+00
3.551613553451159255e+00
7.425229920098121106e+00
2.991103806604585458e+01
2.111072443408584576e+01
3.220490012693454585e+00
-1.028945628971318982e+01
-7.789307981480046994e-01
-3.661509450951637490e+00
-6.205619358228605442e+00
-1.799804354791361405e+01
1.062433080912544980e+01
6.417394710933933766e+00
9.046290058919541632e-01
-1.514768775462575867e+01
6.866298825191614608e-01
-2.053929554109694422e+01
-1.481514592739820024e+01
-1.397948905310988188e+01
1.429337679786888415e+01
2.888219601465830788e+00
1.433357858722371958e+01
1.843617875357716329e+01
2.642920078534134909e+00
7.271754340060007316e+00
-1.328492197363812188e+01
1.852244518842271148e+01
-1.775116465240610708e+01
1.138517242414571662e+01
-1.544898936908797538e+01
-2.465945656634865202e+01
-6.604758290750228689e+00
3.861679382812782113e-01
1.034753584678258065e+01
-1.751427983394899712e+01
3.642037328884398129e+00
-4.885894033565320704e+00
-5.472013399130005062e+00
-2.169341428261557070e+00
2.382225763219500081e+00
-4.839361188854979900e+00
2.474260798183265919e+01
8.547951078042858697e+00
-3.168728331243030105e+00
1.745518385860873778e+01
-1.197517145717746523e+01
-2.802261714469394427e+00
1.926589595761454632e+01
1.139046422769987243e+00
3.420921982496051061e+00
-1.151552531348192154e+01
2.049809696353403599e+00
4.566570007274078691e+00
1.383066770120331235e+01
1.183669986594478862e+00
-1.318537318284213100e+01
3.838759215033804573e+00
-1.372788487128699275e+00
9.284244649107836977e+00
-9.766678130904493216e+00
6.548352292709350486e+00
-4.999054656453706613e+00
-1.940890141576036898e+00
1.550139585252347629e+01
7.040377357562790372e+00
5.081702983334044355e+00
1.229241124720896927e+01
6.746435737688430301e+00
-1.110363106257170607e+01
1.293018779246479077e+01
-2.034566902417978795e+01
2.204462870119114903e+00
-7.539047718902504691e+00
1.170926085772991954e+01
-2.283365942767249024e+00
1.092745446556421696e+00
-1.256502875775230521e+01
-1.767742559158133986e+01
1.076125879022652043e+01
-2.567159579028654548e+01
-5.494744340367616608e+00
1.895105437709959095e-01
-1.186486759839337068e+01
1.496732024958906004e+00
-4.661621979091038703e+00
2.784788299620860830e+00
3.492147484654538059e-01
1.206972107842313058e+01
1.080334259165582544e+01
-3.810774794036977831e+00
2.772617426745509484e-01
1.640058562111712703e+01
-1.218862004918301212e+00
-1.188591295345656107e+01
9.557357831862656639e+00
-8.098579954264544245e-01
-1.265787028486867882e+01
7.197967152532611657e+00
-1.787061276837041390e+01
-1.019956864379674144e+01
