3.055934579116128980e+00
1.404197252341754520e+00
1.646164324604055151e+00
7.015551306621616856e-01
1.059344933319374960e+01
8.512227360381279695e+00
-3.576913538021565309e+00
-4.415743590332357749e-01
-6.858001696269957481e-01
2.718681270951679885e+00
5.154070110136264482e+00
-2.133807856186710872e+00
-8.433738252185785100e-01
-4.111762185311385487e+00
2.634310222367371779e+00
-1.286916651098687359e+00
2.525237212810936605e+00
6.344122793249069581e+00
-4.373764354339845895e+00
3.137694498877332983e+00
5.672570986979782681e+00
1.034938849872956146e+00
7.863950645900595227e+00
-8.647401650898112191e-01
4.103656070753966545e-01
3.743685534835976547e+00
-3.422359070987200380e-01
-3.124801187947142012e+00
-3.854050660000058137e+00
-1.108906192851136563e+00
-1.217061457206413166e+01
2.090367221048001323e+00
-2.300628883018969173e+00
-3.084494694452454944e+00
-1.039781245032587398e+00
7.525251622837245691e+00
-5.130769827603891553e-01
-2.471351827575017701e+00
2.874444865142664174e+00
-1.935314387634436417e-01
1.041908652210811193e+00
-2.759113529976051193e+00
3.417627095782174163e+00
6.275046318007556634e-01
4.078680148467993760e+00
-2.186755606762080806e+00
1.620497069301717774e+00
8.299332483733539156e-01
-1.631298860350861135e+00
-3.190141672935891570e+00
-5.186015013725364664e-01
1.092101692232505972e+00
-3.883239753777336212e+00
-3.981582666005743398e+00
1.957980525555047535e-02
2.424523614562692497e-01
8.273244964782140443e-01
1.044091921839063186e+00
2.298827306845147689e+00
-3.605600665493136958e+00
5.312846251626804239e+00
3.011159561620133651e+00
-2.562110638337598445e+00
-6.602976381498215197e+00
3.333601551609609581e-01
4.827619785464866808e+00
1.459791847867092596e+00
-4.296180779354443757e+00
-3.651966315904046745e+00
-2.834854104281909759e+00
-6.727058120135234187e-01
9.518565425005336422e+00
-2.623479820941861274e+00
1.458551586995456839e-01
-2.956566904803984208e+00
2.114416855946724905e+00
2.235694516175892321e+00
4.319085053963105936e-01
1.671705254919067185e+00
-7.461584645435062058e-01
3.095917773877350232e+00
-2.908311242949345843e+00
-4.181729894806019310e+00
-7.741988175581173692e-01
-4.975406217595535807e+00
-4.376673401964668919e+00
-3.885538147015106247e+00
-2.417962673618178737e+00
1.902437096227490354e+00
-4.446540574298028403e+00
-4.785545244860525571e+00
-2.250525669603725687e-01
-1.498389365521874517e+00
-1.371236556687467578e+00
-2.408887206508187329e-01
-4.061236409999305685e+00
7.777952470127160733e-01
-2.634259890637155266e+00
-1.521788831699230293e+00
-3.587459666465631525e+00
3.453917483562725543e+00
1.285768291849315181e-02
7.182921246540152183e+00
9.566962195842940275e+00
1.916020338142864210e+00
5.392884570343479567e+00
1.066700722973662252e+00
4.817754028917460296e+00
6.732340262266465203e-01
-3.477615340151253065e+00
-1.140817443301326728e+00
-2.272690598623215763e+00
-1.200465656376085155e+00
-2.413381107376417312e+00
-2.126500599866442354e+00
3.436146761639955916e+00
-6.828069357981996212e+00
2.639967416168632397e+00
5.212203846426633369e+00
-4.610544494915584046e+00
1.154134400822730111e+00
1.253305347412503101e+00
3.715949316416585990e+00
-1.572150319792172457e+00
-1.159424713528695916e+00
-3.723036944961276018e-01
2.434952958656495525e+00
-9.508575746756154246e+00
-1.511353559175461214e+00
-2.814137512012190534e+00
-1.603062981534215670e+00
-2.025869608160248414e-01
7.549141359540967322e-01
2.291482469436090241e+00
6.730356386317533079e-01
-6.207217202930839228e-01
-1.030463161035675368e+00
8.059430203574894591e+00
9.847090266320874363e+00
-1.323610666824369675e+00
-5.937539708379429015e-01
-1.228470669021311856e+00
3.984202530182719970e-01
-8.332749224150448608e-01
3.046096071044158027e+00
-3.875050238962122862e+00
-1.205677395874349411e+00
-2.455590167758847198e+00
-1.447912269957777887e-01
4.608984111615688661e+00
4.047894130544182012e+00
-6.225240288190978521e-01
-4.934880258132100295e+00
5.553698687961087899e+00
2.103419349868377086e+00
-2.966740106703067870e+00
-4.983753303671961121e-01
-1.727527702145884803e+00
1.945749847007804956e+00
2.127967200267442127e+00
1.263094663488322777e-01
8.486728334271074203e-01
-9.546499813160576053e-01
-1.808181038577056032e+00
-3.668487398244431041e+00
7.272513392169957847e+00
1.232700996780496050e+00
4.524474344066069520e+00
-6.060662287374418700e-01
-3.906709801930038140e+00
1.456416717459820154e+00
-4.803605549538057851e+00
-4.592739960021589241e+00
-5.677444812670053409e+00
-1.003156103853425662e+01
-3.030808572406864965e+00
4.125340332764758422e+00
-6.957165474609559475e+00
-1.337942586424156977e+00
7.444395222959528269e+00
6.634395056368234123e+00
-7.157154372024268518e+00
4.874354712923455679e+00
-1.766195113014090934e+00
-2.270531209425665775e+00
2.684413911573907185e+00
4.774403364367691971e+00
-1.010574526274887974e+00
-2.171029574961576003e+00
2.096251232430965672e+00
5.897686923630094391e+00
-1.080799565715795163e+00
-1.297813894690998060e+00
-6.665777201171432242e-01
5.278691579292658087e-01
-3.289935597575548432e+00
6.632542076689818877e+00
-3.385697039784513862e+00
3.642014494153549720e+00
-4.872842236901084867e+00
5.732767730964021702e+00
4.336588838660850875e+00
3.885267680815651214e+00
-1.957640295393971774e+00
5.182260564611462783e-03
3.650901369357187232e+00
-8.652216734301667600e-01
3.181931892733213196e+00
3.935195793353028382e+00
-7.602176469912513834e-01
-4.009187812100962200e-01
1.572115435038512921e+00
-4.084541825365285206e+00
-3.531726422758997064e+00
-2.178066494727521896e-01
-2.620608567503110553e+00
3.188943313210985231e+00
1.247409807479093802e+00
3.527455343314047642e+00
-1.325592818918887694e+00
1.283457725348653433e+00
-4.278452516733055155e+00
4.140177586232502982e+00
-3.687695021484716507e-01
3.733376413737974353e+00
7.493841174687496665e-01
2.422559666282529722e+00
-8.343321720502505645e-01
-1.533262076338516966e+00
-6.786773526158684788e+00
-4.869359765667277351e+00
-4.269604891524937607e+00
2.043216148211280725e+00
4.127446741854725154e+00
-6.790669996459331337e+00
-1.368056754256620877e+00
-6.262471462756550977e+00
4.835480916681804686e-01
-4.725355079271696290e+00
-4.279519886102728377e-03
2.318819306739005270e+00
2.836874669689337658e+00
3.613345004208922795e+00
-4.175832682547593877e-01
1.814362784318059640e+00
4.899904207254218491e+00
1.524261900699911854e+00
-3.719790066237440573e+00
-5.028665467647984499e+00
9.999276755598742739e-01
3.929572524847663395e+00
1.134014114713751464e+00
3.874916363283300136e+00
-7.124368085475423218e-01
7.639275305776613845e-01
-1.898736559188753281e+00
2.411327303600391270e-02
-2.371533463767109939e+00
-3.428605321357999891e+00
-1.451878752098618497e+00
3.543644049757515013e-01
3.220271594865516285e+00
-5.228435007178888760e-01
1.791754021153887377e+00
6.487244940639955715e-01
8.958836065691150097e+00
-2.642518556320838208e+00
1.111106633034825375e+00
4.801195915454735008e+00
2.814656433647887646e+00
2.597253946239171940e-01
2.304481851899426559e+00
8.615772456666319634e-01
4.025842354444790772e+00
1.398528812747215966e+00
-2.063833160151166135e-01
7.098266285328599601e+00
1.690856071728120469e+00
-2.625320795804958252e+00
2.975299515755859936e+00
5.187246349951264435e+00
3.745612681905057695e+00
-4.643527488077581644e+00
-3.646511110197259597e+00
1.050812261411201431e+00
-6.359073842074593585e+00
-1.429469754286104122e+00
3.576182318734074883e+00
-5.367241250907392569e+00
-7.253851336543695183e+00
-3.614813240123564864e+00
-1.446129133827386282e+00
-1.593352310541897299e-01
2.413114431471610200e+00
-2.254710211478364368e+00
4.741016246508545251e+00
-6.626091082085148187e-01
-5.369624017412217842e-01
-2.591621725885443261e+00
4.122134562544374603e+00
1.478308966080045916e+00
9.619522973907539409e-01
9.057073386378561963e+00
4.721094749085145814e+00
3.087404874236678864e+00
7.934600723466108896e+00
-6.724257767025950017e+00
-4.664978467635367387e+00
-1.456353298491391390e+00
-3.239206716237036154e+00
-2.605100195094889770e+00
2.513345655003734969e+00
3.417080012838515923e+00
4.991403792088883407e+00
4.460108157347350222e+00
9.459807047424280135e-01
2.387068244411636453e+00
2.473384917847224695e+00
-2.353971023078495151e+00
-4.658622302697925655e+00
2.804806606377697076e+00
-5.378150652527782238e-01
2.447701816547872333e+00
-4.020511437381768971e+00
-7.147780400442034221e-01
2.888110731711774459e+00
-1.067331750421167236e+00
9.234257667566579286e+00
-5.935260536004572707e+00
4.200139332038662410e+00
-8.314180692313637433e-01
-1.570392862647792098e+00
2.224740472240312794e+00
-2.295529081736734089e-01
-2.350138722432153493e+00
1.053974086819303491e+00
-2.954270991091177967e-01
3.210293879190091459e+00
2.079500257812875397e+00
5.105907509278329925e+00
-4.478788754040161635e+00
-1.624495503784810113e+00
-5.085282460293968576e+00
-3.236987630819256889e+00
-7.068168963782929914e+00
4.205824986569921542e+00
7.947444885517668034e+00
-1.154001148569008484e+00
8.608528957162441486e+00
-3.529626997878452688e+00
-3.241691401567756703e-01
-1.324304802021279981e+00
-7.112710319706874174e+00
2.724333610110473369e+00
-5.042855423418025396e+00
6.463718122368808383e-02
-1.723256569475187794e+00
8.692537531195194678e-01
-1.229153782455028932e+00
-1.654076702128132403e+00
-9.202023709109621308e+00
-4.772408494168293713e-01
-2.654101457096511130e+00
-5.508359534499784438e+00
-4.205041641604519320e+00
-3.444416353437100842e+00
-8.509834835950584875e+00
1.871839473249393260e+00
4.145563233017923288e+00
-9.034127648336568228e+00
1.019571241301439612e-01
5.091127223424936510e+00
2.410743911024547437e+00
-9.081064461249919173e-01
-6.431050533646966993e-01
1.796019396864521056e-01
8.719874519736974250e-01
4.317358003002329525e+00
-3.295539414209980311e+00
-1.611858927549509879e+00
-4.699378647999903791e+00
2.557957437967072423e+00
7.585619644264030903e+00
-8.514373928726251539e-02
2.209301330966711774e+00
2.537065694518477743e-01
-3.089574198146043393e+00
3.197063233669512172e+00
1.788903428018910446e+00
-4.103055975795033561e+00
7.688538261262620743e-01
3.112338167352135088e+00
-6.389146527052456115e-01
1.449166770430281082e+00
-2.797708608623247439e+00
1.610233419270455490e+00
-2.222730969652767508e-01
-4.983161388574960604e+00
2.749916511533003760e-01
4.363459105835388874e-01
1.187770238798512956e+00
-6.862825945205140776e+00
3.946559042124775374e+00
4.580254982236638739e+00
4.947720086137278095e+00
-2.712523353461310904e+00
3.266655760099128614e+00
4.700621708077401983e+00
4.346470592500016883e-01
3.849665178873495908e+00
8.295363491511182019e+00
3.624342235592331374e+00
-1.485081412565175452e+00
-1.274795334821086978e+00
6.891110439328544945e-01
5.923200929165623130e+00
8.394860946151345704e-01
3.063697126836267826e-01
-2.399169553030132462e+00
-9.009496671334751294e-01
4.778231681333127701e-01
3.511823529219013196e+00
7.583728178348919657e-02
-1.842814505015335502e+00
1.397010965504498770e-01
2.634798798029059697e+00
5.337655714148540120e+00
-3.277826123739977060e+00
5.792274294649658595e-01
1.319739313648532697e+00
-2.016538927374870394e+00
-1.127247936843790876e+00
1.699455972942383042e+00
4.656435660149792710e+00
4.105676489506124405e+00
-1.392697073733718760e+00
9.394398075920921798e+00
2.707912476168563121e+00
9.138335679454129945e+00
6.309366450709203988e+00
2.917614870311588948e+00
3.986918768044412920e-01
-2.179496941233546980e+00
-6.360349699688155667e+00
1.539746153606873946e+00
5.230706061097174508e-01
1.814712140213378566e+00
-2.108667474343188797e+00
2.635256429614593721e+00
2.558135005547522489e+00
1.243925440079063222e-01
1.769226582589265018e-01
-5.086885841581402445e+00
-6.040663948539490846e-01
1.606645976021239819e-02
-9.876711194080740608e-01
2.542158441396544344e+00
1.736133461767780162e+00
-1.415586771959696399e+00
-3.058660099209318695e+00
-6.888084480252971709e-01
3.881656573757620521e+00
1.392957845547445173e+00
5.118096360564512004e+00
1.176936614636977474e+01
3.380940845300336228e+00
-6.776736767259628813e+00
4.153586262415843500e+00
-3.551627471862331742e+00
-1.498702608115855206e+00
-1.374185555861860308e+00
-1.089381554065895097e+00
4.436634034823712547e+00
-1.231326916341805688e+00
4.591608841616116266e+00
-1.310743960956930909e+00
4.318544836318457314e+00
-1.899068827520030700e+00
-3.213286547747127297e+00
-1.813471322764996563e+00
-1.548341872513848472e+00
-1.302692403567563106e+00
2.445712283818003430e-01
1.053578302669797573e+00
-8.374906099965256701e+00
-2.375065728437518509e+00
4.512462534368533618e+00
-6.527598268525983016e+00
1.559199619201328213e+00
3.984849415074052104e-01
3.091039704666101784e+00
-3.555855665362072759e+00
-9.916010371492032238e-01
1.431886034065994462e+00
7.340652993847863073e+00
2.068550727217353113e+00
-2.686088811256870823e+00
-1.193725800739706910e+00
2.394151417600799192e+00
4.561058536833835220e+00
2.469191538934799368e+00
1.220924117183163737e+00
-2.920321694174950355e+00
-4.551470003426898892e+00
-5.402647097057036718e-02
-6.484610795710586295e+00
1.615215893472838449e+00
2.468847613865893520e-01
2.088005265509823793e+00
-6.590772797646035630e-02
-1.544861901991833264e+00
6.626850073816502373e+00
-2.107252250024441165e-01
2.910761256342338399e+00
-3.800855261351957282e+00
4.741920013459759886e+00
-9.158499551180228071e-01
1.929289975302193705e+00
-4.734831475713101034e-01
1.150801734546367472e+00
3.165119766618929464e+00
4.352523641231641705e+00
-5.643788557435180930e-01
-1.575936621641819579e+00
3.075090862393105251e+00
-2.704670019769565670e+00
1.259363694610405426e+00
-1.557875767386122656e-01
5.079482617383757059e+00
2.871168329086793314e+00
4.436608578940100855e+00
-3.693443719934768610e-01
4.127619851317874122e+00
4.997745357612441985e+00
2.009413338002385974e+00
-1.413868462965590878e+00
9.561106370099006768e-02
5.507155136167243725e+00
-8.784915435442648413e-01
-9.902715899003895483e-01
2.221277569525021978e+00
-9.339191757650663561e+00
1.893224732636848096e+00
-1.303769327810270218e+00
1.126309172017054605e+00
2.342166703943061812e+00
-1.043496497084219099e+00
4.052368630156700569e+00
-2.290521043064052353e+00
-1.181397489536946344e+00
-1.559536027330940655e+00
-1.453756020489654910e+00
-7.034085445452629148e-01
-9.107038829348019782e-01
6.290389101356281820e-01
-7.361058129509539860e+00
4.936780197909556023e-01
3.916893234217962760e+00
6.458376913203489167e+00
3.075180102676916771e+00
-3.403781990317624739e+00
-1.222163590495312091e+00
2.454421610181033664e+00
-4.540965537674829022e+00
1.968041883943391746e+00
1.702400571959190589e+00
-2.420923996594776528e-01
3.436205689806417940e+00
-4.544342003748653269e+00
-1.673423941701664974e+00
9.322918711731713159e+00
-4.102787870175976792e+00
-2.198133257948934993e+00
1.516239588762778312e-01
-5.532051824198158663e+00
-1.152788419401091558e+00
2.312870978907519248e+00
3.242026601545793252e+00
-6.682420531497651695e+00
-5.778128746956039841e+00
-5.962770451701357999e-01
4.159545209731867033e+00
1.538104358452295317e+00
9.672214551091535384e+00
2.667777887671075820e+00
6.954949814926054685e-01
-1.284233187889414429e+00
1.683771000154328679e+00
-3.450830094246917223e+00
-2.766692463556446491e+00
-2.354561343310741517e+00
3.768662880293159212e+00
3.826524083384942987e+00
-4.522453021175395271e+00
2.811664445953999114e-01
-2.773959859657567417e+00
7.847886528244929494e-01
-5.324332230546058753e+00
-1.127379333726986177e+00
-1.989897407607366331e+00
-3.490304179714260435e+00
-2.235086129411096412e+00
4.259152154918736777e+00
-1.019042454918475782e+00
-4.786421823727756042e+00
5.840190737021787593e-01
-1.449759957862542858e+00
-9.939412568487742128e-01
2.331059887488718285e+00
-8.298837799053622177e-01
-7.316471043517422945e-01
-3.435250771150646365e-01
2.569660878818641248e+00
-5.712121566591235933e+00
2.151118220315316965e+00
5.792620177525795278e+00
-8.363367194443949160e-01
-1.012016668691299470e+00
-1.036304053644141021e+00
-3.058965510612933869e+00
-5.785060188228121625e-01
-6.844531469113862565e-02
-5.082974556053632575e+00
1.057123464032371896e+00
-7.435320252949640718e+00
-2.658529036815752811e+00
1.319253073878615679e+00
2.882346332774342379e+00
1.353673591064462334e-01
4.752340349409720055e+00
-6.273909044831437853e+00
2.267881303503091139e+00
3.468673751479698364e+00
-6.449159939162055544e+00
-7.059824002945500609e-01
5.903036766105088873e+00
-2.910573301317177730e+00
2.820755409684593040e+00
-3.591703574113181419e-01
-1.216070109979868752e+00
-3.254089993558734850e+00
3.622714511668794657e+00
1.385692301535544457e+00
2.506852850231003904e-01
-1.010024996272508524e+00
1.580783942460941338e+00
-4.218110547234965146e+00
-3.784679425086612703e+00
-2.707305813806453187e+00
-7.001168398725494679e-01
3.074301596181701068e-01
4.488275933935252482e+00
-4.592072077230839433e+00
2.872957548250724358e+00
-7.646816006486927275e-01
1.671982109811346318e+00
-2.808252453289061812e+00
1.855646485093102260e+00
-3.547952323568485333e+00
5.673278479686411302e+00
-2.103656832235945018e+00
-5.367004600044693596e-01
-9.852460589017479009e+00
1.041034153611278601e+00
-1.005797248434654234e+00
2.968355936166045539e-01
2.491589577732719718e+00
4.103292153622708494e-01
7.275974122603245497e+00
4.511028199907044289e+00
1.351226691892792597e-01
-7.625514399972453283e+00
-4.726759775586752532e+00
5.887019616436134584e+00
1.172388598504223944e+00
2.634829840134906842e+00
3.749792421929100783e+00
4.550461987487327775e+00
-4.419186596960919533e-01
-2.114363519455870311e+00
-5.011716378052310183e+00
-3.387038360645937995e+00
-2.984774791339515621e-01
5.022415796814822642e+00
-2.937500040441045623e+00
-2.027225536006677764e+00
-1.843911384032961842e-02
1.592340170826524182e-01
-3.255352124221815746e+00
9.239631210623600044e-01
-4.991479796311292461e+00
-2.433418297847939282e+00
-1.329784548522358056e+00
-8.792962904560914783e-01
4.792678933454578960e+00
-1.860480203463092286e+00
-4.109382324042826440e+00
5.208000860845766411e+00
1.220516343318074792e+00
1.075185031358349974e+00
4.466852254908310726e+00
6.592594677492313870e+00
4.015524363501024929e+00
-6.635053895928182399e-01
-5.416963440158943932e+00
-6.823361652114403597e-01
-1.978753770573450366e+00
8.831976285071800881e-01
-3.221856795476518265e+00
3.743237014998077039e-01
-4.485440358587148846e-01
-3.596908257876809234e+00
-3.237499208432372266e-01
2.194009036098973464e+00
-5.801545731736992728e+00
-1.569450865679438589e+00
1.779082907509016875e+00
1.890733956039116315e+00
1.007953552659945684e+00
6.263980731396306290e+00
2.730687613533702707e-02
-2.901815117456796322e-03
-5.008708216891764486e+00
3.194814617360747233e-01
2.764921933726094849e+00
-6.787606789119184469e+00
1.349773941426928747e+00
1.113293400237144182e+00
2.798491595039694246e+00
-1.511461442560635859e+00
-3.177976857038743219e+00
-1.061348173347646862e+00
5.390272969757430310e+00
5.606727204345826721e+00
1.332633393823317247e+00
2.786827421129927984e+00
4.608856683155795331e+00
2.940138320545639505e+00
2.218320300644343490e+00
3.105564136102142658e+00
-1.848510418325275184e+00
-9.434913049200130963e-01
-4.328142471429208271e+00
-3.468327515074307588e-01
2.470268334070301997e+00
-2.657312809061387782e+00
1.540743417060495890e+00
7.462253934973123393e+00
1.474748108342501363e+00
-1.859528128051944451e+00
2.731462152135218258e+00
-2.522820711724788278e+00
1.544332122861269641e+00
-4.577316506176729582e+00
-1.946842507068412997e+00
-3.883434495280003063e+00
5.526301821730824848e+00
5.448866960892996048e+00
1.322823501208095331e+00
-6.781007134588774576e-01
3.346172527638842542e+00
-4.200249622176312592e+00
2.031074569410088682e+00
1.823559181840223253e+00
4.511979014953642064e+00
-2.131201566907423128e+00
-3.493181253944320996e+00
-1.230378774132120601e+00
-8.065125222436376973e+00
-1.317403249523447117e+00
5.871901189536533394e+00
-1.126981416612587328e+00
-9.284629332927463174e-01
4.294388933162716915e-02
-2.044675468337110669e+00
-5.662514153291237307e+00
-4.147587245856273697e+00
4.523332042040779100e-01
-2.090462766666088879e+00
-8.040409630664692386e+00
1.123320842049773949e-01
-2.157798930876220656e+00
1.202960669362744639e+01
4.191857843867837552e+00
-3.240408142823623105e-01
2.640341357785050302e+00
-3.007735274671547998e+00
-1.586875352794778982e+00
5.306871839450403527e+00
-3.977841417778110511e+00
2.270339218527243741e+00
-6.959387780332773055e-01
4.750087292540950412e-01
-5.750548787076693813e+00
-3.068258074192921736e+00
-3.668215189151420752e+00
3.297733104354362066e+00
4.887020501848897691e-01
4.783873748180207386e+00
4.792877103281304452e-01
4.603820153448396901e+00
2.678157939034082613e+00
-1.648670098751588764e+00
-3.672186503576693184e+00
9.666573950005534765e-01
1.006757727670382740e+00
4.966942803762887770e+00
-1.662881819045087362e+00
4.692073509249851782e+00
-8.710406499245615386e-01
3.437855134024777604e-01
-8.963303151818134751e+00
4.991052061105603954e+00
-1.910867545039647508e+00
-1.996184679129966666e+00
3.286233906701043317e+00
-1.375906670069935833e+00
3.969199132668823071e-01
3.083019401300289619e+00
-3.923927531777161803e+00
3.676314411074019795e+00
6.204728601166757507e+00
-1.939829537034655660e+00
5.145127177433808541e+00
-3.086557736484230929e+00
5.420499160668328820e+00
-5.578683381042340628e+00
4.249848116032354461e+00
1.395574796555867580e+00
3.362043171871026193e+00
-1.317805211074501326e+00
-3.660545377944097289e+00
-7.464565383715635605e-01
1.378854846614290253e+00
1.988505671578055356e+00
1.071868956384324223e+00
2.754836930124416661e+00
1.286874342439295660e+00
3.059987497765149111e+00
-4.351873447711652076e+00
4.368874660488057060e+00
4.482591640266530675e+00
-1.214838503450487828e+00
1.439907793824741100e+00
-2.702044332231006707e-01
-1.678655135844660418e+00
3.018851479215747258e+00
-4.743746617076627814e+00
9.084484545411172007e+00
1.574859709423810594e+00
3.634146233817329374e+00
-4.253602088131716918e+00
-3.132364622503626350e+00
-8.024758646626177772e-01
-3.721857903651290655e+00
9.274417051144192570e-01
3.890041857381167922e+00
-2.575265759291806233e+00
1.492760585717313626e+00
-2.024694243217996181e+00
4.053034410191433068e+00
1.184004641994343132e-01
8.788923070607127741e+00
1.162940802980716004e+00
3.536813033435076026e+00
1.535578896822255845e-01
-6.786442780073905112e+00
-7.958409074081760792e+00
-3.041483791365883871e+00
-4.566980482349771719e+00
1.134334094459353848e+00
2.519320329277213055e+00
-1.089494007125558772e-01
-5.642248943942637318e+00
-6.293269620123096431e-01
-2.634836396227225208e+00
5.305288255943070297e+00
-3.142395894847944682e+00
1.244505502275714104e+00
1.002881627687502153e+01
2.359785313825505604e+00
-1.552562869320944783e-02
4.010404128155010461e+00
6.005092278390304017e+00
3.303282355317006314e+00
-3.980395400944182427e+00
-1.046539492055316378e+00
4.892078639310196153e-02
2.832257998927560916e+00
-2.392520191751375869e+00
4.038807326980486501e+00
-1.943983056253296260e+00
-4.110594592583401763e+00
-2.482167475659918132e+00
2.934105686487293863e+00
-7.454818832714287247e+00
5.261442270300323187e+00
-3.697832550995942213e+00
4.565511615899851883e+00
2.203096015505130900e+00
2.532148601499445206e+00
5.932428059151178878e+00
-2.616192441958649084e-01
4.069198057011110592e+00
7.203471648950392492e-01
-3.338503583535536556e+00
7.709353776058515351e+00
9.697772475075379095e-01
2.677254975852862096e+00
-4.820978174251606241e+00
1.591704967142562266e+00
-3.017222099567185900e+00
6.894060722552156406e+00
8.869272814556392603e-01
3.060762914825602365e+00
-3.020542806641613787e+00
2.461560027903335612e+00
-2.581806224579031195e+00
-3.382666863916490740e+00
-2.786699213388279972e+00
1.335452591201744310e+00
-9.360166221168650935e+00
-6.768848147132344728e+00
4.316361530140519598e+00
-3.568542466760526999e+00
-1.587508752831320313e-01
-2.573384881066121732e+00
3.624119231435102062e+00
3.457423529301605569e+00
-7.063979607295880925e+00
-2.191927004203513274e-01
4.580771847445876510e+00
-2.204264986805257287e+00
8.880716003653486013e-01
-2.989214098208063497e+00
-4.087901618512258750e+00
-1.228199436866128202e+00
-8.066617949191329018e+00
-2.982488157454943334e+00
1.362764090258584471e+00
2.989456292062744769e+00
-4.224489453943450101e+00
-2.199151117890962848e+00
-2.419882628819113535e+00
-1.138975447729013046e+00
-2.190314967008268332e-01
6.523796629842910644e-01
-1.375851466952762725e-01
3.760242431848444422e+00
-5.623388650813045508e+00
-1.594800111406354581e+00
-2.252430065985394858e+00
-1.602816189743915265e+00
-2.246083959023889243e+00
-1.848756922838011296e-01
-2.553663464759488022e+00
-1.164732772411901429e+00
-2.028427041528210406e+00
-5.600767052261278245e+00
7.288671373118214447e+00
3.005169605257455689e+00
-1.175242313128614491e+00
-1.349556867504107638e+00
-9.566672404432856602e-01
-4.579319876965979863e-01
-3.119888335246774780e+00
2.824304742057890838e+00
-6.787858064743948816e+00
-1.505075176338881882e+00
-5.523295760460111836e-01
-2.460533505339442151e+00
8.289124687846149975e-02
5.920306284826543086e-01
-3.392597058652664366e+00
6.470433670082689659e+00
5.296081638495999222e+00
-5.657791482438832453e+00
1.249772923369535826e+00
5.653721417581201170e-01
6.664292904495325409e+00
-4.852070596799813451e+00
2.434990180636456447e+00
-5.645929442646757224e+00
6.572256849851634275e-01
2.953584937329791327e+00
3.097235590819881867e+00
-1.485233178509399066e+00
-1.039904534539796588e+00
-2.224141803607780910e-01
1.026180836244387162e+00
2.080447795904535546e+00
5.310023646648616147e-01
9.323965456477425917e+00
2.151142606749367303e+00
2.067977817665146656e+00
-4.914737271557998888e+00
7.215630519711736746e+00
6.352794007407112087e-01
-1.666318589667215022e+00
6.370898498618495331e+00
3.540699399105617928e-01
