-3.292347448182246783e+00
-7.571286631249154908e+00
3.019411083453708855e+01
3.248821329381820533e+01
3.564600574626267004e+00
5.517579994169913071e+00
3.179562576805946783e+00
-2.016414605155252460e+01
-3.793858541734153045e-01
-7.560579712760153726e+00
1.287472454922837173e+01
5.308435721933573603e+00
-1.349666241301685154e+01
-5.182475647255413875e+00
6.247808419965220850e+00
3.803948696343315561e+01
1.926752852530563231e+01
-8.917097603284048546e+00
-1.425978920818985252e+00
4.193299583619267246e+00
5.765607493144267792e+00
-1.282471295429293967e+01
1.568476599524529824e+01
2.248107619634562937e+01
-1.850649709269556098e+01
1.891451803953742683e+00
-2.620183208914649242e+01
2.656648519681023757e+01
-6.175259770202876197e+00
2.379460309199295764e+01
-1.522416295962924337e+01
3.442274975160366068e+00
-1.082333477794299803e+01
1.302222955448277020e+01
2.156644660781118716e+01
-1.009300093882108129e+01
-8.754422844637998580e+00
-3.637454651349178114e+00
-2.550561921397432030e+01
1.590378839103148501e+01
4.808918680558836201e+00
-2.427779664896659639e+00
-4.259600346360000600e+01
6.983885356141096290e-01
6.786673290608882247e+00
1.408021429755661913e+01
1.401387848157210136e+01
-3.013890783060976730e+01
6.349349948774229091e+00
5.727683317538327046e+00
-2.598101719895558936e+00
-2.929177295419773230e+01
-1.929151851794072314e+01
-7.777617288574171894e+00
-1.048900419128976935e+01
-1.562278980116936289e+01
-7.032956598788177693e+00
5.462453628996470911e+00
-2.387265847611411829e+01
2.004190126503686287e+01
-6.995737640059174201e-02
1.061077759746676286e+01
3.340003404144251675e+00
-3.917265826741923807e+00
6.281810306992001713e+00
8.903305659540389883e+00
-4.577671754010204097e+00
1.506102286696782677e+01
8.337161735850397548e+00
-1.219991256533088020e+01
-2.126893014165803919e+01
-4.552694643292627852e+00
-6.160168759131730809e+01
-8.894565940878361943e+00
1.078432765298319573e+01
7.321738322613505545e+00
-1.273975876684528608e+01
2.450233802138489025e+01
-8.479104670755065243e+00
6.845667747610914233e+00
1.644297545719846987e+00
-2.773518625824184269e+01
-5.749984753525411385e+00
1.021880317005861905e+01
-2.702025796640188560e+01
-6.717060553347078411e+00
-5.376853569256664578e+00
-8.867489115298200275e+00
1.659092469136837522e+01
1.955175853251414519e+00
3.166864437827302226e+01
-2.984347986062371660e+01
4.458099264778399906e+00
7.427658890374614131e+00
-1.958036465161800521e+01
-2.089312529608293190e+01
1.280345144914166156e+01
1.602947256540742060e+01
-2.393934591204753914e+01
-4.390869983967789381e+00
3.051128193767679520e+01
2.192228615082601451e+01
-1.334166239857727376e+01
6.707941766058737265e+00
-9.130681431090886591e+00
-1.713605001863741961e+01
2.815992675098830489e+01
-2.134676831579963618e+01
-3.915922661018260253e+00
1.308623406778389153e+01
-2.687833030967531656e+01
1.330361212121677461e+01
-1.880070446832608511e+01
4.526321937444807730e+01
-1.093066141580997019e+01
8.564195910111555676e+00
2.330740994720945736e+01
1.134268313306098364e+01
-1.156404335792747151e+00
1.440211499277401330e+01
-2.451250635841836001e+00
-5.705327785983430822e+00
1.721240143491024810e+01
2.331005930225819966e+01
7.751710965948467091e+00
2.836594269728118078e+01
1.468677438767877064e+01
-4.264954618966839917e+01
8.460744649115888194e+00
1.166574315905122461e+01
1.534369045385400732e+01
-1.772474253113982456e+01
-1.666035700029510735e+01
2.300058433875478592e+00
-2.154816480766518794e+01
1.006935052731413371e+01
-1.223357782252130832e+01
-4.276627724400146491e+00
-7.066492327444064081e+00
-5.737584104926010120e+00
-1.083951344669798367e+01
-1.280112804961927075e+01
1.862647235816968561e+01
-8.311932586769463782e+00
-9.534274940400701004e-01
-4.017398105753632542e+00
-4.588393923296127497e+01
1.509514735040864686e+01
3.788572427557796551e+00
1.721731000824800617e+01
-4.485889637218267723e+00
-2.024851691176851176e+01
-4.739621677331390970e+01
8.835421203660688505e+00
-5.959899564065927358e+00
-1.060831905515035345e+01
-2.928293826720617687e+01
-1.987524320915987630e+01
-1.682759443428850687e+01
-7.511428218112318866e+00
-1.242559621902339906e+01
-1.297380960082712420e+00
1.630227331292521953e+01
2.667012906838865050e+00
-8.611401614808437799e+00
-2.039808896923446246e-01
5.069563757540412219e+00
-1.737651151800346838e+01
4.919696793561621817e+00
-4.838722068660665343e+00
-1.865210838464996712e+01
3.566012867525278018e+00
-2.174586140914283305e+01
2.022294599655665692e+01
-3.275331193480485403e+00
-7.096722122328579019e+00
1.626668387726715181e+00
5.768283466334919396e+00
-3.709661312870365268e+00
1.079051392199981585e+00
-5.469748830438159182e+00
1.204840860266647518e+01
-2.595102634343237735e+00
1.145857395296232006e+01
1.634165013233068109e+01
-1.247301332828942044e+01
-2.211386049664813314e+01
-5.748269481306747863e+00
-6.726549451888270248e+00
-1.750906310968515101e+01
-3.448478491288430980e+00
1.163071050672289442e+00
1.301529049351535683e+00
-1.239732574339122273e+01
-4.090997543561773142e+00
7.907161287754547629e+00
2.085377126734934805e+01
3.427868360758957067e+00
-8.248188418837586466e-01
-1.128505826283904590e+01
-1.975830587045372511e+01
-8.659102302761649383e+00
1.938155324938186652e+01
1.623983082755365004e+01
-8.248025474883753816e+00
2.456827258602407227e+01
1.722157141881844922e+01
1.333682817757907024e+01
9.645717201746480285e+00
-1.955869003806572692e+01
-1.059965594794819488e+01
-3.635392216784494224e+01
3.643795688543708877e+01
-1.230005776784857119e+00
2.725692706840063195e+01
-2.017566532182385330e+01
2.706167329480114248e+01
-2.230356400052414401e+01
5.632523256678655166e+00
-1.429195678428621719e+01
-4.915515948183739603e+00
-8.804128690764844833e+00
-1.526439833905570786e+01
5.705726097037044475e+00
-5.375748556222900376e+00
3.582854291444868267e+01
-3.826080336727881814e+01
2.540508733776632866e+01
-2.193187609388841963e+01
3.477070575266031582e+00
-5.835988776796193633e+01
-3.934117693198078314e+01
1.602059839400262220e+01
3.573414229912667395e+01
5.075687885429602808e+00
-1.317181252960053151e+01
-1.606305383838904532e+00
1.057310210721793542e+00
-3.930429699480330719e+00
2.139673973789957628e+01
1.812953406515738308e+01
6.677859509954174655e+00
4.157881064777176050e+01
6.845832686670560996e+00
-1.797420710845730341e+01
-6.678570279881936855e+00
-2.849028636315090424e+01
-7.300456129325453958e+00
-2.784871544691882139e+00
-3.337016096013497357e+00
-3.192229708638632424e+00
-2.343788401711270453e+00
2.761750961859831577e+01
-2.156358741177785987e+01
-9.652033274856579581e+00
-1.242834725035135701e+00
-2.312094462057030064e+00
-1.301649590619891583e+01
7.030644598544037116e+00
1.664574530301831778e+00
-1.957465005717597517e+00
-1.289577791499069548e+01
1.861334665603436278e+01
-1.209253304685256047e+00
1.206220611585124658e+01
-3.270724309844926125e+00
1.682952025663360551e+00
-8.119757691245359510e+00
-2.396307810863680743e+01
2.561587315190444514e+01
-7.561856295236565551e+00
-3.923848177809200877e+01
-9.677459941039645130e+00
-3.482184430128288000e+01
-1.081185682409028992e+01
-2.228715940774313253e+01
1.394046055626195724e+01
-1.711477138859220659e+01
1.244836904824680524e+01
-5.081304639166839721e+00
2.397005416200697780e+01
2.722210414553154578e+01
-4.437331999167823504e+00
1.307902958559029294e+01
1.407359394407969333e+01
-4.288954706651106008e+00
-8.446540311437930271e+00
-1.532619491425465341e+01
5.742102508058062327e+00
1.074425852214064925e+01
2.056045985697773659e+01
-3.552304542352356265e+01
6.919473386856607178e+00
-1.555196379413136487e+00
3.500261258610605353e+01
2.417229065722051828e+01
2.445230901820645641e+01
-1.485994914422770918e+01
1.311979648870915760e+01
2.269625626914921313e+01
2.052915300017118483e+01
1.613369337265825010e+01
-1.857762946318987218e+01
1.167426167345580801e+01
3.717426173270570189e+01
-2.826220220084258372e+01
-1.770607424320614598e+01
1.215765516410307256e+01
-6.041081146100668597e-01
3.052802684467996741e+00
6.153538988849910574e+00
-2.885314051512039413e+01
6.233483307081775848e+01
1.697525306662231870e+01
-6.645645594507093357e+00
-2.663182578751888130e+01
-5.238322561979481762e+00
5.740431833095578362e+00
-1.209700552679424668e+01
2.501193845997084964e+01
-7.934884389515669767e+00
4.642847325275800330e+01
-2.127013223646946471e+01
-1.493662203245151332e+01
-1.397102156236691251e+01
1.149337038484884665e+00
-3.916361699998466506e+00
-3.155202992428878517e+01
2.303753505703592097e+01
1.355215470083461771e+00
1.858009305612597828e+01
-5.759613912056069651e+00
2.421822602362135157e+01
2.186714567251380714e+01
-2.162386016550032153e+01
7.709063075100566209e+00
-1.883657924899496905e+00
-2.050360544610519753e+01
-6.722914659525264902e+00
3.997607036390328261e+01
-9.635670909412938911e+00
-1.969348662136901851e+00
-5.551878631547191745e+00
5.652405188077931797e+00
4.721163022204015292e+00
-1.583803609661959833e+01
-1.650478699686549788e+01
1.829083981712309281e+01
-1.926574517454502100e+01
1.124011657266099284e+01
1.921839138242151535e+01
2.174290904659897450e+01
-7.699978128562716684e+00
1.421236742900614303e+01
1.153635400736824401e+01
-2.543567279954049187e+00
-5.438049608105846922e+00
1.152364092518312511e+01
-3.032329539551237829e+01
1.227203705686302015e+01
-1.906557540968107034e+00
-2.731475498025386983e+01
-9.095263879004532370e+00
1.953949310991281507e+01
-8.323351188283700353e+00
-1.527759305165259640e+01
1.431844402251211790e+01
5.587001555855888313e+00
-7.285269281825482501e+00
-1.091538855890071247e+01
1.375600527453400623e+01
1.510084583308198170e+01
5.009171709499019798e+00
-3.493917471683890552e-01
-5.995922616653050596e+00
1.918542583953048464e+01
2.227603712762983079e+00
6.958207236906090998e+00
1.179900930399128534e+01
-1.123583243178014612e-01
5.594169579492273670e+00
-1.390907651293358427e+01
9.217488694924368176e+00
-2.839276723594891294e+01
-1.874376061365267176e+01
3.023302331809932753e+01
1.629541050095235377e+01
-3.429869030159012766e+01
3.670777065804367112e+01
-1.111840671180751272e+01
6.673120899403056860e+00
-1.024682550447903218e+01
2.714965665379693505e+01
1.959275335773009630e+01
-1.852499150889746105e+01
-2.948445178040420611e+00
6.804022375117573240e+00
-1.136305941713766199e+00
1.585521530123311074e+01
-2.270175271586288446e+01
4.638958476709669654e+00
-2.250101422375658089e+01
1.727175461493590802e+01
-1.500043383531758856e+01
1.167081913492001988e+01
-3.079021996805808925e+01
-1.502251353847173121e+00
2.068042742287211411e+01
-2.734014765087341914e+01
-1.277940301197421968e+00
-1.288945734814705979e+01
-9.821923062091778789e+00
-1.397896487143442457e+01
2.620594406902525009e+01
1.873984633669788025e+01
-1.205034478819147381e+01
1.048722322996132661e+01
1.978594855696196220e+01
-1.573534993685364825e+01
1.057605079027199935e+01
-1.326945637728571903e+01
2.187451650108304690e+01
-1.722747684367046617e+01
1.751199603026913110e+01
-4.075731658046418460e+01
-1.285983599385540366e+01
1.585597865520601069e+01
1.175222022149725198e+01
3.534405055835701859e+01
-1.781535900465618738e+01
1.497170478186649056e+00
-2.134791189981044113e+01
-6.338830398339155181e+00
6.327006232596445123e+00
1.967338116862481812e+01
-2.247488135814245780e+01
-9.177989165775993996e+00
-3.214859601059327332e+00
1.767275103010511117e+01
2.287528763589793357e+01
-9.136721060731249011e+00
-8.358721325956072201e-01
6.317833371610028337e+00
8.813794014868950200e+00
8.460187568439074823e+00
6.374203445604289975e+00
-4.297438084984553086e+01
2.058573539651123951e+01
4.341413716315841498e+00
2.302624439276685031e+00
6.460960925222773987e+00
-2.909296547269622835e+00
-2.131371647255461799e+00
7.090224868681284320e+00
-8.344210379055001070e+00
2.106322609658407785e+01
2.703007683293007091e+01
-6.992234564636356176e+00
3.621644968279046140e+00
-1.521890756785253451e+01
6.657834036636712582e+00
-4.060140974534914626e+00
7.241893003279401553e-01
2.078965859880795009e+01
-2.165852511079966014e+00
4.461467914032987814e+00
6.344197048222603108e+00
-2.121767060492482315e+01
1.609804382833406322e+01
2.349569876193266893e+01
6.495884917155757776e+00
6.639941402430019401e+00
1.779551263673418759e+00
1.420489533302272989e+01
-1.375035792558753656e+01
-9.080409416264341615e+00
-2.690472228217075568e+01
1.453751903318662997e+00
1.123101357015162449e+01
-6.308983738201852098e+00
1.146013055200726605e+01
1.217499248167157511e+01
4.558188499196090149e+00
8.037542505964081485e+00
4.286759553172398540e+00
-2.214920371435890800e+01
2.366720365350417410e+01
7.777578044897161647e+00
-1.061065734639536018e+01
2.752422535309185125e+00
-2.189420337515381476e+01
2.409779569551921341e+01
1.646530343898670878e+01
-1.258047226120382334e+01
6.837145897920926529e+00
9.631384677245144132e+00
3.056251608138117604e+01
-8.295450519313023463e+00
7.103464677895489743e+00
3.484084220295677881e+01
2.513044442497389497e+01
-4.372433202621298420e+00
-1.398711893691424812e+01
-6.511305289997747492e-01
1.175184139975616660e+01
-3.478063776820870867e+00
-3.004136083633540677e-01
-3.065222676658893519e+01
1.608456104742734993e+01
2.003177119717710752e+01
-4.339113533636823838e+00
1.004960607390459870e+01
-2.019807338081678694e+01
7.240155809862693914e+00
4.114237975331131558e+00
-1.113806156251912149e+00
7.775707125645837658e-01
2.782309136165658003e+01
-1.560047270921118745e+01
4.373782160108452999e+00
1.517827325033305108e+01
2.123361975086336395e-01
-1.005972312041515337e+01
-4.385206058370851423e+00
2.713938329012177419e+01
1.160138882204454269e+01
-1.861479476977361713e+01
1.592945329978501512e+01
-4.315687401925589306e+00
2.821129306431277683e+00
-3.243666827421931487e+01
-1.420119701835364401e+00
-7.765241071883345114e+00
2.085127235915323851e+01
3.277229670014266816e+01
-5.153501675523298964e+00
-1.376636904524675575e+00
-2.047036375128169894e+01
2.305520946585708941e+00
9.571392076739863697e+00
-7.867360701321045369e+00
-1.194212324584360729e+01
-2.943951734017704780e+01
1.550714314922161741e+01
1.027797633661623600e+01
-2.484803249289272387e+01
-2.820681858207475301e+01
-3.775418470614475996e+00
-4.084352810946545276e+01
2.006666726038776716e+01
-2.162594043431625579e+01
-1.600268123934448283e+01
-3.347541306820217955e+01
-7.278129682248860810e+00
-1.419662477290300728e+01
-1.429413696262268907e+01
1.017975913007397004e+01
1.089107507565885236e+01
-8.831761114868788454e+00
-2.403908979783283328e+01
-6.014907172880382902e+00
1.007174026196826588e+01
1.682013502773477942e+00
-1.340947513546291958e+01
-1.240912368157579948e+01
4.669680016257153454e+00
3.668470747659588937e+01
-3.146900178535791959e+00
-1.021298735759059495e+00
-2.782528806546090294e+01
3.480472390244170811e+01
1.718347520048225618e+01
1.076226950895338241e+01
1.477182494125053758e+01
1.514357476006513714e+01
1.827026821603006468e+01
-1.610204612811687142e+01
-2.612032419716127407e+01
2.570073167071997844e+01
2.277026026415442939e+00
1.556356952158805562e+01
-1.873883659547575320e+01
3.620195252800373353e+00
-1.173923349230557811e+01
-6.060261795682959196e+00
1.469847680230517817e+01
-3.221086906392869054e+01
1.208667450949240418e+01
1.360339725453054349e+01
-4.716077194882048573e+00
-8.690334936302660296e+00
2.014784353617358903e+01
8.706341210255001073e+00
4.154398333387638331e+01
2.087634952890110540e+01
1.227062059540232219e+01
8.345938353113580011e-02
1.450355826258775416e+01
-6.453923216603139501e+00
-1.436781327647827133e+01
-1.045893163365733081e+01
6.795560714526002855e+00
1.629224423021243240e+01
1.349079596207869436e+01
-1.155802516009228853e+01
-5.212587224523872464e+00
-3.749786499667807504e+01
-9.604718756218755260e-01
1.214598280667265495e+00
3.643241970640074356e+01
-2.002758840160579723e+01
1.394520781324018621e+01
1.752464940914581604e+01
1.503010777072314319e+01
2.923805684725563836e+01
-2.560827728388823843e+01
8.231986802402134762e-01
-2.212875057801429080e+01
-3.764441166662965799e+00
-4.645821873991549111e+00
-1.161758209627562266e+01
1.588410767501211929e+01
-1.363673682716577673e+01
-1.679192389695578314e+01
-1.091276232760518106e+01
7.237459853874213422e+00
-1.682491064325076380e+01
-5.252742952860278081e+01
-2.508875689481465443e+01
-2.390213499232698169e+01
1.001311596110026869e+01
-5.529980906210647973e+00
1.219586246864768064e+01
3.202746889112214612e-01
-9.116808469856666486e-01
-2.116753574858934073e+01
1.708005841444672868e+01
1.037511864062572009e+00
2.119441224154160963e+01
1.576113952883451397e+01
-1.155943708375058421e+01
5.833786876381791942e+00
-1.537743317770154050e+00
-3.091533497329252356e+01
-3.825443868689938132e+00
-7.976763697077280391e+00
-9.214212264273927033e+00
3.256709589920983028e+00
3.632329415979605614e+01
1.616604257707950909e-01
6.529786309757023233e+00
7.596312444223457305e+00
9.307803078485607173e+00
-2.140394456130214706e+01
-1.678582163648199810e+01
-1.271591444807620519e+01
1.903867806697068943e+01
8.922202612181212800e+00
7.552422245303581860e+00
-4.352209586720147882e+01
-4.420570445980847474e+00
8.114858773658349733e+00
-5.182682784344846638e+00
2.055820555651780790e+00
2.803513396607343466e+01
-3.338671691422284038e+00
6.059826453458073026e+00
2.476239801879405178e+01
4.857481269363161935e+00
2.006694372953295513e+01
-1.872320178773493282e+01
1.214497529434335377e+01
8.884825539945484962e+00
-1.170805443917610589e+01
9.275983433452715587e+00
3.528870618105135293e+01
3.085945604707639944e+01
-1.084971784443592879e+00
-2.473999736389821180e+01
1.059421007220712951e+01
-2.230630098928316229e+01
-8.698268955060761698e+00
2.812097416109310188e+01
1.621393180199046213e+01
1.203875981083757374e+01
-2.507728343669224458e+01
3.437059367500685525e+00
1.661509111296425978e+00
-1.793855147866102939e+01
-1.933721326008790697e+01
3.903320855252486732e-01
8.051717624604625811e+00
1.650233041056016958e+01
-1.256427371279573180e+01
5.648962702887180498e+00
2.512756986867205056e-01
5.794722362412819017e+00
3.003208788779598848e+01
-1.446499561698374947e+01
1.117993643408737015e+01
1.941404478429666902e+00
-1.098724118056805388e+01
-3.306985356234461193e+01
-1.372107038087922604e+01
6.903754963697661395e-03
-5.257724149399104263e+00
2.829450266393628866e+01
-1.007181463209254524e+01
2.545671500250766606e+00
-3.954461104563756102e+00
-6.819221775596515656e+00
-2.183590621381317476e+01
-1.092298615617683488e+01
2.861596002947790751e+01
1.436722792123548409e+01
1.342162977606523455e+01
-2.983494191672297902e+00
-2.258955169157724896e+01
1.098341111723629560e+01
8.919122924617242987e+00
-6.212583569158950603e+00
-5.185831232299565663e+00
-1.183298592839706398e+00
2.910467217519002148e+01
-8.356026990488452100e+00
-2.492235689569283874e+00
1.715098387960806292e+01
-6.923702443742500989e+00
-8.824545686516374943e+00
7.909488511384198617e+00
-3.885521189664085284e+01
7.145574233457058000e+00
-2.039685511767316228e+01
-1.552819417268945479e+01
-9.818853044580345468e+00
-9.487195143221134330e+00
1.980921241430626978e+01
2.803356090810367363e+01
8.661379470993647800e+00
-3.070342528652306058e+00
-1.917923748528238548e+00
9.025264411936168685e+00
-5.503883448339499829e+00
2.585137439717381369e+01
1.178143282671590697e+01
3.264667788840648655e+01
-1.100024237869870092e+01
2.679339667287218063e+00
2.146944939534977337e+01
1.616253975722294456e+00
-1.557780707057697445e+00
-1.375596079700166818e+01
1.368437411828889871e+01
2.922734962401173142e+00
2.130844121204464425e+00
2.254888599873608612e+01
1.262558410899168670e+01
1.416583728883405868e+01
-3.497972239563391383e+01
1.211436792943607976e+01
8.405246771288560126e+00
-2.372197743020241845e+01
2.628890858725341673e+01
1.310244897440815137e+01
6.493175537639311656e+00
1.556870945930224615e+01
1.680360000312888502e+01
2.969371678051433605e+01
-3.697590798871811302e+00
1.117709836711023819e+01
-5.404447553602260967e+01
1.272655109141599539e+01
9.707202231524769687e+00
9.256165814176483764e+00
-5.905936467852950678e+00
-1.261516383262846119e+01
-5.549623608002557162e+00
7.340082500138230159e+00
3.734585538462980026e+00
2.710290581381992858e+00
5.770676371167146712e+00
-1.938973705816828819e+00
-1.485802912501331008e+01
2.337598930879814674e+01
1.601621362122502745e+01
1.901725403463972697e+01
-1.455118812135247808e+01
-2.656055585144083864e+01
1.817232393236932353e+01
2.387860190581850262e+01
-3.797572931903493210e+00
7.621502680403938967e+00
1.619325184217611735e+00
-9.986628919223942802e+00
3.394629695902035138e+01
-3.762511002705423380e+01
2.164026537958988472e-01
-1.572259421719133421e+01
1.376450832697234716e+01
4.518292312402452104e+00
2.378478104681262550e+01
2.586278115233977104e+00
2.861034106813319866e+01
1.371241710408544634e+01
2.189954282051417422e+01
4.469871922101830819e+00
1.558717378550915988e+01
-8.428825584007885174e-01
7.697383625487331571e+00
-1.375765651234861942e+01
6.672533863388286690e+00
-1.114518184363353548e+01
2.611724647713455383e+01
9.892934114052387429e+00
2.361460961383838963e+01
-2.299591562375758613e+01
-1.143015536162509349e+01
2.290978947989876957e+01
2.259978517241992435e+01
-2.491096895126234756e+01
9.065979869785369516e+00
-4.111807859332647475e+00
-1.711588999456027693e+01
1.764330683186741666e+01
1.626900021904391647e+00
1.321890188978404623e+01
7.780971743792463258e+00
-3.015643624808991285e-01
-2.549862460981311330e+01
8.212906272410275932e+00
-1.523632499327547407e+01
-2.472100562265333679e+01
1.569786164446060717e+01
-2.578723307395724262e+01
-2.411962061090360976e+01
-2.063958823114437902e+00
4.333118502899242941e+00
1.449666921114300244e+01
-3.358320827579623824e+01
1.494114787001065814e+01
-1.189508244714302609e+00
-2.276148588641851767e+00
-1.993435575287007211e+00
7.661089747937827710e+00
-2.043790011206156620e+01
-6.664547430477265166e+00
2.842901618373327111e+00
2.083730219492554880e+00
3.202853592544268935e+00
-2.303449689295520297e+00
7.098470376719694386e+00
3.581631823498218736e+00
4.511208996456738340e+00
6.582015747064025923e+00
2.293287806034383536e+01
4.413299425517357655e+00
2.895807919113509143e+01
1.812849493477549245e+01
-1.669284034441120212e+01
3.592486221476359765e-01
-5.155448369372485296e+00
1.758124187489243706e+00
2.899411632242013326e+01
5.602719902157966558e+00
4.809354987171650997e+00
-9.438459409107936793e+00
7.939479590268710751e+00
1.151960572085716272e+01
-6.273476303720084246e+00
2.736866146650547904e+01
1.420801027895320168e+01
-1.001901513249620024e+01
1.284414771775029607e+01
2.933545134272139876e+01
5.655517840275742003e+00
4.490831934801487790e+00
1.802706671968958929e+01
-2.890377164354627126e+01
1.208073621469113590e+01
9.981141585871370125e+00
6.050179063466602258e+01
1.415950080183617565e+01
5.922781422230196213e+00
1.390907875672298744e+01
-1.362027698433535505e+01
1.232825929462852876e+01
-7.535946043310696396e+00
1.051491212139585940e+01
1.252640281462000793e+00
4.313735315439529039e+00
-6.387054098132312951e+00
-2.824569796283846301e+01
2.994471650584064726e+00
-2.123671267930991391e+01
1.277736935544022856e+01
6.853464470459643465e+00
1.765963975703455091e+01
-1.101911155392881447e+01
1.419810470151834636e+01
-8.307992413161541023e+00
1.775011794421109101e+01
1.998989529236644636e+00
-2.562830923954452000e+00
-1.290161259186124987e+01
4.251978266742493240e+00
6.975180604035847054e+00
7.400146411858550266e+00
4.517989935403193158e+00
8.006103080083340373e+00
6.461366352539710256e+00
7.303865192333660161e+00
-5.232774274615296406e+01
-1.121141941530744113e+01
-5.100010712576620975e+00
9.603066785197077238e+00
-8.888851324877109050e+00
-2.227599217334168458e+01
-3.260782313219600326e+00
-4.369974979235153434e+00
-5.285553273481617964e+00
-1.207797839676882212e+01
-1.151409788214014629e+00
7.783725191565395107e+00
-8.414558643348877709e+00
1.049358499096052633e+01
-2.541881992995914885e+00
-6.346135372468449276e+00
2.522555840468854527e+01
-1.771775221862603544e+01
-8.734807871106934130e+00
3.636675935492288403e+00
1.631026210028043621e+01
7.661405667512699580e+00
-1.238341904796652315e+01
-1.774269228556774891e+01
-2.756055580157266149e+01
1.045492588670445855e+01
-2.692783785203788938e+01
1.463861835373142029e+01
2.010277768651831209e+01
1.247335197897287173e+01
7.716218632456060433e+00
-5.388003076657488233e-01
1.543641593736520878e+00
-4.031932353138230951e+00
1.749412480309591444e+01
3.526850928141254116e+01
-2.324607464382396316e+01
-2.301645022781985972e+01
-3.020603913961225073e-01
2.372367829702374031e+00
1.541125668940866511e+01
-3.971811283872476395e+00
-6.403033720438276788e+00
-1.147586523488552501e+00
2.332130602230855843e+01
9.726911485383633149e+00
1.594180347241951345e+01
2.979388170262355473e+00
6.613482647949383342e+00
2.158200996502158731e+01
-1.021573294872997195e+01
9.524498353445022047e+00
3.595809246469309883e+00
3.452090672433166674e+01
1.605358012922986077e+01
-3.908963212170085910e+00
1.379863757366671528e+01
-3.390755927776865519e+00
3.274242231607593823e+01
-2.860492667141623713e+01
-5.300395207091761485e+00
-1.083141100992625727e+00
-2.538675764181340000e+01
9.305671792778158036e+00
-1.798638994476786879e+00
-1.793967910215028283e+01
-2.085845158298915081e+01
-1.789270288442200751e+01
-7.536354611397745096e+00
1.153138001955761460e+01
5.396892564448510399e+00
2.606905488192889919e+01
-5.165553727590473265e+00
-4.591200732577630284e+00
-4.057615892058989004e+01
1.259735747327083288e+01
-1.278070806712761076e+01
-6.498419175314064766e+00
-7.064965461264257840e+00
1.591671545631755258e+01
5.302867564598231276e+00
1.146681323653555040e+01
4.627220462573115256e+00
2.512215573998200924e+01
5.412359041847877528e+00
-2.922806786888487451e+01
2.230259598939768750e+01
-2.228924030055400962e+01
-3.836544175074511998e+01
2.739090217568699259e+01
