-2.949127845479871279e+00
-6.779622562402893848e+00
-9.091431759177356908e-03
-1.700188879389442631e+00
-4.156709115358831141e+00
-3.389825177098776177e+00
-6.938308127264206426e+00
-1.768055054933247305e+01
-7.191817050001032996e+00
-1.027840448339897783e+01
1.009316051473871267e+00
-5.233581283561134612e+00
-1.058254589857728867e+01
-6.889327674555922876e+00
7.051699076353688866e+00
2.311634226592979235e+00
-5.694134734776036488e+00
7.143363615965566460e+00
7.544780248686279833e+00
-1.285852652731358958e+01
-1.526396816639574894e+01
-1.152221404841895280e+00
6.052263115142715755e+00
-1.379343341219633645e+00
-7.564345602220861053e-01
-1.037548636847900774e+01
-9.769657360794541390e+00
-3.069490847210382345e+00
1.166380370862534122e+01
1.870510623099401570e+01
3.376208205047680211e-02
1.607183267160214868e+01
4.594679561032953830e-01
7.559871034235778886e+00
2.498519041469621893e+00
-3.584528439492418617e+00
9.438885069360345881e+00
-8.503213107419490768e+00
-7.651360580941429568e+00
2.893257308926849181e+00
2.336637606672748646e+01
-2.638484965120286407e+00
-5.401427753741456783e-01
5.725169025453016758e+00
-3.859067731967476877e+00
1.496349140971587666e+01
-4.028564704900641225e+00
-5.721263102638278752e-01
-1.042885137889632574e+01
9.500372595596681791e+00
4.769096270917674296e+00
4.792424935881500758e+00
2.975908650147981227e+00
-2.451994982138100188e+00
7.460016050409329580e+00
-1.262090425607213540e+01
2.077065712739974757e+01
-2.537135790311066064e+00
1.573748154055479409e+00
4.394012477044754839e+00
1.293588879811241155e+00
-1.002363590773967417e+01
-7.999970086604102804e+00
1.213354959204604810e+01
1.189436842825355711e+01
9.581823735109040285e+00
7.773723150240783752e+00
-3.057196611502972505e+00
-6.444433239695204207e+00
-4.367913115386691025e+00
-2.476693688340513511e+00
6.759906887373840156e+00
-6.969363057422133245e+00
-1.208186474267500010e+01
-1.261249033171448097e+01
1.322593511932489285e+01
-1.318614794618379982e+01
3.708322171739336870e+00
-5.345447703289117669e+00
2.062860450119204714e+00
5.220700087825790092e+00
-1.058291403713481671e+01
-1.101393530249509389e+01
-1.634675892678470532e+01
-2.417646521740344667e+00
3.850502948937990499e+00
-1.318488615165295563e+01
-4.864087765827185272e+00
-1.113771105084595803e+01
-2.664757832336016818e+00
-1.177930028663734774e+01
-6.631666998472692143e+00
1.595189313158168787e+01
-1.295551226604144901e+01
-5.446899338258842427e+00
-4.377717670204634537e+00
-7.108593850932834357e+00
7.252639951349076242e+00
1.203255285077263181e+01
-7.994443737835283059e+00
-1.427453128237267066e+01
-8.861840457281326522e+00
2.666353543526149561e-02
1.128151449040860221e+01
-7.432441704843187225e+00
7.738152194546629836e+00
1.970445970789554524e+00
-7.185600641214554329e+00
1.478522184985187415e+01
-9.787456801039027710e+00
-1.052063022746471566e+00
-5.568724999666742725e+00
8.250711225142456584e+00
1.001657538675737236e+01
1.158297834490415212e+01
-3.575218403369291309e+00
6.228212934236107223e+00
-9.170050200690260667e+00
-7.395397450294629138e+00
6.538258821349819172e+00
1.187290480413979843e+01
-6.030409926872802862e-01
-1.528915059486126005e+01
-1.529953819735175280e+01
1.167679352886214872e+01
-5.064365272339634849e+00
-1.494752505414832378e+01
1.353427709931747991e+01
-1.411847608092535289e+01
3.065280443511491626e+01
1.355424745200393843e+01
8.141606764310614919e-01
1.769646263358089300e+01
1.998004973163724429e+01
-1.285071594706816756e+00
6.712533182508535923e+00
4.106882147279690365e+00
9.457785669183147448e+00
-2.148896431039212729e+01
-1.001049889702777085e+00
-6.113623696376193628e+00
-9.108117143547412198e+00
-3.463641975990999988e+00
6.088734483787765939e+00
-7.531142864674196247e+00
1.557005209374804799e+01
-3.686356404739396186e+00
1.498504788601524140e+00
-1.315952361468479914e+01
-7.106818113421471850e+00
-6.787390418350173427e+00
5.580129121626090871e+00
1.106218606469152554e+01
3.378438018144099164e+00
9.258506544631007529e+00
1.208094701205257593e+01
-1.145473885190285301e+01
-3.810300442670405463e+00
1.506277181231416629e+00
-8.865672794050318828e+00
-4.196457205735247165e+00
3.969855048432777256e+00
2.850324363337082723e+00
-1.198081877007948215e+01
1.465628096199270702e+00
-5.623743886130008640e+00
-1.000207605605863037e+01
-4.222834013922599716e+00
6.062456411852822136e+00
-8.852773286167121558e-01
-2.734281342074511656e+01
-1.132645585438825897e+01
4.457858160041669571e+00
1.557564819762474251e+01
1.238545109115084841e+01
6.912036246399262396e+00
2.102143839349098542e+01
-5.359223820488740131e+00
5.155184914803196961e+00
5.488034335748227299e+00
1.901162294007822240e+01
-9.518456573400237986e+00
9.119601069156006712e-02
1.930311437473803338e+01
3.690807202409685517e-01
9.693744913680397701e+00
5.814582039010980807e+00
-1.320186952547596171e+01
-4.307332947236317544e+00
1.816874778428431370e+01
-7.771383214377707738e+00
3.172451480238108079e+00
3.259718920301809320e+00
-5.225034192151934320e+00
6.348788869834860016e+00
-1.693826342355438541e+01
8.662948712560096354e+00
4.424024433659274003e+00
2.667040126897900265e+00
-1.617426530467107071e+01
-4.899479694575755495e+00
3.817066229409934675e+00
-4.473118219189841760e+00
-2.735101517787945369e+01
3.253032647079944883e+00
2.725833727300427167e+00
6.037014349510824829e+00
-1.733845403538791574e+00
9.337193251669006600e+00
1.108132959107867244e+01
-8.911681892287612428e+00
2.050333740337757504e-01
-4.620640285348407872e+00
9.029376350043820665e+00
-1.675325460165349778e+00
1.276736292153580976e+01
-4.955568242774549326e+00
-2.453235233557586437e+00
1.031695652336915847e+00
-5.780408688453094079e+00
1.700733686794123045e+01
1.069871526215187663e+00
-2.789371683644912281e+01
1.175763997577775477e+01
-1.145304426411525611e+01
3.789307677040110178e+00
5.080481813043559391e+00
-1.973888064415656007e+00
-8.240504862195651370e+00
-5.383346438258062250e+00
-3.517440044605783189e+00
8.356425544875558664e-01
-3.784882140882987578e+00
1.212011632016402052e+00
1.219502144197166338e+01
-1.819061725742759350e+01
4.147298000222773839e-01
-2.240294396050499959e+00
7.805820415875900586e+00
2.747920080582080260e+00
1.294171177536203388e+01
1.207123341883530543e+01
-1.249374028338864129e+01
-1.611741744047179026e+01
-7.025791616132905482e+00
-6.510232959662905827e+00
-1.090044912765999019e+00
5.448227149060101304e+00
-8.537677695226676633e+00
-1.429930747559660453e+01
-1.429782110370474868e+01
8.847281132760005384e-01
-1.957120134711481185e+01
-8.114007429062422005e-01
-5.196253313533159002e+00
4.400853253600913284e+00
-1.549753031453280450e+01
-1.026291532786707705e+01
-7.153611438856735560e+00
3.717549212736229070e+00
1.217735500059380804e+01
-5.460021969856008184e+00
-6.000589600767920750e-02
9.263143899945216475e+00
1.718714208930107645e+01
9.806551810208894437e+00
1.721933993443704480e+01
-1.573760105143360732e+00
6.127295222830737131e+00
-1.185039537867836401e+01
8.077127104372660682e+00
-7.805656572485354161e+00
-2.443576178869747650e+00
-7.881421032971116070e+00
-1.271327686208905838e+01
-8.482373460106565233e+00
1.768252689875552619e+01
6.976323647824379748e+00
-6.027921334668731923e+00
8.071530849643544059e+00
-1.217889822443448899e+00
-3.068020244025032284e+01
1.608847309282033677e+01
-1.394918508887468711e+00
1.034275441192896139e+01
-1.025535391404227781e+01
2.700374821679240256e+00
1.937200657305736939e+01
1.297866471122394216e+01
-2.341989075180093582e+00
-3.875316523177797290e+00
1.081042182627285442e+01
2.241277288553061631e+00
2.517730513152732552e+00
-4.881936677471134800e+00
-1.024702546440475759e+00
-5.057480284413987448e+00
1.497872836541751873e+01
4.363448043023131717e+00
-3.450279581013117713e+00
8.178889789053037873e+00
2.678462823244298630e+00
-1.604058875169351595e+01
4.454334884456556232e+00
9.845940562004129148e+00
1.141305378184324759e+01
-5.773046977505184252e+00
9.643781276812949388e-01
1.283806923199924555e+01
-5.905425361483433555e+00
2.246153851331879281e+01
8.394520218634797359e+00
-2.827882168037489929e+00
-1.576032862948209257e+01
1.377930447958384041e+00
7.362964024114032391e+00
-1.346096843598079928e+01
-1.780733549691058926e+01
4.857206860726216213e+00
3.981725262184593550e+00
-1.103185444311793439e+01
-8.327093256286003387e-01
-1.243845957063592600e+01
-2.679507194408779824e+00
-8.349139360350081418e+00
4.834058677917969504e+00
-8.970077830804513042e+00
1.274137300320711708e+00
5.368970915064535276e+00
1.568908298097585474e-01
-7.322272201151969639e+00
-6.315248909784472175e+00
2.718390530025655671e+00
-3.973285725340242269e+00
-6.501720762457040337e+00
2.536275258515526598e+00
-4.941567564939542301e+00
2.067614947199900399e+01
-1.461947917387521301e+01
5.859979282706631487e+00
9.481274742744274064e+00
1.727107227981827720e+01
1.859845958065982074e+01
1.150083003020567851e+01
-8.109840396378656280e+00
1.760849735442039155e+00
5.616293351502648079e+00
7.294727696713194653e+00
1.179886500431556406e+01
-1.493175965523328053e+01
-3.593941210466474079e+00
-1.328195755864108918e+01
-7.684267955906595837e+00
8.607809643672366562e+00
1.743736910493770864e+01
3.490639328329415481e+00
-1.352988621192748120e+01
-9.511080072115879247e+00
-3.094537264371083563e+00
-2.207597620899750979e+01
-1.159566526255912144e+01
-1.366515393040426929e+01
-6.750581514928125415e+00
2.141602323833282284e+01
8.924348215305540677e+00
-5.696836255302177854e-01
-1.825275984752078173e+01
3.432692522751543862e+01
-3.268309738749338056e+00
1.196808361913975993e+01
1.595726944347491205e+01
2.275132123467106471e+00
-1.046254029010967024e+01
1.079548096247687106e+01
-3.359469360705354291e+00
8.234978444477748738e+00
1.511518315317340821e+00
-1.906861782236400682e+00
-3.044112625382951354e+00
5.163668118668065077e+00
-6.974056714628871667e+00
-3.050612795211003814e+01
-1.575642827866665918e+01
-9.380784050759514159e+00
-9.087223972988244469e+00
-1.766669365065544728e+00
8.068354924812617401e-01
4.832368646942296841e+00
1.345175429859297722e+01
5.304467075488791927e+00
1.814717396475350464e+00
3.068835699472940437e+00
4.195980106440343249e+00
1.098544133539870321e-01
-1.600904486639224444e+01
-1.148459405841676251e+01
-8.558101600750736893e+00
1.703176916486703973e+01
4.289021981506135894e+00
4.093822817230263200e-01
1.702830678893704430e+01
1.371893006904199730e+01
-1.100432388184243671e+01
7.413510988195132434e+00
-7.924940572819471285e+00
1.643091574755952777e+01
1.188032668972398476e+01
9.227538352203991323e+00
2.336007625002125110e+01
1.279685079237857614e+01
-1.508740131340988988e+01
-1.204068461652808564e+00
9.429304058224342810e+00
-4.502058398870803835e+00
2.226173078708446695e+01
-2.019661560946516943e+01
-9.053076991553830055e+00
7.669805240807584745e+00
-6.578861246119684481e+00
-2.608187730699702112e+00
2.171243492910526030e+01
-7.853886234893016072e-01
7.674901096264107103e+00
-3.728833148271645026e+00
-1.020639062431238919e+01
3.010638395901916287e+00
-1.052897430146626068e+00
8.565318528300627676e+00
-1.482779516241020445e+01
4.616523787205932372e+00
1.451047648058974637e+01
-5.992763319042964554e+00
3.239089766797957903e+00
9.557828096488401926e+00
6.869566836159989087e+00
1.012754070340271539e+01
-8.660563956216289938e+00
8.354024789049619315e+00
3.795833014048959786e+00
6.977231071775962690e+00
-1.808827359870311824e+01
-1.201637851833759463e+01
1.779106493463505245e+01
-1.844215479498261701e+01
1.152711098243550403e+01
2.990137634871791850e+00
-4.995830552137368485e+00
-1.147155083888045013e+01
-1.222627936184427178e+01
-5.647170574047946978e+00
1.654363640135550817e+00
-1.367523838327664976e+01
2.816342059308687862e+00
-1.063128718965528030e+01
-7.010200275969739714e+00
-3.429988808044472093e-02
-1.718509895027807843e+01
5.216837289742796813e+00
4.833794152032226954e-01
-5.659812831307813319e+00
-1.864205482921884283e+01
-1.506303023736561286e+01
-8.373683762528477459e+00
7.744429281510968544e+00
1.888342659022207926e+01
-8.550954318973946755e+00
-1.954558095779766802e+00
1.650891196648580461e+01
-4.798499346648235964e+00
1.762254397982799148e+01
6.381384405428398132e+00
9.942671190449400953e+00
1.003058023739505478e+00
1.312510401039779495e+01
-2.895056051278552811e+00
5.658504571009931539e+00
-1.827120193601495046e+01
3.369427092437620175e-01
-7.933749066011670514e+00
6.160244399799881698e+00
-5.461321769597408782e+00
4.050729623789899314e+00
4.316425273843747412e+00
-1.330904000391145736e+01
2.906949219976004972e+00
-1.284450422880667197e+01
-3.360330786460427266e+00
-8.674138118767871219e+00
-1.603819004214591359e+01
1.176274131226484876e+01
1.386110117201915060e+01
-9.444399876440122910e+00
3.401051898475891289e+00
1.873721425402127272e-01
-1.606553492399466876e+01
4.968019226810535649e+00
-4.398950358044277920e+00
9.871561020507376938e+00
8.849469646428501646e-01
4.875628939121852135e+00
1.275517923099609341e+01
-6.407018974084635943e+00
1.135907889804497017e+01
-4.746345799844722713e+00
1.664149237877035503e+01
5.967801586735327568e+00
1.435432558280448800e+00
-8.396194475104696409e+00
1.372377643419552129e+01
3.750435028592377318e+00
-2.098479212684785722e+01
5.716420337699596566e+00
1.913927429324693108e+01
-1.214369147290784312e+01
7.270353358350288842e-01
3.786569659711851443e-01
-7.602367349558011966e+00
-3.782229166978231305e+00
9.984917661585109627e+00
1.365257057430098087e+01
1.165390578095707674e+01
-9.477149668709479613e+00
-1.980802977930954611e+01
1.070726918239168945e+01
3.138360613031002000e+00
6.800576873876313044e+00
-8.785529861218236647e+00
2.074046235377468017e-01
-4.350624503672947396e-01
-2.494343624688491801e+00
9.875547787172020975e+00
1.896924912573021871e+01
-5.764617832668439412e+00
-1.420103578419963819e+00
-3.822973725023242508e+00
-1.318575188855336933e+01
-3.095168465287807535e+00
7.909149767973621792e+00
2.764712276986485762e+01
1.937204600250771902e+00
6.247618263580483777e+00
3.474155501564534898e+00
9.580770648753055951e+00
-1.408035031910428891e+01
2.048664068660290827e+00
3.496294999826548011e+00
1.591154026689099865e+01
5.913816162439722746e+00
9.474853366158688672e+00
-1.662750094784334776e+00
1.234616048614474337e+01
-7.343922869365067996e+00
1.011346305692509162e+01
-1.493673469139155552e+00
-8.241790687538212978e+00
-3.881599737150227547e+00
1.263071104624073193e+01
-2.819507842763562255e+00
2.060858547448377820e+01
1.224485512823067879e+01
-2.076014624746400017e+01
4.786050057246959533e+00
6.292393543971000369e+00
3.004761289537999591e+00
-4.547596878810098997e-01
-8.235446488870222126e+00
-7.633051924559263846e+00
-1.120491921207788799e+01
1.961096222035616510e-01
-7.310040530419877669e+00
-1.800158684803800924e+01
8.080995112346890608e+00
-9.096861363210607010e+00
2.536780722812415068e+00
2.023148150431598680e+00
8.805996735894145999e+00
-7.621944166114749564e+00
9.374749695132964078e+00
-1.665855163327955912e+00
-1.643328153355651722e+01
4.402335186091014485e+00
-1.101024733632662844e+01
5.438993594476150939e+00
-1.206682445492274880e+01
-9.758602006790061623e+00
6.833376066811918115e+00
2.581315459067333506e+01
-1.247652943058793618e+01
-2.158461996356531021e+00
1.751278506292799619e+01
-5.461318281563772636e+00
-8.857501896198861857e+00
9.312676748079022460e+00
-1.444424554343319933e+01
-1.809355344178700520e+01
1.129278762604091035e+01
8.146878953936008472e+00
1.417867128844572200e+01
3.208406489017215701e+00
1.196346205031358423e+01
8.745346068082760382e+00
-6.652410075860691663e+00
1.228061004161606995e+01
3.277640928741066606e+00
1.080565884017927658e+01
-3.265567401660385283e+00
-3.751777597750330706e+00
-6.994293942130274999e+00
2.039023322043881592e+01
-2.046074548627672129e+00
5.557211375134213149e+00
2.631301816116230263e+00
-3.067122163676215596e+00
-1.431217843512499499e+01
1.969587567139683637e+00
-9.164958921931555480e+00
-7.404522672765764035e+00
-1.776847920400004810e+01
1.352181445217206068e+01
-2.590760874196777142e+00
-5.301652500506053300e+00
3.313291714980594094e+01
8.518908658990525851e+00
1.288024714292170003e+01
-1.041001819870420952e+00
-6.792293022438634864e+00
-2.403684883192532595e+01
1.124387844124622760e+01
-1.988805549839478770e+00
8.406743582236234857e+00
-6.107270173442604921e+00
-1.588751305093824584e+01
1.929716280528134931e+01
1.821196306757421501e+00
-8.923551524158709114e+00
-9.986221341137275331e+00
7.434251928707663382e+00
-6.735293321502391350e+00
-1.867766297023150202e+01
-1.175920710808613379e+01
6.538027353220376980e+00
3.350893197688502134e+00
2.723312364473302605e+00
-9.012987534321064587e+00
3.049968310228883261e+00
1.736816744782977295e+01
-2.850959734276934388e+00
-2.157375269212425728e+00
1.034651007502720788e+01
-2.232019126217193872e+01
5.206232503081365870e+00
-1.083090053693787169e+01
-6.947878375488856229e+00
1.415920213367442493e+01
-3.231846144826697298e+00
6.726597137924977154e+00
-1.005132274494257949e+01
-1.544431938811232641e+00
2.016742355846862900e+00
7.365002110386196232e-01
8.541327922037966758e+00
-3.041936133113747887e-01
-4.695234863459146091e+00
-2.198090535336340690e+00
-2.428646763943842046e+00
4.311497638816338629e+00
1.223600775111192540e+01
1.153393668492432766e+01
-8.122151989171220166e+00
1.032946567796354209e+01
-1.257274682814966127e+01
-1.754280777980793005e+01
-7.075785799936516796e+00
1.336118239533361240e+01
-5.444548281678436297e+00
-1.338232110581052403e+01
2.820160980482385060e+00
-9.109199365354262667e+00
1.136272869212528214e+01
-1.550430242732673669e+01
4.133719778327225924e+00
-1.171054382800663340e+01
5.858024548257594333e+00
5.175953718584798580e+00
1.828853776208964277e+01
8.515471495810718494e+00
-8.934465270885558752e+00
-8.032622573247749642e+00
-1.449938402625233813e+01
2.755648976394466931e+00
1.105284655119975490e+01
-1.484365544921125846e+01
1.205238954760252135e+01
-3.420135120366682546e+00
3.788391525563778561e+00
9.025643364322275986e+00
-1.884660472919880547e+01
4.999138733010857649e+00
-2.965668260076540275e+00
-8.875801134870568987e+00
-4.806576327180179575e+00
-6.381794268329800346e+00
1.482164588359190383e+01
3.224163059636689699e+00
-7.290856956808411837e+00
2.911301219101497395e+01
-1.149509270301935793e+01
1.201133007836246769e+01
-4.107484398981684492e+00
-1.167028983314783019e+01
6.827470732120957564e+00
6.221328534035906799e+00
-1.303965841161587491e+01
1.288980501685153257e+01
8.011580027337210197e+00
3.177601357544142857e+01
-1.949445456578991198e+01
7.741894531625120868e-01
-4.556709652677332301e+00
-9.575755415634274570e+00
5.102620336160743619e+00
1.070348883174150245e+01
-1.037007166954022885e+01
1.344313382419104030e+00
-6.454391849549025117e+00
-5.562301195698830192e+00
-1.019362423694953357e+01
3.152042936073534563e+01
-7.479771282799040577e+00
1.467309322104771319e+01
-5.461055328414534671e+00
-6.707017061867918351e+00
-2.073472140839599831e+01
-4.247130016643154704e+00
2.070873705558405575e+01
-8.609858675551810947e+00
2.869040579749617681e+00
-2.508132923452307850e+01
-2.686770199272462989e+01
-3.808184114172028512e-01
-3.118773838686656585e+00
-4.975449771947594968e+00
-1.133006023334237194e-01
1.883554683443163924e+01
-8.564875765266279473e+00
1.097512170926949793e+01
1.674570738458915997e+01
-2.095322091961913813e+01
-5.475751057262669974e+00
-1.204990210511616233e+01
4.883763327701189816e+00
2.487265844967281581e+01
-5.899017340831171019e+00
-2.225108761016804948e+01
-2.889309337249514442e+00
1.843340382079137996e+01
-1.003831198436939864e+01
2.100977490073486820e+01
-9.068758157099740203e+00
6.877578595827148256e+00
1.935298539445238930e+01
-1.661079849120501351e+01
-6.731087476359116195e+00
-2.601874089374017540e+00
1.018356872023823190e+00
-5.343148854376398305e+00
6.761888606097243404e+00
1.150916152608183651e+01
1.972267682229130514e+01
8.801960249256625346e+00
8.382197743308051230e+00
8.823481386359874890e+00
6.824305286565064854e+00
2.756362039846654355e+01
-5.513443732781881934e+00
1.186240199019897013e+01
-1.326424245140557900e+01
9.595759541318916064e+00
1.688254557276219092e+00
-1.738842565392410888e+00
-1.186414946596654829e+01
-1.571507571541335047e+01
-1.009465380709357457e-01
-1.517605191035050760e+00
8.246451561366897609e-01
9.877106944631814045e+00
-4.831856831363093185e+00
-9.723002615288523387e+00
-8.987021482057264699e-01
1.336565927250222607e+01
-3.336810939744896398e+00
1.483897364579274303e+01
-1.212238920221756366e+01
2.962731932441852845e+00
7.948672607194059658e+00
-2.339928545923196435e+00
7.917999995353778964e+00
3.992428475758579065e+00
1.941009139651530768e+00
1.132487125952309981e+01
-9.157428592840128445e+00
7.279395700504563749e+00
-4.260272636695130899e+00
5.481654170737144227e+00
6.583825040913307447e+00
-2.979553114527345059e+00
7.829167711451908040e+00
-2.907041790452106422e+00
-1.607171866923407189e+00
-9.416107685058085153e+00
-1.713303945595838584e+01
-5.687848692182188026e-01
1.485582727843474871e+01
-1.804114509622199591e+01
9.530651563403894855e+00
-9.896364563732420905e+00
1.709725569559264358e+01
-9.082942564029229615e+00
-1.161319288658170201e+01
-2.009622117938750918e+01
3.363387164972513776e+00
-2.127250961706785404e+01
-8.607548129254478653e+00
3.656966352682258226e+00
5.336523392031806701e+00
7.636785843843099109e+00
-2.519314715553456541e+00
4.468559303765947455e+00
-9.966435693741605206e+00
7.976663608408297357e+00
-8.998961158327345444e+00
5.219870851397440115e-01
1.327705080592884723e+00
-7.599528843132026701e+00
2.999077973599142855e+00
-1.741333759874816067e+01
-1.939361015586467829e+01
1.421213133729911871e+00
1.156236706705727890e+01
1.320868420115590958e+01
3.317308343868919929e-01
-6.592643662203302668e+00
-5.996378713118470039e+00
3.319839856525245825e+00
1.382855878774937253e+01
3.024355882008377350e+00
8.331518145304955825e-01
-1.572657653230683472e+01
-1.009405892345676214e+01
-7.335038989711925694e+00
-1.436352937061566859e+00
-7.194273264391987110e-01
-1.627696917385029352e+01
-1.428935530927528674e+01
2.196900205372478432e-01
-1.928926492975259477e-02
-2.169240543770472485e+01
1.220135048191344218e+01
-6.538690638588314563e+00
4.695142859075586372e+00
7.121470758802769474e+00
-2.183878295700121441e+01
1.425553467733193536e+01
-1.474754774964557136e+01
1.602092412335200500e+00
-1.093539124169844667e+00
-2.239991823251497394e+01
8.892005982008090115e+00
1.071224518085059429e+01
-1.469412151224769225e+01
-3.479244401824970634e+00
1.268863297948710844e+01
-1.563238293968749382e+01
-1.232147748202359061e+01
5.761162007390580264e+00
-1.698119942297429219e+01
-6.026071603191001991e+00
2.219728779528785001e+00
-8.660307395052067037e+00
4.660517700004350949e+00
4.808625459959273485e+00
-8.924854042544595245e+00
6.012651008639251060e+00
9.027343730441796055e+00
-2.146679978707822567e+00
1.253582397846488661e+01
-5.798187297872742896e+00
-1.409665198215486903e+01
2.511684921026321504e+01
6.752867483833407292e+00
-1.812076026125470563e+01
-3.425050958368488274e+00
-1.382480185315284871e+01
-1.854685826697874873e+01
-1.265816446984302290e+00
-1.204994084400401810e+01
3.141160293758208155e+00
7.655032399040164748e+00
8.008245352637531900e-01
4.369762971165045862e+00
1.875155495933490402e+00
-4.701469638295180609e+00
2.755311947483968016e+00
6.298833388127316191e+00
2.564245865086816423e+01
2.481096806775271801e+01
4.460991633295706471e+00
-1.330992876890147691e+01
-1.310225426692367412e+00
-2.843815400470651955e+00
-6.106237121491445707e-01
-1.742674296436502601e+01
8.529139673034224600e+00
3.393998626847499533e+00
6.887232882182339644e+00
-1.298773273878117251e+01
-3.948696096430149849e-01
-2.323741339089324853e+01
-1.184181068688591942e+01
-8.489382798818645881e+00
1.287901734364695017e+01
4.520335990671706661e+00
1.290576201720074323e+01
1.933175686092173962e+01
4.314559421656230853e+00
7.122852693901551291e+00
-1.243026132282337848e+01
1.533170795289212407e+01
-1.609152415708066641e+01
1.468281272450083286e+01
-1.329662911031279293e+01
-1.821441082366020225e+01
-2.615069811282082490e+00
7.605324047318696712e-01
9.574290345156153847e+00
-1.436386181036325027e+01
5.257475866396782216e+00
-5.188235917612430192e+00
-6.249070452818357602e+00
-2.730292041178854490e-01
1.894357514811713328e+00
-6.557528608543711890e+00
2.124853770153913857e+01
1.088620194181008749e+01
-3.340824221300860764e+00
1.550685260105091778e+01
-1.070828217795848403e+01
9.829716795979827060e-01
2.089618685141781640e+01
5.565843203636848535e-02
-6.411377507308620993e-01
-1.251809356047344579e+01
-5.322621604046741117e-01
4.231627532027101957e+00
1.246147458206347380e+01
4.293051735510045930e+00
-1.410986933750159800e+01
6.082816654508298448e+00
-1.711293524106366037e+00
1.217319569881654751e+01
-9.032810651488791365e+00
4.537724814527285488e+00
-9.841486586240740797e-01
-2.000292556735387972e+00
1.004625724102648654e+01
4.554353787895653483e+00
5.964324047706689669e+00
1.105810017607943863e+01
6.400868755858968306e+00
-8.621812146357022755e+00
1.424892530146282787e+01
-2.216633390270403936e+01
1.871766200173602845e+00
-5.893387552507223681e+00
9.031143402696649503e+00
-2.862671797304009669e+00
2.061681974567036058e+00
-1.368984632279193647e+01
-1.629945696547561695e+01
1.393111990727863159e+01
-2.714383973224883917e+01
-5.469878984035713820e+00
-2.287749484164504299e+00
-1.032385883461769183e+01
2.366666331648932808e-01
-3.324897002824398484e+00
3.978174405080351139e+00
-4.746557232297075046e+00
6.978200396138550587e+00
1.065115456896320190e+01
-4.422929113163552195e+00
-8.599994875739030986e-01
1.766497862922100381e+01
1.544445388328871571e+00
-1.221890979941357180e+01
9.715583156365317663e+00
-8.195541545135675010e-01
-1.167490167207859564e+01
9.143122277806146059e+00
-1.799340817807629733e+01
-7.265326925570764871e+00
