7.485095941349607074e+01
1.079902177673093178e+01
7.525771288761168876e+01
-6.200112493264533953e+00
4.347715564276449385e+01
8.319692669754542180e+01
-5.155735235920514725e+01
-1.065928863650224230e+02
-1.392241579373304319e+02
-8.686810730318896390e+01
-1.389071844271938971e+01
4.296196149589214741e+01
-5.939797830455131589e+01
-5.040297004115694790e+01
5.359928047912098492e+01
-1.003333290483121800e+02
1.753599405346449913e+01
7.739163048462089023e+01
4.916089274053964431e+01
-6.182299803760930246e+01
-5.280117851436174448e+01
-6.284554784073798572e+01
1.152940482556692530e+02
-6.218377707677298361e+00
5.894341878980662131e+01
7.068901991744260727e+01
-1.403444764361059640e+02
-9.827389669332973199e+00
6.951032625635889417e+01
-1.766342288387954795e+01
3.962256690652366586e+01
6.139150678339542111e+01
-8.770128290497709145e+01
3.055132193483975556e+01
5.811883462826964575e+01
6.345358474426408435e+01
3.658504486317973914e+01
-1.000335363357406209e+02
-4.481030846838758208e+01
-8.418985985658810023e+01
-1.138605788097172820e+02
1.487564146812432853e+01
7.168526893820438772e+01
-1.064920454567615593e+02
-1.032489094613938363e+01
-8.769006734756192145e+01
-6.730864442533717806e+01
3.049794630455024702e+01
-5.675064562927000367e+01
1.196275859674572928e+01
-1.204837844050778699e+02
-1.539978248598015114e+02
-1.155700176161379886e+02
-6.720317317161592996e+01
-1.669301253408704042e+02
-1.174019766032597261e+02
7.237542566062606397e+01
-8.519338709776360474e+01
-4.322367392149698162e+01
-1.270445838163853658e+01
9.395519806999129742e+01
7.023207911710485973e+01
-6.637742169312656415e+01
8.257974256123402412e+00
-1.298286289011209647e+02
-4.182361393739518718e+01
-1.907235513814188010e+01
-1.550747592966277750e+02
9.167364230704777128e+01
4.893013871618869359e+00
-2.615130150460490910e+01
9.253440173827543802e+00
8.641515422175430672e+00
-1.951603956304985132e+01
1.457690571091064555e+02
5.986818886371528237e+01
1.947909609207188808e+00
-1.631334554613724492e+02
-1.035944164343242733e+02
-3.165272897422416065e+01
1.743933488945191073e+02
5.253105958934813913e+01
-2.312056474346604062e+01
1.399406593341475684e+02
4.767622873076855683e+01
-3.485010851834037737e+01
-1.317342048086697446e+02
2.512988881900177063e+01
-4.956022118617287475e+00
2.208382392475097049e+02
-3.560155776539705386e+01
7.163377456188524661e+01
-2.507176779578946224e+01
-7.997613001040278391e+01
-1.671854442380015655e+02
4.973340322546288661e+01
1.174109409260352948e+02
-5.371988617965045876e+01
1.227220074687296290e+02
5.295689382617467800e-01
-1.371140863609319638e+02
-8.878961890868134788e+01
-5.836619548876225139e+00
-1.201620761078117994e+00
-6.216411963458590151e+00
-4.689631219639807114e+00
8.529083765728195488e+00
9.100421076656570563e+01
-1.475052371014604660e+02
-1.440398536177937672e+02
-1.938764462987596744e+02
-7.321225486892892320e+00
-5.065922494140636445e+01
7.090380595126362095e-01
-6.056251841161341076e+00
8.088484693153708349e+01
-6.500312148612255214e+01
-7.107597342575607513e+01
-5.428566181772588095e+01
-1.063963044725709608e+02
6.021113443510288477e+01
-1.806447217734281452e+01
5.004905223064165654e+01
-1.522765752622621847e+02
-5.063053400049673058e+01
2.436718020915737881e+01
-2.074104662270452195e+02
-1.141321347713066814e+02
2.223619862779355287e+02
7.599052722179527564e+01
7.324421273057868120e+01
-1.182483366161246181e+02
2.599830754557813606e+01
1.287969901494407736e+02
-2.210831921951827539e+01
-1.048624371543612597e+02
1.168758052462224555e+02
5.624097490828254564e+01
3.981272854665065353e+01
9.025662799287036364e+01
-1.601948602292673485e+01
6.000192437422102643e+01
-8.078174464180534642e+01
-1.372827979725308580e+02
-4.557708615418633968e+01
2.257048046295469135e+01
5.011252017497456990e+01
-1.694746302863016183e+02
-1.367229173599675462e+01
2.002350924023000545e+01
2.844567906758857845e+01
1.250568536457466848e+02
8.701813309613820024e+01
1.865053515026414459e+02
-9.763944917571711812e+01
1.055666105894354700e+02
-4.477948430896832477e+00
9.274542116284058579e+01
9.428190228799036277e+01
9.010958363991596798e+01
-7.332697246444450911e+01
-1.066452198199430370e+02
-1.191245762775292008e+02
9.393255387651785782e+01
1.472965477834219143e+02
-8.632695238421391082e+01
4.283706585620051754e+01
4.319653019521651771e+01
1.279433308208997175e+02
-1.268835378728687715e+02
7.849605668922993118e+01
1.064515335609132478e+02
5.958672221971183802e+01
1.705845402570902536e+02
1.757143474100352591e+02
1.680642161408577806e+00
4.443355525443492837e+01
9.197961866156724398e+00
1.490919206141816034e+01
-2.065577252186638546e+01
-1.766247349662437927e+01
-4.659690458314408090e+00
-9.483827736436907685e+01
-9.607871862504495653e-01
1.520243265828940338e+01
-1.806505223548237993e+01
-6.009084429103794633e+01
-2.214656784566643353e+02
-8.928834697500937523e+01
-1.020039070100395406e+00
-9.114644520878954381e+01
-6.360656266948740978e+01
-5.084712621803255672e+00
1.642448907993845353e+00
-5.173095540106840673e+01
3.726340206286350565e+01
3.762073003084596934e+01
-3.250882186370806437e+01
7.152918644844837104e+01
3.788520777921009852e+01
1.689401138141678160e+01
6.851593982919445125e+01
-1.880202479308004726e+01
2.085378734588132232e+01
-3.471774965087383436e+01
-1.543396033371668921e+02
-1.253137824646155707e+02
-3.039408102276551205e+01
-4.135320391888864577e+00
9.651882479485988142e+01
1.592184922678245584e+01
5.098220275262779211e+00
-7.299588969093318269e+01
2.858033867110577830e+00
1.288178536290346585e+02
-6.845599379174251453e+01
-1.693595229909377764e+01
-6.674824064308825200e+01
-1.178418775440760555e+02
8.965092531637114348e+01
-2.514156344711773272e+01
-7.896659045567028556e+01
-1.380782632439104702e+02
6.936091896777824672e+01
-1.287891603462152545e+02
4.477144966123179870e+01
5.547061808128226801e+01
1.865461819083635078e+02
-4.793414962765197629e+00
6.686321703982653730e+01
4.491731584527803989e+01
-5.223638157376125690e+01
3.919635569725583935e+01
5.481497343437933267e+01
1.351930224594248386e+02
-4.666052625056978087e+01
-1.636575038923847103e+02
-4.408553058290156201e+01
1.054056119711441966e+02
1.541942307645350354e+02
2.134979476221311359e+02
3.964837102163692606e+01
5.217345739883717926e+01
-8.749083405596419993e+01
1.686328875840839601e+02
5.470833597726141306e+00
-1.692658912169597443e+02
9.196162359179683676e+01
-7.681492267105674898e+00
-2.662675319293479248e+01
8.833450620047352686e+01
-2.143075434158272330e+01
8.186146898607393041e+01
1.050467954595491733e+02
5.868406696166828596e+01
-6.938344913115247437e+01
1.169173595729146697e+01
4.899551625383192288e+01
2.608642971270159094e+00
-1.694197038915761766e+01
-5.731120107294501054e+01
1.013031139562609724e+02
-4.230035171335551780e+01
9.833876759742287277e+01
-4.537530085003283631e+01
2.002756160222284620e+01
5.925487178726934445e+01
8.702168618906675590e+00
-3.758831880304817474e+01
-5.771975918364263691e+01
7.981620503344859685e+01
1.225019635043870210e+02
9.626364637255787216e+01
1.752249209554599219e+01
-2.403408386306777800e+01
4.608851966411595669e+01
-5.114777054848202198e+01
-4.103837289702732249e+01
6.480512798865441937e+01
-1.449004754348283086e+02
1.231874580387273710e+01
-8.169600158825609526e+00
6.550866250796538282e+00
1.941751269510766775e+01
1.092096142092309208e+01
-3.505477255068282716e+01
1.628349566204673238e+02
-7.774665655403077835e+01
-5.347373943401255758e+01
1.405186529412009975e+02
1.923117060607076212e+00
-3.471010175667331055e+01
2.443347421719833079e+01
4.066086173320910291e+01
1.295215249717752926e+01
1.910201316955586321e+02
-5.546147201747675837e+00
4.851242685074527827e+01
-2.216684116766124362e+02
-1.334946853208573998e+02
-9.144269840638926894e+01
-2.636019522351910638e+01
9.650649263813434686e+01
-9.869060509868569397e+01
1.662070107018461158e+02
-8.132106805451266496e+01
7.734387025829425966e+01
-2.544340643228851206e+01
-9.322857581990627196e+00
7.904825032807940488e+01
2.887569530975590482e+01
8.950511036932148556e+00
2.226205414206474131e+01
-7.098242810072648012e+01
1.019059097522295474e+02
9.264692421646572029e+01
-4.670058306695859329e+01
-5.450326925465303063e+00
6.927930703538117996e+01
-1.531358815059536198e+02
1.477784195444592719e+00
-4.376138281826646192e+01
7.812286170814167008e+01
1.893707857529653182e+01
8.049693411219396921e+01
3.592080868178095798e+00
3.532054511205144109e+01
5.342191614656490373e+01
-3.161618397007742232e+01
1.087810085236642266e+01
-2.827830259986195927e+01
3.451558163747737495e+01
-1.164197395945220421e+02
8.599913575327511239e+01
6.752586598151927433e+01
9.802474665523622122e+00
-3.353120787495101496e+01
-5.341032701247055314e+00
8.871420249209700160e+01
-1.126072961341969858e+02
7.062331662578074543e+01
2.041763708389997021e+02
8.455587467654217448e+01
1.027243526162761782e+02
9.671661268763884323e+01
-1.806098429867043720e+01
-9.833526702604567049e+01
-1.628693216020631382e+02
-2.400846948948178650e+01
-1.213939093711769317e+02
-1.300820585164788952e+02
5.291517535672029027e+01
7.775251693149897392e+01
5.440997545383015677e+01
1.269088440365900681e+02
3.922440879786291390e+01
-6.773074799821888803e+01
3.073736617147976347e+01
1.032964624559178901e+01
-1.436859712952671941e+02
-1.678123505707713718e+02
4.062308110532215011e+01
1.079679682064644055e+02
-5.349500377782424465e+01
2.223928364040041572e+02
1.210999022699474494e+02
-8.393922297851838721e+01
7.603987174600734988e+01
-8.316491401476241663e+01
6.326763178799763665e+01
-4.266128504875131000e+01
-1.590606775571885834e+01
9.227069458482290543e+01
1.199942370256577249e+02
-1.584004643785150677e+02
3.579328439685457397e+01
1.136987487014392002e+02
-7.449613106440969545e+01
-3.640134590439924978e+01
4.627092131736737457e+01
-1.338550731437399861e+02
-4.085421554552326739e+01
5.443704334447806303e+01
-3.602142059692742748e+01
-2.628397580043651871e+00
-2.897807679176848694e+01
-1.109118818790902026e+02
-6.633575316080529660e+01
-1.986195990735875938e+01
-2.327776508909296638e+01
1.307653217173380256e+02
1.027370588451198898e+02
-1.891498090900207387e+02
-1.061170930519400457e+01
3.711027544779160081e+01
-4.280058409765089777e+01
-1.004775321576061486e+01
1.295845062054786467e+02
1.358533679241037930e+02
-3.262237806530144013e+01
7.808092365363816612e+01
-9.567645711844298262e+01
8.157505924253140961e+01
-9.737500048560775667e+00
1.347015229229058662e+02
-2.839829970738234621e+01
4.637574958790444413e+01
-1.359723081551461377e+01
5.184731611524966866e+01
-7.320184997268540883e+01
1.423205682925090088e+01
-4.445342543601025653e+01
-7.609638893421526973e+01
2.945403824731801734e+01
1.022180689017464417e+01
1.185451227633099904e+02
3.321972837415803070e+01
-1.267215444618244646e+02
-1.521996472755999008e+01
-1.516764837974514251e+02
1.742433107670644574e+02
5.585166073316764113e+01
5.624018339642872633e+01
2.255801784469816340e+01
3.669810215968087874e+01
-2.344214463640623336e+01
-1.074531163798046975e+02
-2.032752935161799144e+02
1.984864485966014058e+02
-2.426850057048433484e+01
-3.112256045087218581e+01
1.198412758887658072e+02
9.571592788339646063e+01
2.908260374080196442e+01
8.694215816701384369e+01
-6.282021025709268969e+01
-7.545394842249186240e+01
9.499267848625649435e+01
1.385248129081909099e+02
-2.638692341822456555e+01
3.520405450673663239e+01
-6.585938992018029126e+00
4.953344293309295665e+01
6.164583638373834162e+00
-5.940787268287360945e+01
-4.900288359451358389e+01
-9.991964933012937422e+01
8.124964783230674925e+01
-5.896666844009552477e+01
-2.214225943931180893e+02
-1.084080966116932245e+02
-5.672246825072695486e+01
-8.328533907132430159e+01
-1.348410587592455272e+02
-1.257557280708672920e+01
-4.916223571773699064e+01
-2.188720809322773420e+01
8.655692030693583661e+01
-1.516931647860360783e+02
-1.782167898825665731e+01
1.436477335003806104e+02
1.447431911085030265e+02
-2.303226798213774273e+01
1.867213138047031862e+01
1.527326333300256351e+02
-1.430229386240936549e+02
-3.191951737375146791e+01
1.339770317215273678e+02
-3.529600158566402968e+00
-1.152642516426911925e+02
9.743927845868958570e+01
-7.157708713071187390e+01
9.291849249667441768e+01
-2.920230205697382786e-01
-2.121979934258477130e+01
-7.131600095241952886e+01
5.034306844687211679e+00
-1.450782458406430067e+02
-4.384760872281084687e+01
-1.138814687909418808e+02
-3.112700689783922314e+01
1.702073839875790640e+01
-1.483802215654765888e+01
1.143333467959428873e+01
-1.286691002860586686e+01
1.311009264032988852e+01
6.026445327796879070e+01
5.078655680938822314e+01
-1.709575071829717388e+02
1.057160516052317689e+02
9.533324043061531938e+01
5.396035897423523409e+00
5.815988507557718634e+01
5.888928026152540696e+01
1.469148388225209487e+02
-1.178470234078127987e+02
-7.478571343765045754e+01
2.105450097718767211e+02
6.354659061661421759e+01
1.991560913842093328e+00
2.222972017377876597e+01
8.944010401253240161e+01
-1.524245813379040442e+02
-3.858364653952775569e+01
1.344480429347703421e+01
-1.547919263343402747e+02
1.061828927871802648e+02
-1.322877738130274565e+02
-8.801343283817803353e+01
-1.230903201161632978e+02
-8.364857607421706120e+01
-4.965577277319800942e+01
-2.689219619656443427e+01
-1.168655845992502407e+01
-1.431238321719905855e+02
1.301586073418147578e+02
1.155266283529035150e+02
-1.720234992598982515e+01
2.538038003728977685e+02
-8.766808961830057001e+01
4.023466053831351275e+01
-7.371156668185008698e+01
-1.187029735964834458e+02
-2.632852028732301619e+01
-2.823104579084777583e+02
-7.423136210454180173e+01
1.038301878563982328e+01
-1.148168870334641554e+02
9.468580107683018809e+01
-1.025076810251089228e+02
-4.493287293848337782e+01
-2.038674848207797652e+01
8.719704851900388576e+01
3.241062722586684686e+01
-1.549444324595848457e+02
7.023197674742877439e+01
-6.407546264081443610e+01
2.707463925154898021e+01
-7.839984865475440756e+01
-2.105091927231659668e+02
1.623027744506312331e+02
4.549431930490667497e+01
-1.333639838394871902e+01
-9.923282085040163736e-01
-2.982362868236104347e+01
-1.326469320708898749e+02
5.018094210784068565e+01
-1.426426309249845019e+02
6.806599579828426272e+01
1.140887036048529524e+02
-1.350897132679611161e+02
2.204564805435120434e+01
1.284933178491725414e+02
1.529821941909035559e+02
-4.786674703104307582e+01
2.946291621217763179e+01
1.398101388498684798e+02
-3.408920226383160212e+01
-7.471278322098041258e+01
-1.530962738581763460e+00
-3.194331466855172863e+01
1.363237342588629275e+01
-1.667090828558926319e+00
-3.015808498964412721e+01
5.037914503784710263e+01
1.592616182185825835e+01
-1.858318401024287709e+02
-4.102801498427417926e+01
-1.063175555804929218e+02
-1.818420712644657158e+02
-9.237516150573114260e+01
8.280503088795481403e+01
-1.007359262816397347e+02
-6.687626810793773302e+01
1.978391235044817336e+02
3.022978302791099026e+01
1.392417829008734032e+01
7.679470694598704128e+00
2.087581423953066633e+02
2.081796043325257983e+01
2.548662488210365851e+01
1.269165632567529371e+02
3.012140084382977534e+00
3.877384370070029718e+01
-3.997722083198214449e+01
4.532277268480650179e+01
-1.992836047812972708e+02
4.975532415744505954e+01
-2.135252703268509435e+02
-3.130978826393786107e+00
3.729572590322860037e+01
-7.550231765783479432e+01
6.280951014200065430e+01
-5.176885848193109041e+00
1.374533758966317691e+02
1.542803614590197014e+01
-9.749072546601158251e+01
4.969672546171700844e+01
7.671925122592870139e+01
-1.212180916315331558e+01
8.164855465247100597e+01
8.326441605694625991e+00
-1.041563679994256404e+02
-2.388937692978299054e+00
4.473898610355858096e+01
-4.711792944389754467e+01
1.259274945274498236e+01
1.809206461815658145e+02
5.377359352366042344e-01
-1.038829650312325725e+02
-3.804278928880142985e+01
-1.231791943773217781e+02
-2.614706927564822792e+01
-4.265788826615577278e+01
-2.349690906221898956e+01
-1.343413552533488087e+02
-3.765267338853735168e+01
-8.615046294676233174e+01
-1.030679826991959089e+02
-4.981591632087454968e+01
6.559235322239888433e+01
-4.872868733379531392e+01
-5.206684925618598214e+01
-5.681804244904508749e+01
9.008388445519088350e+00
3.548932071168812996e+01
9.769484754562796525e+01
-1.128543155983567203e+02
-1.227638512942825741e+02
-2.726964685304455571e+01
7.034466650743939908e+01
6.377657673484910816e+01
1.092125983402696932e+01
-2.360549990261468878e+01
4.998104068369514152e+00
-1.722051856635891198e+01
-1.083624197900202262e+02
3.674202184254065884e+01
-1.646571482539086162e+02
-6.140803239238060485e+00
-7.217856971984022607e+01
2.149733475293606588e+01
5.520990168741093385e+01
-1.771744010758030186e+02
-2.381727867316017822e+01
7.730585413479528256e+01
3.216923969027750019e+01
-6.740275173764459282e+01
3.877732519090672270e+01
-8.468047509165768361e+01
-7.870903366994866701e+01
8.370543563969997081e+01
2.475518618022829287e+01
-1.576230962086216891e+02
6.431011846435214352e+01
7.434332019707690620e+01
-1.778163596672779647e+02
-1.311001081396911871e+01
9.139714985617817433e+01
-1.395052115114931013e+01
9.593551737207397423e+01
-1.798499023012203679e+01
6.064932774692565687e+01
3.186821942072756286e+01
8.982547023806475295e-01
-1.499467581137719208e+02
3.207703622224262574e+01
-1.283481175967027355e+01
8.205896953793015314e+00
2.634319768521387317e+01
-2.573677800389492276e+01
-2.603829966818405239e+01
2.664222485934233475e+01
-4.812569623627543791e+01
1.975514644712436052e+01
-1.395104005481006766e+02
-9.296642649606712894e+01
3.587287151997809787e+01
-1.140872861154201985e+02
-3.678650148167908185e+01
1.518632567731302743e+02
1.041190317666953149e+02
2.086476742208694901e+01
2.215804540114411481e+01
-1.769291519384746323e+02
-5.925455432745089013e+00
-2.260037214243840253e+01
-5.948749601384511010e+01
9.932984379880917913e+01
5.065809645967657815e+01
9.569327858177067014e+01
-1.582359353267722923e+00
9.045570943391359719e+01
1.331018434511361761e+02
-2.480083281163057762e+01
-1.856078571830564528e+01
5.266733053590606062e+01
-9.151272551638939490e+01
1.993311342172789580e+01
-1.043644114206941822e+02
6.410986883397373504e+01
-1.609921497639619759e+02
-4.724757206581759306e+01
-4.915674578689906582e+01
-1.183910954807434734e+01
1.883043314187204587e+01
1.232350723460206723e+02
1.962808507644331542e+02
-4.310831142006200878e+01
1.969121625962443147e+02
-8.899057112774880807e+01
1.168582566500703876e+02
-3.845645018609801014e+01
4.957085153838963976e+01
-1.233572185158139121e+02
-7.516104416593307747e+01
8.145227922648768271e+00
2.209872353302131387e-01
4.222823290680456410e+01
-5.920315499409609572e+01
-6.381942267401718283e+01
6.779554445823492870e+01
-2.196743811177463002e+01
-1.093638164185383630e+02
7.601923297032226401e+01
4.291326043755235986e+01
4.231064739253668705e+01
-7.187966578639651516e+01
-1.227504533216578295e+02
2.098251798831014412e+02
1.285006362120328731e+02
1.210952240151198112e+02
-2.254836315462639362e+01
-1.033811778530228764e+02
-3.698789592101703505e+01
-1.106405024209336432e+02
4.567585852368491572e+01
-1.583547084738577837e+02
5.076574452646332247e+01
-1.266644252275686142e+02
1.573064119754850765e+02
-7.599388974685774656e+01
-2.915984639845514437e+01
-6.658921246107348679e+01
-1.228690119058914476e+01
-1.049864199541592598e+02
2.095450421480130387e+02
-3.939485689929102818e+01
4.429921666465667585e+01
9.678067899062125434e+01
1.088933506581390986e+02
-8.892408942005243944e+01
1.819967886971963722e+01
1.428435078153959523e+02
8.617577327994698067e+01
-2.045654141428790496e+01
6.692381826383413568e+01
-2.985602949573659259e+01
3.903752428174190925e+01
-4.457315241987006260e+01
-7.904585379443210513e+01
-1.619642455546539850e+02
1.448421007342934956e+02
-5.544349656973331264e+01
6.123580722938627474e+01
1.261814949431790751e+02
-1.172514240974454935e+02
-5.616591179216251106e+01
1.241632269390836711e+02
6.283783360525277573e+01
-1.513987298870313509e+02
8.584043616011166478e+01
7.489755812682183489e+00
-3.007512195348009243e+01
-6.066816101913303072e+01
-9.897889418714871113e+01
1.205973057510450417e+02
-1.654253671231250848e+02
-9.199118070558906624e+00
-3.823383291931897787e+01
9.378732851384489777e+01
-1.790219855384127357e+02
-6.225257352395809818e+01
-9.130572001026379780e+01
3.315377285098093552e+01
-1.037251538986348010e+02
1.687362486685564278e+01
1.169503883689426118e+02
-3.940120937737810891e+01
6.093226452983941499e+00
-1.076547006466299479e+02
-6.130517809000333784e+01
-3.578119135143255392e+01
-5.206169418113917402e+01
1.063223896892258722e+02
7.946156085101256394e+01
1.156926318103679563e+01
2.310525562500824392e+01
-1.170662550038692586e+02
7.153672645229670479e+01
5.318923155210226383e+01
-1.871077696477337682e+01
1.182291828962661384e+01
-2.191011467003145441e+01
1.441350869894280606e+02
-9.229329002451657971e+01
-6.098235503174225869e+01
-6.291546490094729194e+01
7.501985073569505857e+01
-9.703074486172744173e+01
-9.743958803627637622e+01
-8.426406868114810322e+01
-1.975622149598974886e+01
-7.880391898183023613e+01
-9.311381435082736857e+01
3.044754753941611369e+01
-1.158982540889236290e+01
4.912136025526969973e+01
3.840757354698454407e+01
8.636637081962215134e-01
1.128488546922100397e+02
5.113918740391498119e+01
-1.271570852554578437e+02
7.259276178401339052e+01
-3.113535589775257506e+01
-5.506019918306987648e+01
-4.785334551505987832e+01
-1.986831440984789765e+01
2.290878071465998289e+01
3.336718955773341833e+01
1.423268742837252319e+02
2.744579060519727420e+01
-7.739762513348262019e+01
3.976367556668623848e+01
-9.280852333008658661e+01
-2.953203754825974414e+01
-1.903494018734979676e+01
-1.390745618631527236e+00
5.440826825057488492e+01
2.697781344586717722e+01
8.710918203631745627e+00
3.017604129368245935e+01
1.962850488158913720e-01
1.431299432067897044e+02
-6.548771072242817581e+01
9.881268582619762242e+01
-1.671617937283752440e+02
9.023908443266367385e+01
-6.185064137521340655e+01
-6.892655344697203645e+01
-6.265295196694845359e+00
-1.070157621171815947e+02
-1.588456450128596842e+01
4.385130981811327189e+01
3.230885610440945044e+01
-2.164701583466266754e+01
-1.655957955182493180e+01
2.646898630240066552e+01
5.912919121528235422e+01
-2.104127451858524864e+02
3.512076784613092428e+01
1.138048249758384713e+02
3.590183191975793875e+01
-7.230248731842107190e+01
-2.546640107784094198e+01
5.215545960148720894e+01
-6.180864542455391586e+01
-1.080805553376023056e+02
-8.655098583164269144e+01
5.023562180217691520e+01
8.662344729057824111e+01
-7.599108827072862482e+01
-1.852231304936744394e+01
-1.174875986384426483e+02
-1.005190387101422971e+02
3.774643639290463426e+00
-2.298785771901246378e+01
7.457522041418368985e+01
-7.021300663419083321e+01
-4.020770719112814362e+01
9.237648653723684333e+01
-3.060920287493542702e+01
9.714905167441315825e+00
-3.108693876434927006e+01
8.834209977873992869e+00
-7.075364732970973591e+01
-6.772224114946871509e+01
-5.841561650490335467e+01
7.081241678749296398e+01
-1.123374799265902624e+01
-2.961017921640570449e+01
-4.077915055555105539e+01
-9.793693587917212540e+01
5.168727061317921567e+01
-1.747518182726855400e+02
-2.698678109749755549e+01
-7.654528695987929154e+01
6.139292032065386451e+01
2.788834428872528548e+01
-2.579592006866564091e+01
-7.808469182112014551e+01
2.168053164379836772e+01
4.992727503253149735e+01
9.144699456340239863e+01
4.959993901007656802e+00
-3.330186969204206093e+01
-1.552078554478419647e+01
-5.971037514190425277e+00
-5.754063755751193554e+01
-1.530116000695250875e+02
5.433928559643238998e+01
-3.575301294532474117e+01
-4.132362943025123769e+01
5.415372261377814311e+01
-1.190709385221817627e+02
-9.719561148896707437e+01
1.217452085648454130e+01
-1.193932816811238808e+02
2.277192987958919446e+01
-4.151675557475299883e+01
-1.328809392055234753e+02
-1.684609753428397738e+01
3.397889409267114047e+01
-6.612792338944029780e+01
-1.408896980256177756e+02
1.952620528223016834e+02
-1.421434814567973604e+02
3.055348394432321868e+00
3.225602132158820012e+01
-2.623237025425813584e+01
-2.625603242546991396e+02
7.060598409813451326e+01
9.178704839614042044e+01
-1.659070899570780711e+01
-1.472691063228549524e+02
1.231422513454209167e+01
1.255955916953787721e+02
-1.556628821129854430e+02
-1.175366577825602405e+02
-2.535060249753378230e+02
-4.221792580258294691e+01
9.770221417267762831e+01
-1.336981171602718277e+01
-1.124231226151963483e+02
-2.882629428898490165e+00
6.820509726660441174e+01
-1.033885346282041553e+02
-4.450169686029781246e-01
3.845520614441323204e+01
6.870146314892852502e+01
-1.456087684210698114e+02
8.190758942211189719e+01
-1.564070648804654695e+02
-8.068342507391548679e+01
4.052816262217302778e+01
-1.549999399617880442e+02
6.711624477795797361e+01
1.387840754798295251e+01
9.106568209269434533e+01
-1.657862028681717703e+01
9.958562471222930412e+01
7.445000453257318895e+01
2.731830393153472158e+01
-6.326905444294339986e+01
1.224851071925207009e+02
1.490439765336964228e+02
1.047074733803174240e+01
3.983081920776231044e+01
5.367015045875873369e+01
-4.161790547795656181e+01
3.156054335445653436e+01
5.788498167997729382e+01
-5.341658424873873656e+01
-1.264207998954325660e+02
-1.847320805570858511e+02
-4.751536101255675248e+01
1.572111069195712219e+01
-7.643017815412974869e+01
-4.569778623179038135e+01
1.503442040494313687e+02
-6.715192112936921376e+01
2.672742515802189445e+01
-8.962938177091987768e+01
1.982719250832791147e+02
3.339323169736735508e+01
6.867995329500013568e+00
7.298407998558752752e+01
-4.543761066594455400e+01
1.091686003874616517e+02
-1.260148352508655023e+01
2.544286746592734971e+01
1.930166328276515344e+02
-8.039457024010022224e+01
-7.469326478361097088e+01
6.838314717823908495e+01
-1.056089538244670507e+02
2.234121258398503329e+01
1.247593344532809851e+02
-5.099126103951583389e+01
8.962374374254468989e+01
-3.077260782504848891e+01
