3.190056337206388815e+00
4.899704263459669029e+00
8.560389684065807803e-01
5.499971725942211620e+00
-7.567592407504069030e-01
9.116503213299280262e+00
1.443587466594073376e+01
7.557939656271793538e+00
-8.675898831688432011e+00
9.612704672584261090e+00
-2.435580666208488765e+01
-6.333432441762314902e+00
6.897233532148872470e+00
1.537444038691574200e+00
-5.410671062514113672e+00
1.068971315965340629e+01
3.317744294857780663e+00
-2.099800892323618129e+01
9.737999734803688412e+00
-4.500884515139103925e+00
1.315514200750804008e+01
1.369205442976062281e+00
-1.372591445604697036e+00
1.082490104720052138e+01
-1.233131173548239978e+01
-1.092045281691881975e+01
-1.395516994894336626e+01
-2.176139647017241430e+01
-1.242417848873430408e+01
-4.696417673805036941e+00
1.093318624248752080e+01
-3.866567102964744596e+00
-2.816808658658648934e+00
-4.999451362655965347e+00
-1.498590864632454611e+01
-9.259847461627515042e-01
3.027415192969600266e+00
3.360435333497877597e+00
-5.502509408391874857e+00
-1.883983316663008445e+00
2.957624714732139726e+00
-9.763305757883276925e+00
-8.506879292441734464e+00
5.717043454070211972e+00
-2.295959766207931096e+01
-1.924671338111169749e+00
1.107179677957789110e+01
-8.010327724381991032e+00
7.811667026265569191e+00
-6.930215162340950030e+00
1.486043189648192886e+01
-1.404739991597185433e+00
-1.133175766690256303e+01
7.456317276141286587e-01
1.149232795306310528e+01
9.505406005492483823e-02
-1.128662661268971235e+01
-6.968460713182238031e+00
-3.103892887830330682e-01
-4.491666228844192865e+00
-3.600925515816252087e+00
-1.010814952463956651e+01
-1.201341600960315859e+01
1.403286148803352873e+01
1.606755111440502404e+01
-2.674974036186796855e+00
4.164274107923501833e-01
-9.849412010916287485e-01
9.084207502915235821e-01
-1.188442099045110112e+01
-5.763381813473041682e+00
-5.168779476825809738e+00
1.562088812541951910e+01
7.047355454594630420e-01
1.982882905174133459e+00
9.523267888065683806e+00
-1.300891716811160315e+01
1.509911108368688382e+01
-1.063246396125826010e+01
-7.563291398186747116e+00
1.816535480017822124e+01
-4.146793919513364735e+00
-5.544987273127159888e+00
6.329028027975827975e+00
-9.298870354745911726e+00
6.880612410421873548e-01
-1.571487358944158252e+00
2.051791719097723643e+01
-2.225640261088875360e-01
-8.130631248815028300e+00
-3.101078427184487118e+00
-6.260696092212715946e+00
-3.635647239602764369e+00
2.641081687060517602e+00
5.470859879791079017e+00
1.715751219862105970e+01
3.442726201518168772e+00
1.411714847033628928e+00
1.177964231832132835e+00
-4.984806251993075810e-01
-3.403142173616829691e+00
1.275065471669190487e+01
-1.364163378932900850e+00
-1.515011450032189266e+01
-5.676719295994020698e+00
-6.953438714654153863e+00
8.305492522639658759e+00
-9.213034910460208948e+00
-3.788184497281360308e+00
2.052456515422110273e-01
6.044570651447414456e+00
-6.307272425699295582e+00
8.978927584546880780e-01
5.999937561004315079e+00
2.110137382593757049e+00
-2.938135868691133634e+00
-1.712109263847067453e+01
-1.665748934634918577e+00
-2.507028623953308166e+00
6.164461707869732798e+00
-6.865295461481993877e-01
4.360794240827228663e+00
-6.625933634137942896e+00
-1.215136601902271707e+01
-8.011376693223399847e-01
-9.889074078757708719e+00
-2.128207249327146400e+01
1.055863256008139395e+01
-7.195440774953505425e-01
5.255872099463225311e+00
7.766600966787549964e+00
-7.311580924375876478e+00
-4.138555337846232973e+00
-4.928630593409820015e+00
-1.170137668026655753e+01
1.656994508843793668e+01
2.670446193482022945e+00
4.217545373799239883e+00
9.217076236308511028e+00
2.230638685268721666e+00
-7.681661676740612954e+00
1.444800364301173623e+01
-7.704902512485539923e+00
-1.161770498845674382e+01
-5.118593629155995473e+00
-1.124427427583650996e+01
4.722714792188275723e+00
-2.085107570226835350e+01
4.060105293891766998e+00
9.783608630624824443e+00
-1.066947067015712669e+01
-1.347482095297741100e+00
-1.078818714511699817e+01
1.093014276308490729e+01
1.453429397522464583e+00
2.015132277603996869e+01
3.305898574994829531e+00
-2.420538769095946119e+00
9.992104859615302814e+00
-6.844990218480231370e+00
-4.671078503568212525e+00
-2.508800973384450739e+00
4.003499485881206077e+00
7.690451404209913910e+00
7.623487260378836172e-01
6.561228615014501386e+00
6.749976365680117496e+00
-5.784733209995859937e+00
-1.951171902641157985e+01
3.766770007386396557e+00
-7.873081328041931393e+00
-6.901473695781060513e+00
-4.880832881475982155e-01
4.057211887612004020e+00
2.897694005838103437e-01
1.469282003437975703e+01
8.526114301048617339e-01
-5.661702575450888730e+00
1.054928702879531555e+00
4.571985205844138811e+00
-2.944421654068505867e-01
-1.183869768125024891e+01
-3.173851398280576941e+00
-6.058747620141710755e+00
1.068925707305769635e+00
3.056245940047301879e+00
-3.407447836797110163e+00
1.173693133119637366e+01
-3.547344977126968057e+00
2.020983352056822557e+00
5.622316347247436674e+00
-9.342275541845321385e+00
4.982450055829022340e+00
1.090099904239491124e+01
-8.735626383546886586e+00
-1.316548229625745359e+00
3.763267397478804455e+00
7.271436168010764867e+00
-1.078303493640386135e+00
-1.577394614345963753e+01
3.921818786118528077e+00
-1.069229982411346569e+01
-3.064160556256742662e+00
1.288835221458950997e+01
1.800951683863238273e+01
9.106990836770258113e+00
-7.040519261606274171e+00
-1.312056729504041108e+01
-1.122740215577103662e+01
-8.644912957553676947e+00
1.937087971797194719e+00
-1.614753716955846130e+01
3.060155816072254176e+00
-8.865853184202270754e+00
3.574456183244659524e+00
-1.848166790880579224e+00
-1.711976470003619522e+00
-1.354076284599944779e+00
1.191805349066616770e+01
3.636341472521834373e+00
6.994282727589845372e+00
-1.094658983505007477e+01
1.698825224522926902e+01
-1.581653882398740230e+01
-1.867875143612870303e+01
-8.696960398422226568e-01
2.848933071976910814e+00
1.256115528189166675e+01
3.028452084833111346e+00
5.663082704799733413e-01
1.810062055496624822e+01
6.882435821365084472e+00
-3.012696047740618610e+00
7.940513559528921128e-01
-1.825448945005979429e+00
1.788946447220814662e+01
1.888516351614168531e+00
-2.070414533106526278e+01
-1.200744105272410067e+01
-1.682143625299268752e+00
-5.912743374671455276e-01
1.095530928706783946e+01
-2.479519484199935064e+00
1.526555195762641581e+01
1.274910241272074196e-01
6.958470684569112663e+00
5.591426975749941519e+00
1.574505488657325003e+01
-7.789846788661377808e+00
-1.015038012549705826e+01
9.034300808969669916e+00
-5.832569651213594941e-01
1.093736461722360254e+01
1.391015319479822843e+01
4.185069754102653250e-01
7.849983658896537708e-01
-7.213613324401003446e+00
1.182196560980948341e+01
-1.957149900821286792e+01
1.560141258904504724e+00
3.652225510110484574e+00
-7.563421130021139582e+00
2.210878747897302432e+00
-4.407818340563180115e+00
2.563392377650031051e+01
-2.198050977480304979e+00
3.857993094900557640e+00
-3.842563295805386581e+00
8.753056873662314885e+00
-8.386972425628366423e+00
3.240006333846857434e+00
2.757036533525174082e+00
-3.357909541775955464e+00
-2.389143960610194406e-01
2.799564874339343312e+00
-4.370047024948553460e-01
-1.002129684475599802e+01
5.444065241360868335e+00
2.997760066673649804e-01
-1.319639045923721810e+01
-5.416197954447226515e+00
1.417874837066820959e+01
5.001954297769768409e+00
-3.407802310253183364e+00
-9.541910750474750458e+00
1.063314533399488937e+01
1.808424024247435469e+01
-3.949795975575407958e+00
1.436462497287086570e+01
-3.991482462619199811e+00
9.424050062732318267e+00
-7.095207903133259109e+00
-4.784846268962373195e+00
-7.407423968284683191e+00
-1.908501480297810415e+00
3.708350390447437306e+00
1.310365550253338718e+01
1.413889973698291502e+00
-1.460899445265125784e+01
-4.752844692370332247e+00
-2.431216505744365008e+01
7.610578013868228631e+00
1.585814247291713830e+00
-1.811060770881620385e+01
-3.865778067762535297e+00
4.435686994694106211e+00
3.978951022881022315e+00
6.028171844989306472e+00
1.138365733332426366e+01
-5.098458255214969981e+00
5.621505022302764054e+00
1.597114416228724210e+01
9.597573732641913935e+00
-2.803354798139181980e+00
9.857414827554663361e+00
1.819313380771028776e-01
1.224881179857129632e-01
-1.169951027586742143e+01
5.492178246489729965e+00
-2.057969887227601902e+01
-1.529679866390325138e+01
1.849338931404020414e+01
-9.282241664606861065e+00
8.647847443057212757e-01
1.296022588838625111e+01
5.148579221888675228e+00
5.362228744071595443e-01
-3.963427762795419085e+00
1.170570484394804822e+01
-1.041022059175576864e+01
2.391667196449037025e+00
9.233831949058712851e+00
-1.366679315104570591e+01
6.930594461097395964e+00
-1.802026340613510769e+01
2.408343833122291056e+00
-1.401794742630524127e+01
-2.243960061847653265e+01
-1.301902633202074355e+01
1.044593176053254169e+01
3.908010246292624945e+00
-7.300408203216365521e+00
-1.213313582308829908e+01
-2.180532669925826283e+01
-1.686638438076779067e+01
-7.883100083363780541e+00
5.945659875321076537e-01
-4.582355577178827133e+00
2.597910341969292602e+00
-1.723687408661712439e+01
-8.036070749113878975e+00
5.301922671034406953e+00
-1.537384070043254702e+01
8.918713666841764365e+00
-1.255597566118293251e+01
4.561004069834205255e-01
-6.733368117306714140e+00
4.623071815652384231e+00
9.552400276820588232e+00
-3.839728260428225237e+00
-1.156725329207963071e+01
-7.344492308664227309e+00
-2.711027739378840673e-03
4.259208993675732913e+00
-2.660319388801530849e+00
9.390207695894947637e-01
2.651214369188855446e+00
-3.762836404661495493e+00
-1.290627837267698919e+00
1.076932711798804654e+01
-1.654216691368507741e-01
-4.634103803481973927e+00
5.071878894901586499e+00
-5.723754808006892070e+00
7.056954247482723375e+00
-3.345240339273986230e+00
-4.885027775211592704e+00
-1.430800015554069304e+01
-1.011118647075126908e+01
-1.342786245698916225e+01
-1.275588882176027106e+01
3.608668919052360646e+00
-4.538854512208431835e+00
1.381293266038914958e+01
-1.236223143896174470e+01
5.531417504174487298e+00
5.208560520872931754e+00
2.459709781196800504e-01
2.650638015981752638e+00
-2.802765543856199359e-01
1.213569924018983315e+01
-1.000076192246990736e+01
1.492227708586559398e+00
-4.527795521940108259e+00
4.639282770965021285e+00
6.044073188242234274e+00
-8.160794803754884086e+00
5.731085945813889637e+00
-3.071545481606740235e+00
-3.541317581412228299e-01
2.708993867178445036e+00
-8.271486477848202234e-01
-3.378137153512717372e+00
-2.860076362294165619e+00
7.628475790050748273e+00
1.361640944750477189e+01
1.646291266292931610e+01
-7.131444425870096637e+00
-1.018633180154249729e+01
6.780887623165301470e-01
4.415396761132976522e+00
-2.378929668968992606e-01
-3.881802640208845023e+00
-1.795678034387160116e+00
8.145932438162285294e+00
2.931384377055933577e+00
1.329302351464827403e+01
2.353005862138191073e+00
-7.084445816828217168e+00
-2.401331283715741449e+00
-7.097828618697878511e+00
2.355526297848967054e+00
-3.362869447259313471e+00
3.409409916586739087e+00
-2.300272990217643976e+00
7.386747998708925955e+00
1.589020147120914217e+01
-1.265637702439818035e+01
-1.472626798005270032e+01
2.961111019339822126e-01
-6.546270280615151371e+00
-1.546648251579125777e+01
6.654763267682398897e+00
-8.146939541821472730e+00
1.561518522543495324e+00
-3.947630951632468577e+00
-1.758283656218285529e+01
-5.285972133875048051e+00
2.622415361030070446e+00
-1.689980234384792013e+01
5.087075381116592521e-01
-5.538746618737881988e+00
-1.366968978409308200e+01
9.985293267458542843e+00
-1.384365318142991441e+01
-6.532090444619808700e+00
1.368723033993405025e+01
8.072961426063953283e+00
1.219098721329300616e+01
6.953521736319768998e+00
1.332618157164581874e+01
-1.208837532172757356e+01
2.098644371660401120e+01
-9.415096601270652954e+00
3.048285469856627738e+00
4.891121233829410997e+00
-3.912966102854390726e+00
8.713245603537592032e+00
-2.001325499706665667e+01
8.355975714743708593e+00
4.651636205081946862e+00
1.769473438586269864e+01
-2.070637628775201478e+01
3.872476790184515405e+00
-2.086258923533574006e+00
2.422512334904834308e+00
-9.289906936655165648e-01
2.115516172092712921e+01
-1.189927709697969860e+01
1.637023663543483720e-01
-1.101108328062621045e+00
-1.048906322429711580e+01
-1.184556113929884091e+01
7.355260055882242298e+00
2.086291000833957465e+00
3.186520808628493295e+00
-8.926329286056530421e+00
1.263614684240189412e+01
8.846407422821160438e+00
7.338889490943556027e+00
-1.394067345814117154e+01
-1.374740013839038788e+01
-1.458630575804623497e+01
3.151720018120557909e-01
-9.729030820374298116e+00
-3.265804070966427997e+00
9.350805718515431408e-01
-2.713881820119058652e+00
-2.467685854766329623e+00
1.186200027610780872e+01
2.413941844226609845e+01
1.426257068024129460e+01
5.090661382307843041e+00
3.411129228186577489e+00
4.701511558257067236e+00
7.400900832446597022e+00
-3.768552795545405676e+00
1.109770585460520032e+01
-7.914542666959332173e+00
-4.668313460459933673e+00
1.511105407324313710e+01
-8.451483299489689571e+00
-2.268383824262704795e+00
-1.082650374856682340e+01
1.090614194316602337e+00
-2.445453245983766344e+00
4.025434302770019457e+00
2.112193035849596967e+01
2.687735835871862378e+00
-4.239329206223921176e+00
-1.632392974731673618e+01
-5.089190464507293399e+00
4.692583724236115472e+00
2.700473701866532572e+00
-7.156309411431036160e+00
-1.635184524620012070e+00
1.658037952369610224e+01
-1.980059666889206316e+00
-6.203605410134690246e+00
-5.317134389793969795e+00
4.553470631089316378e-01
1.865673632300492102e+01
1.201540919483527148e+00
1.356544794180872593e+00
3.757578724393437763e+00
5.564860581857074884e+00
-3.486366255273744219e+00
8.883757200928204867e+00
-5.781966774571020373e+00
4.528303229204369451e+00
-3.329808077668871213e+00
-1.107191371118220413e+00
1.944255623228307694e+00
-9.518180726638242106e+00
-3.557938525905718574e+00
1.607781771633846546e+01
-3.009840145231654329e+00
1.151289309180895870e+01
8.505213692328781327e-01
-4.429484094716915621e+00
1.364012470477323191e+01
-3.377214786570547300e+00
3.645597833141978494e+00
3.642980232501131344e+00
9.674833356302841025e+00
-1.304028407525112399e-01
3.370545691248374442e+00
7.148083913497803366e+00
-1.412678811285882130e+00
-2.260925409065599911e+00
2.949527848879374581e+00
-1.704814732509631270e+01
-1.574690256512086250e+01
-4.943884902638507661e+00
-6.605825827571313980e+00
4.503930949594238342e+00
2.038235350133885149e+01
1.462228656384671588e+00
5.554701788666132956e+00
-4.927458918203898364e+00
-8.492804779506229806e+00
5.545990715859608677e+00
-2.379820496133927676e+01
-1.597017097569358235e+01
1.141670429649368934e+01
-9.011032388249359926e+00
3.072796416331558866e+00
1.482845058526335791e+01
1.768296534752983540e+00
4.509415067630750507e+00
-2.029614924764047146e+00
1.173539881943407859e-01
1.717341465655221455e+01
-9.123742476080932917e+00
4.852920213438300046e+00
5.717043375821848628e+00
9.409807720726277580e+00
-1.953934930805972670e+01
1.437947713871620259e+01
-3.220237240400499967e+00
4.574157284968277892e+00
3.449143492233759378e+00
1.019094175818060499e+01
-4.501985798649273396e-01
1.248388770040112172e+00
-8.666735944177499817e+00
-3.504211351416265607e+00
-5.002172155210166116e-02
-5.256400741921290809e+00
6.672774941368124324e+00
-7.988226310811534780e-01
7.529673609139408974e+00
2.559778617580847349e-01
-7.773667501724002449e+00
-1.800809246206776848e+00
4.182740374410194306e+00
-8.821131107253274095e+00
1.359664904539096497e+01
-1.162307363999734733e+01
-2.204322924447566834e+00
7.080063900471155414e+00
9.877251150195327511e+00
1.272421691805740984e+01
-4.376239755251727814e+00
2.254848556789949043e+01
-1.823685721829464867e+00
9.671457303894355206e+00
3.085082503510146346e+00
2.535684123244827060e+00
-4.451129705732018493e+00
-5.501148477298727357e+00
-3.764247623844243940e+00
3.285037462872114133e+01
-1.517850808624608971e+00
9.873190453315807247e+00
-1.279797800211622594e+00
1.320820053401157712e-01
9.577234233445953038e+00
-6.537379299444458169e+00
-3.354157932093645655e+00
-1.196209228873325614e+01
1.574293328935425151e+01
-9.577620388211990132e+00
9.877283409809258785e+00
-5.296288432451186523e+00
-1.467309868892044911e+01
9.997782955916998393e-01
5.187148980481306459e+00
-4.309417394472109253e-01
-7.473535091145099507e+00
9.820438803289043506e+00
1.448198861458950404e+01
5.345089900751800016e+00
-2.499827660264008244e+01
2.443808827254122740e+00
3.226457392337925278e-01
3.276348073876540035e+00
-7.253046301062793688e+00
-2.646695778363395757e+00
-2.653659089835365137e+00
5.357945663541208603e+00
-2.089640398555398626e+00
6.418264802202215957e-01
5.497603386502740719e-01
6.503650055629104365e+00
-1.053255984953960223e-02
6.911982103936120225e+00
-2.396614343024235438e+01
7.732393460379308081e+00
6.872307700267554775e-01
-3.139881315260605987e+00
3.634050019411019683e+00
7.844958872561106134e+00
-1.764425477498370043e+01
-8.633833882106332069e+00
1.317758158030187055e+01
1.373722639699776815e+00
4.280918272400546343e+00
-7.145295822242935024e+00
1.483536665062009519e+01
1.563648972663670911e+01
8.215409880499601414e+00
-4.701558740541758041e+00
-2.118124260618291288e+00
7.403579683209449591e+00
-2.054468697024949009e+01
-1.577088083085753922e+01
5.602557729127537911e+00
5.291520370551502594e+00
-1.801233143130214431e+00
-5.367221150925150397e+00
1.181306429502985367e+01
8.257729043800846824e+00
6.174373812117094573e+00
8.727526356006190866e+00
1.102255982220492214e+01
9.398790232078573226e+00
9.058778366032596452e+00
1.191934160832837097e+00
-1.415197032093659679e+01
1.598240933848694212e+01
2.727742367907234122e+00
5.779101043390308057e+00
9.365956656945288117e+00
-1.244792563100525662e+01
-1.353700556936192179e+00
8.143763023932423906e+00
-7.041435573798012548e+00
2.212775270636189617e+01
-5.375068541551372370e+00
-3.024381148355907101e+00
8.555674475833384918e+00
5.515634212311814721e+00
-3.556884773847170500e+00
-2.007342527566265034e+01
-6.587575449068372890e+00
-5.740427232343010111e+00
-7.296096914547913315e+00
6.044467072106394667e+00
5.910643323593752996e+00
-3.556195852936476332e+00
-1.547591386605775199e+01
-2.164874006069499046e+01
1.516209238494862532e+01
-1.895068951206888119e+00
4.264973101917022724e+00
2.307008755142910417e+01
-1.211346207256090501e+01
2.020108245928048607e+00
1.784478199604092374e+00
-3.185463360789890341e+00
-9.702589495200797387e-01
1.226155506596805056e+00
-4.505807163196505094e+00
-5.900036795109239840e+00
1.080531439897542967e+01
3.300068255144339435e+00
1.010300076862016838e-01
-6.067671653115015218e+00
-1.708332631954219694e-01
-2.597489012072501602e+00
-3.149095430676875917e+00
5.542248314078035420e+00
-9.406800888490533197e+00
-5.560358230520767719e+00
2.370105824346311341e+00
7.759079619057040134e+00
7.859584757522982912e+00
2.531844414581656544e+00
-3.958192933824092208e+00
-1.424232167751017286e+01
3.765499441317666118e+00
4.830084999530625645e+00
2.244516347226205522e+00
2.700130963473749368e+00
1.160624675896329983e+01
1.203879198236979642e+00
-9.732946221688402844e+00
1.702480426679353842e+00
2.117740199490283803e+00
1.230282407035096881e+01
-1.985663843033972498e+01
-8.219398591001340293e+00
1.198386139139637985e+00
-2.832708985081445086e+00
5.206223868388355491e+00
6.742317217423827280e+00
-6.298615888873801971e+00
8.879362942682909932e+00
-3.910253409546010417e+00
1.435912263705350966e+00
-9.847091032912421937e+00
2.298033025734107060e+00
-1.357336695224924838e+01
1.740637017326175240e+01
7.589698497976729463e+00
-1.511112896177179143e+00
1.461314662876756110e+01
6.860281032952780578e+00
3.822968774276223503e+00
-1.705345011362228824e+00
-1.943194370831647078e+01
-1.288942714767123299e+00
1.385136357280460651e+01
1.304861480728970458e+00
3.451846208799261184e+00
2.273930174746977784e+00
2.251972878100367481e+01
-1.023640516304297776e+01
-4.499839651310775679e+00
3.804231071699509581e+00
1.594104359599874243e+01
-1.341348019074887787e+01
8.584167706686756105e-01
6.120776547700570447e+00
-3.360444412644059131e+00
1.395900597858419134e+00
8.863794847290118462e-02
4.761209666062264034e+00
3.020935949629994344e+00
5.825922631184766942e+00
4.631472127368973624e+00
1.046570216681765642e+00
-1.451840910711652333e+00
-1.132733940813798945e+01
-3.368615558892370743e+00
-5.616026160296202718e+00
3.537379773210722167e+00
-1.591044977223085155e+01
-4.181120054423070442e+00
-6.933305140653831522e+00
1.521738602532135332e+01
5.922361869793870692e-01
1.280249210713136421e+01
-9.019238801791445326e+00
-8.531477611355686719e+00
1.390008781398128157e+01
6.201455989963744031e+00
2.310487344597520121e+01
1.874094719059182346e+00
-1.830029945067988661e+00
-4.346973483345951017e+00
-7.377073988087804679e+00
5.431430553258206118e+00
6.070277545601570957e+00
-3.417270333865573217e+00
-7.186964178999573960e+00
1.227581021166072794e+01
-4.855596528874023932e+00
5.417781958989772662e+00
-8.978734913059986056e+00
-9.529940469166618300e+00
1.216713576795998542e+01
-5.799913224797482947e+00
8.166335539978046398e+00
-1.051823444533808605e+01
-7.344876045402395359e-01
1.680127174006741830e+00
6.171306216349230489e-01
-6.440078105579326584e-01
-6.740611622034580641e+00
-1.029851481648353584e+01
-7.375976113175424231e+00
1.898258539518724586e+00
-5.900371835464765624e+00
7.647948317821209763e+00
-1.105367347890906693e+01
-2.108070030978500320e+00
3.920497283495987806e-01
-2.223081960575423288e+00
-1.867234346392830480e+00
4.239446608549797824e-01
2.170185108493777548e+00
7.146442623784961867e+00
-4.621035094731859694e+00
-9.481227158190158599e-02
2.912659651580210340e+00
-6.669840791133107238e+00
-6.118812842206246216e+00
-1.000540939323202094e+00
-1.137976857937674424e+01
5.678052667289785305e+00
-4.228757292613404495e+00
-7.287319785176764597e+00
8.557191007489064916e+00
-4.959563485234319558e+00
3.224237282021265472e+00
-3.440952241072794404e+00
-1.811637409009014821e+00
8.686569753905331481e+00
1.295923161741704810e+01
4.527340591741357834e+00
1.004452733081549809e+00
6.599411484891543722e+00
2.930827980299498758e+00
-7.534052107137862109e+00
1.319415882428956621e+01
-1.671197423162559659e+01
1.593849034311528001e+01
-1.281385420737749925e+01
-7.123171066884818714e+00
1.111657773498156843e+01
3.153236201731272281e+00
-6.453000778554753403e+00
-1.143326329856378898e+01
-7.068395863955052150e+00
9.386153924571262408e+00
-2.957621767244152933e-01
-1.483343451352009090e+01
-6.774681619933247134e-01
-5.018162277768769997e+00
-3.895044865723021221e+00
-1.553876387552841543e+01
6.768784628327895625e+00
-1.224354478429162230e+00
-5.807041981272440090e+00
1.690166656386467459e+00
1.616699514144340988e+00
-5.917415693410328359e+00
1.443278964489210026e+01
2.040001631560581230e-01
-1.139802132519010414e+00
6.877414592442256058e+00
8.430629236159150608e-01
8.135054118443127535e+00
-3.097027917460630775e+00
4.643723585196469550e+00
1.204189040828896440e+00
-1.220704930453639214e+01
7.341279003606563158e+00
3.151044653313543886e+00
3.524866044148840416e+00
-1.207811659478647037e+01
4.108041489607614949e+00
9.013935170258173812e-01
-1.803979518056011955e+01
2.346963434698952078e+00
3.504825825538293138e+00
8.257169869686183716e+00
1.488800991653909556e+01
1.917087655964097692e+01
3.835170019893522575e+00
1.572013475193482668e+00
1.174098129727143913e+01
1.154051179539233196e+01
-9.778800702075245432e-01
9.165016368499884436e+00
-1.973125848135466498e+01
-1.808848170301271452e+01
-1.643042556848664049e+01
2.683853143730523971e+00
-2.924637629379553516e+00
7.417253775295166385e+00
-1.558432642592484640e+01
6.013665370646362085e+00
1.398864984939576139e+01
1.897504195198582977e+01
1.034873800231302177e+01
-2.182957004882145924e+01
8.824495083148795160e+00
3.396530506237915414e+00
5.413866379181244248e+00
-8.829986700511572195e+00
-2.929122502741502654e+00
-5.767437406251597620e-01
7.890320657681360927e+00
7.005722512673799862e-01
4.363132820048718941e+00
4.499961001964277507e+00
3.179913374057859343e+00
8.210387801688741050e+00
1.679559161314643845e+01
-2.167269776392680214e+01
1.073219756224043664e+01
-9.205972527610956746e+00
-1.560290867183062957e+01
1.570187993543335736e+01
8.087432289463640345e+00
8.006898006109327781e+00
-3.556673309186662912e+00
-2.117311455991029945e+01
4.684541498299441109e+00
9.390795848098651533e+00
-1.345444484605466506e+01
-1.761675292006765314e+00
-5.311122294340696826e+00
8.765331256906744528e+00
1.724123359266021893e+00
1.000802145873828541e+00
-6.784889933242459925e+00
1.092025957080343979e+01
-1.784727739277053971e+01
-2.880438879517489781e+00
-6.299470112945933842e+00
7.277576860548301552e-02
-1.881282714307387494e+01
-1.464080147869888648e+01
2.861637128626543625e+00
2.937934163891333217e+00
-3.033587834474517297e+00
-9.244724026068910305e+00
9.394155696000641598e+00
1.274996878305094405e+01
3.451304789388283112e+00
9.989261328658892936e+00
-4.429829383688479894e+00
5.040120014620828037e+00
-1.175138870500018484e+01
-2.082269250466907806e+00
5.211611447963083066e+00
-1.768156714292537401e+00
-5.501585340826415482e+00
1.701862438377263942e+01
-7.186724417329039660e+00
1.743587242414729488e+01
1.501455409586429646e+01
1.735395384019673770e+01
7.919623691999380100e-01
2.247969472627978149e+01
2.549773527976901377e+00
-3.001334119391330102e+00
8.621458211868322508e+00
1.209856789588016746e+01
1.583224226901695619e+00
1.900153699139050545e+01
1.355904665785362972e+01
-1.591134689964613713e+01
-1.495577076965117103e+00
1.105054278967694792e+01
1.579439031783722580e+00
-1.312339490122002417e+01
-2.244773719972754655e+00
-1.004243154027424367e+01
6.478567005031422354e+00
9.084548729220717433e+00
-6.696962636103247490e+00
5.798915787881618655e+00
8.449495227763719640e+00
-1.086914633692114585e+01
-5.129875131358811124e+00
-1.011654768711428787e+01
