13.7006377341
23.9433233102
5.37786566936
16.4765779418
-16.4570719502
47.6032525983
-2.86282936212
19.8586517393
-37.4413425728
-28.1251893709
-5.05252527363
-9.5583408261
74.6758982282
-7.86598453516
30.8914062394
28.915073352
-13.6709432737
0.943752606786
-5.15035870362
-6.09253628317
46.3532221882
23.060443867
-9.71482931804
-11.9502763563
4.27237648628
-49.6518293865
5.25762553044
-32.7250515768
23.8284272954
22.0989640044
17.4712576803
37.8762078386
-18.7895735939
-17.6391706063
-39.2900384574
-4.68115154572
20.8699881864
30.6725203785
-25.6329846397
12.0818857798
62.0052847244
14.397722828
23.4566350947
-30.4419680437
12.6053932063
-35.7281413787
-0.13567558567
-36.8291456764
-0.49617230884
-3.62653909359
0.232079406158
26.4851614397
-26.3248217353
-15.6649466436
-21.9720297997
-44.0037246261
-20.3304592552
43.7139243044
41.6961454411
-0.95041644965
-43.5958948862
-12.1370803097
24.310490708
7.23537064037
51.1980575846
-43.2497498673
19.5424233222
15.9484789573
-64.1552263705
33.1362389649
-16.566339876
35.8198722412
-80.6566182996
-19.189773523
6.56673952845
-34.6996859114
-60.8217518836
-26.5287254364
-2.14493959825
-40.8141960702
0.0728542828577
-18.1533180358
-6.62320342204
12.8871819246
13.9852690105
31.8393945434
2.00834651192
-1.43569706748
-13.4835732102
-68.6755935482
31.2562584196
14.7591112629
-9.05339582567
2.80305832543
11.3196031165
-4.98757638986
-13.6243144003
-15.3848803218
-2.73359442321
12.3207261256
32.7837050451
-7.0822532077
-1.37840868401
-3.96683012951
-4.11815406476
22.1769289612
25.7109308624
-13.9890422546
2.74408995904
-3.98281327195
52.2745679469
-7.52377241262
-50.9570722576
16.6281033109
33.3577159079
3.78053979962
-15.9086866803
32.5281078167
39.1981193842
5.72628731678
40.37170423
4.86794156489
-40.8562096931
30.8894729061
-32.2437343451
-23.9756774718
18.4692268795
36.4746555785
-38.1054824769
-11.539213602
0.350922212952
-20.3786475491
-19.308710957
-29.8014510273
5.12570100746
21.519237101
5.98491104746
-53.5590295789
-12.8881272691
0.0199985089145
-12.1299501047
27.7762059554
-48.0795656874
-0.156094441526
5.20017160683
0.486065022417
-37.0444542802
-11.1956512547
20.2699230386
38.9398303296
6.19016800721
-17.4844257484
29.3361799367
-8.55236796652
-7.6083989673
-14.952500683
1.1527899179
-14.7662529271
12.9356912133
-27.8921515786
8.13738697633
-37.4932386931
9.01337538821
-6.2413123729
0.592975951656
-31.3766361941
-40.0266125786
-42.065410846
52.9255435252
70.9418051949
-71.0118221828
1.29960872674
-28.8809755859
4.93855873101
-60.7099121711
-62.8210140168
11.9228678057
5.64682182216
8.54604081495
1.78752480484
74.9787919481
-47.7486606287
-37.758269156
1.21625648941
-30.056527894
42.7434226433
6.37117600734
43.6791790397
38.1866160644
-2.37940559107
-37.1844354254
-52.3226334821
11.2353604288
-21.6731167379
2.98546461845
14.6353300425
-26.3578493282
-23.1175278828
-34.6415652934
-77.3113418166
29.8327951676
28.6513941883
0.657863347438
-72.1541017203
-35.0105674628
-6.34760767734
-3.05105817746
13.9938087264
13.3566504772
52.3561797312
16.1352666034
7.42062327116
5.82565550493
-1.91837235128
40.4760886577
36.7441268791
21.2371661571
7.22366883517
-17.5690094734
2.95129967228
-57.8174492509
5.72410843298
13.9720793503
7.01807886869
-7.99910146008
43.4161796764
41.3559917355
-11.0923199143
22.2684731769
-9.19133642659
-8.18071639696
-12.3933807533
15.1662367532
-58.7403589373
-96.0744143006
27.4329212798
-25.2680445102
30.6714962746
21.3500127932
18.6384792103
27.935061133
-13.3903804941
37.0416243549
13.1529684784
15.5374535568
-4.62385626779
-36.5384272579
20.0336383023
31.1956490629
-17.8324859479
-42.027194899
-17.2138660747
-5.09828125302
12.7506588291
-9.24189182047
28.0203805816
22.3423811369
-46.6154534332
40.0274447747
-21.6097038708
-7.60833865574
-34.5993813846
-21.4049354877
5.34570371449
29.078861404
6.02874882779
-72.1167182467
65.7978887577
4.02846552252
22.2843682477
8.40278559405
0.225520528182
-14.8651317928
-24.5540183628
-5.31361679283
9.28814186276
18.8198866885
17.3717931866
-56.7275654623
-33.7874273987
24.023995635
-85.1930337394
-32.63945635
-15.8448406804
-5.70973016359
-2.93696877431
4.8003065781
8.18421304263
-6.27799724546
25.1279982433
-5.70587764378
36.093923943
21.0768253363
-17.2972522618
72.6332424635
28.4112464417
57.8176896223
-16.5892431768
30.0990719802
-34.0012351705
-2.97027645197
-32.5027455874
37.1416157278
-24.1921688797
1.04941040297
-29.6940339371
43.7397297059
-0.926516547741
44.4066755364
17.0210495986
-16.7155027162
-36.8954763011
-1.59115122218
0.760512145754
-15.6880722635
-24.7477958714
-43.7730247912
-15.1935868536
-3.88911188288
-5.9550684619
35.4428009418
-8.29609408025
15.6218948758
61.5000193865
64.8045792003
-23.3241505534
-6.24954666621
-51.219413329
44.3506760433
-25.8181257242
-0.936757412084
-41.4451848806
53.144172064
47.7513729121
-41.9069439099
-18.5706067711
27.2643311647
20.2504930511
15.1294268454
-4.98091350734
14.5807427684
41.3988167841
24.9788026418
-19.907422318
57.8307496578
19.4732583896
-29.5757896198
-93.5888902328
4.63199275166
-22.0343484955
-31.0606646026
-26.4483474873
15.5910223675
-70.836245483
8.08632305654
5.28361008497
-1.51794587805
21.8725787241
2.42915585754
-8.15731968925
-21.9939788876
30.028992087
-37.9977675788
-28.6299552538
21.9818648484
-37.9722441436
0.508890613494
11.2772240026
-45.2701056661
6.12443512424
9.48689946427
9.8488256307
-26.896820814
11.7821348901
24.1735630095
-35.6424565426
17.2716031719
34.0641299781
-40.5906663383
8.65131127982
-3.07206262896
23.6515557155
32.663896681
27.5516186177
24.8516208517
-29.0056585522
-46.6271216748
-6.72836127957
-1.72444312291
35.882407313
-35.5822068979
-37.5213821141
-30.5486277148
32.6341560687
14.5199699825
36.253613358
-32.281703318
-7.99593766804
15.2994686418
55.8007186421
12.929179017
44.128688393
-26.8007966198
23.6571205559
-31.8135668853
1.40454446016
4.87871733969
-14.6722378993
-2.72563394585
51.4039739048
17.9151476203
-14.4805498992
-20.3922034247
64.5475389626
14.9103924705
-23.5246788188
39.2552023436
-32.957218751
23.0476258016
-22.8448018983
1.85677737039
33.7968681177
20.783586972
-12.3814816115
50.0423054901
-3.7020882613
14.717143172
7.66763384996
-54.0842353433
5.05809647119
-35.2441067927
7.17903400891
-9.98067651109
-53.7743025598
-1.25271995513
31.1651023489
10.2041934901
1.23101613305
4.65796039415
21.4425471814
-87.4390315083
19.9765228818
-13.1583993756
45.9821675721
-27.8336027452
1.06872316963
-2.905052053
-32.682212266
50.4044188955
-16.6757253187
70.8095620711
25.6913539819
0.634824402599
7.52437344327
60.7648145452
-38.1620969016
-3.55768409466
33.3233318195
-9.81035943119
52.826117921
9.56903978688
-43.8087670696
-26.0053590102
5.9152362874
-25.0767777127
-6.71082374401
-35.3596447163
31.7736309463
45.8049580908
31.4367305542
23.4692761507
-90.6942764506
-63.2243577694
7.360917391
-6.83656658741
61.3753541294
8.89425000237
-19.8614553027
-42.5465857024
-71.2992165875
41.9072847349
-2.37880046237
55.0938772107
65.0883035425
8.83640642961
2.02723448787
44.7809662044
26.0140975616
64.1063300125
-3.5992388785
54.9855954525
-36.551756736
-9.98919806627
31.9351259925
34.2333003957
7.26279266147
-40.6597346217
-7.07356147186
-46.3898146777
-31.8079216632
-0.480389339893
25.2161527667
34.1371940581
-42.3137700407
-31.8793513121
-13.1510763915
1.4727458501
-7.12520361737
-2.31010022349
70.4826136805
53.5759803383
1.41790555304
-35.3583719896
4.05381732632
-58.3521534623
13.0980937203
-30.7407462052
-39.9992398902
14.6533169381
6.46289009634
-59.3025838704
-4.73187046789
-64.8870889782
37.9388201327
-48.4669731172
-25.3037131282
31.5103975035
-41.6712318828
-65.8994352843
10.8139493681
46.3710864204
-9.52205743808
-27.7037878971
-9.14768890195
-5.30005297545
39.7096715475
-54.6379910571
-7.82208043751
10.4371903496
21.6342510344
-32.5831670022
58.0203479142
15.0642715304
-60.960526624
3.16275444189
22.6418403482
-63.5700397981
16.8598482895
-26.6653475158
31.5422312795
-34.2804689935
16.6566326482
10.9798016022
40.2344254643
1.8727178735
-19.4836170861
-56.9911797283
11.7984954587
0.997903246734
-40.3201089413
36.5319820344
62.0218563627
3.93939803967
-11.9135693441
-10.1390480721
-0.885413028477
14.8346783469
0.172540796562
14.1088714228
19.5819238275
16.0554128167
-8.11369071547
22.1816991978
-52.6695623978
36.5635132893
12.5596709574
9.94719687055
79.5353150442
-35.4531553601
17.8286859037
61.8012986742
-38.4843773308
45.4079714099
53.2477014858
27.9524291796
-9.90103739948
46.7223641709
-50.2177213175
-35.905546668
4.23792578588
17.0483451416
14.8906307085
-15.3301397216
-39.7600645601
23.7432551888
29.4809935884
-18.6898626344
20.2758175549
-16.5991850846
4.10280875929
18.3750901636
-16.3895019024
13.0864197348
28.2701114897
-0.536916928767
6.00217002263
-44.6757207395
41.0945311344
-50.9372788459
-32.632567276
5.13247998691
-12.7954948266
-36.2806966468
-37.1362446785
-29.3318288343
7.02544857751
-61.5214941374
0.873948184351
16.0732585883
49.8740402433
33.251242299
24.5311105869
-11.7944929095
29.5244420224
34.9418677409
-26.0684854929
5.88567556205
7.89307900243
63.4488427409
72.2254654234
-43.6849355437
9.27588810654
-24.7334325021
12.6329636694
39.7473525265
-5.18938418139
10.8262938431
15.5055272533
-51.0705385519
-9.98605611237
31.7403677045
27.5555704131
11.260713807
10.4098615909
-4.81253114251
-11.298180178
58.3260211769
7.07655365205
8.94038104732
39.8559714115
-18.7731159115
-2.42006928374
42.9376073234
43.6268024467
12.741268906
19.6705308361
-30.4534462001
31.1057462616
8.84300995205
14.0399741634
-0.838697242785
-45.6113292641
11.9468148098
-19.125845945
23.4782329783
9.94741105023
3.55785616259
-32.7814279861
58.7937043287
15.6858476107
32.0426575418
14.9861127721
24.7705220172
22.1801420428
51.0272594102
-8.81798609757
37.5329213327
-24.1307654098
41.8877186883
53.9078282385
3.4632363501
23.4075418549
-27.5699260017
-46.9748897055
25.200925368
17.1924054956
2.59000409432
32.7869306636
4.33542915277
-3.36680159339
-0.426984441046
12.7778752129
-36.8508735708
-3.51819304113
-20.244916216
13.9624560454
-70.2279717005
-51.8957232287
23.7917344467
-4.75558976877
27.7193395722
-16.0355880731
2.48361176871
-38.0626114032
13.2026981497
-55.2209215266
-36.4785413992
81.0966139906
22.4721254373
-2.32683488025
-9.50489499213
-26.5844935867
6.54544728553
-46.8256195777
-1.41463759065
21.9033490011
-52.1642579257
-13.5378857069
12.5116099907
21.2485830549
4.0050484243
13.5699016847
-39.3505748616
21.4816086101
-16.9593304528
19.6719056105
34.258215143
15.046824469
32.2193776573
-17.3176220274
22.4441901388
-12.2587153224
-18.7244434925
-8.20110013532
62.5841009238
-23.3040595096
37.5846891031
16.7093266979
9.21077063247
8.76478162144
0.185634744619
-20.9779940477
-23.1068424553
-64.9200423991
-23.8559384027
14.7539298273
-11.8181261986
-37.9413308551
25.9216290169
9.43909835108
-52.1444524027
-27.0283263983
-30.9922253819
-37.7761556762
14.7197047077
103.483761903
-69.3762693296
-7.86117569529
-20.1446300976
39.893996469
56.9562071244
-12.2300351526
19.2826399146
25.1025380048
-26.9283522142
20.326542827
35.1664809536
-16.5360989745
-13.0968113535
-44.9190938858
5.05718715612
-27.5829839605
33.246416124
3.25326310344
-17.5003551065
-8.20890868731
28.8688180501
-20.1494630006
29.7457810009
14.5714647505
26.8586188417
-37.9249388214
26.1509674149
17.5617447716
-35.1332812055
-10.9458847968
38.3115322611
28.6324088269
-1.74341806352
35.252743368
22.1160396874
-10.237718421
1.86089099924
-43.4448623422
-34.166185353
0.0763036080094
-35.8826313464
-12.0947723398
-61.0013000296
11.8640151425
18.0154259846
-13.6303638083
-6.13340788218
-32.2148043018
6.70530364086
-48.9186634031
-0.342534673576
-0.545989435964
-11.7580417995
-37.4615628993
40.4900402405
-34.4228613232
-38.6568235977
31.6882154198
61.3249570154
-0.939696147935
-34.9266850263
5.50076520502
-11.1270861387
10.977866295
1.4044445302
-3.23735664826
15.4695058604
-53.850718469
-27.16677102
-38.8885515086
-24.1546608067
-16.5751111681
0.747351565552
12.4853582249
-0.609164053507
-34.5352264342
-18.435538048
6.99149360769
30.7773644017
17.324196385
-3.40538664363
29.5064680677
9.89695182438
-8.05369483187
-30.3602507356
-20.2077332042
38.4564789182
-46.1188701331
26.7710019473
67.5099887244
31.0127539193
-8.80091058353
49.5981399635
3.91763439626
-2.69376830002
-2.82156302045
30.6271019023
5.68619303267
-47.8577731547
-32.1138857391
18.2242526318
-31.8120436407
42.055340774
2.53718900325
5.56952375818
-82.6495660078
12.5188158169
13.6227758235
-47.6254453309
5.55267885375
30.114761643
-12.3939219866
47.7887619587
-12.7417109306
29.0630980328
18.1241362866
-91.5687727937
-17.3830243843
15.1522814526
-8.21485360279
7.43744701123
-44.2131764805
-47.8757482282
22.4047400294
39.5329663467
48.0568944829
-36.3340633279
-30.053060981
4.37637356899
-52.5970946834
15.5262113087
-25.0973308072
-14.1291163749
-25.7716003374
2.32705164536
-30.4595621253
28.3298621131
-11.2724571597
30.0539571575
-25.3638719803
-26.5989956793
25.7988890908
21.0801385839
1.09746076319
-50.5494787657
22.4734447541
12.3913658456
-20.6846863606
-23.5336865106
-6.61397723566
-20.1581292534
-2.65149675239
20.8225114199
-33.44613309
-16.2051264037
-63.2844392058
77.9169551247
-24.4719013013
-0.0277763353432
-79.4883591752
8.18602283518
-11.786427382
33.5101742678
5.63431809546
-59.9999467336
-29.661686793
9.99921250011
45.4687400305
-35.4249658701
-30.7475054507
5.80295571878
-4.78634247033
-34.3087131651
-19.0327870574
-3.48785538438
11.4796045506
-40.32827633
-62.7218234755
-26.445657317
2.97465028
-7.95157519694
-14.7009677461
-14.9442964827
40.4714205567
-34.4437054625
-21.0831245757
1.85286127702
-58.60097853
16.3216917406
-31.3651119893
-5.35378603893
12.3701574613
-12.6237089752
-12.0195342035
35.7143499608
4.05516431748
-1.49125996701
11.9419208934
-10.4122111327
26.9164068528
-2.82295236055
30.2436029315
-9.1898245514
-27.38548603
-30.2004577588
-24.7756264327
37.3849738923
40.4711977205
-17.1628121573
18.8333368431
-10.3811748908
0.865054304665
7.76701739172
21.2662475473
-4.1353681526
-15.2117537479
25.5290144269
52.4856776853
13.001671597
9.58716862997
4.41104837346
33.5585416877
10.3765552696
-54.470696999
0.247930789031
4.00672006117
-7.55703058213
4.04668011999
1.43389103402
-11.078745707
-12.9717093355
14.2851267151
-17.5285405938
-15.5569970888
19.0889284384
68.6177302905
26.5556116002
35.8291180478
9.45983714832
8.57705672948
20.9345619959
27.524224257
-5.85543208612
-43.7592339419
-4.97403995019
-5.62170007548
-29.3780774252
-70.5983502017
-23.0409186535
-13.812924978
-22.1738856954
25.086955935
23.6452592953
-13.7830597556
-30.6856431496
-19.6620781822
5.32973055557
10.6924669029
-2.91400096074
-30.4392773578
0.3636327008
26.8279148184
39.5025602286
29.2291465043
40.3487029168
-56.4778815844
21.4511595327
55.4893345534
-87.284763782
0.90109974108
8.34572925133
-19.3770035139
-8.54043179451
-35.2033445377
-0.58303296247
-45.1339617087
-11.8865990575
-68.2635155068
-56.3549606179
-12.6289563796
-12.2272673684
6.15666386174
3.82293882868
-32.3886157788
7.50030153296
38.5552638093
45.888472649
-39.0419909673
-36.91808891
-5.88074436508
54.1678548815
18.3157155505
8.28399123848
-26.0276081847
-5.98705615694
71.1627177823
0.222723346147
-11.7504502263
25.795070514
-4.54589991351
9.08821230595
-50.8099037937
31.1822673725
53.9761492561
50.7662584929
27.2092314824
-52.8221521368
-21.2401002026
-14.3043735314
21.2634231807
-46.1214460816
59.2622295393
37.0907682563
-38.0634361858
6.29309776459
-48.0832150724
-0.0567288946949
42.5139449195
4.76954271512
17.1412236886
11.8032203349
14.2890302337
6.08820064939
-9.37534110142
-4.00381669895
-48.1470577157
22.381634069
-3.03620476115
-56.7154856694
-63.6482124882
49.2152104306
0.0823837184031
-84.0477341769
21.9384319037
52.3825958509
-1.14019520502
12.6735743813
-8.55598823439
3.54665230266
-18.9184006303
-66.7310278145
4.00040361518
14.7433754673
-61.91863145
-29.6248507509
-21.6847981739
-0.0648934017317
-5.01830876928
11.4206188057
29.4962579752
-11.1003977429
30.2390872113
27.3064652337
-17.4744293102
-5.20115182598
-2.34413655359
6.39589478268
16.4707992288
62.5995712496
-24.7204660204
13.3558237755
-67.5582594823
-15.184959981
-55.6043419016
1.7447098755
-0.220074492544
28.6475042524
9.2461391508
-15.6170858991
47.4245455971
-8.42915898993
-27.3348713159
-1.44658713399
14.6916498304
-24.8847705582
52.1303360455
9.79928625268
-45.0986663049
70.9768191454
31.896069612
14.0185410304
3.60729032132
57.168414482
16.8658689014
-3.18559911087
27.1554989464
15.0156791519
-1.70743886303
-5.58007844125
-8.76077736756
-34.0133748401
-31.8854737774
47.2766943693
-8.26640542349
3.17074815782
-2.04409736853
50.1403951161
-30.9448663049
23.2366085772
-9.28336078257
51.3917970869
54.2150757757
21.580059665
8.43483549718
-59.8885982327
-5.95463915818
-21.9514400194
70.153575273
20.1901674623
-38.4213865972
-24.1729659914
41.8601456258
23.2368796864
39.8757825897
1.80578413536
12.0825662154
28.3567517191
13.894382365
-25.4936506019
-18.6338196855
-22.7839793091
3.11422211409
-6.25893168787
37.261507796
-90.6256811235
-11.6971626314
-7.37053496517
-53.2005505052
-17.0297903291
-5.31243780261
3.54107732121
-22.7971251613
64.4863449508
-14.9985388449
40.1260417421
24.857896391
4.92204388131
-4.7181207147
51.9269702419
11.8500370922
-32.9589845029
-38.5734213659
37.69044806
-17.9886870798
50.265328811
-36.4064276977
-23.7503826236
50.5704806862
-18.9256650914
-26.3701348438
-4.55810692882
37.8196794789
-3.75854468023
-58.9356013969
30.4889899807
-39.4678224352
32.9391514379
-4.49176830182
-55.9821516197
-35.3035523603
-5.69011822211
-26.703520683
-17.7372723029
-20.2983548017
16.3706355147
12.9907813369
42.7032445339
9.49320202912
17.1429524009
70.2376598117
37.3223465553
-0.146925583134
34.0588407415
23.8017563503
11.3132863261
40.2860449233
-56.6040229852
-12.9641092208
-17.5230867175
23.7328361966
46.7495262543
-80.727267287
-20.0906441648
-39.2407226232
60.3801595874
30.8576236385
-10.2703322703
-23.1992225696
-37.0778602456
59.6097118489
60.2902556494
-14.3275774775
35.1986362556
-42.8814084405
3.34292412235
3.24764090634
-0.0961385348207
24.1870922084
36.7058478437
83.4524194456
-7.89636572681
-3.67636431367
45.2448764423
35.0016988341
-7.30526093358
-2.10986210532
45.8064522206
8.63488956793
-25.952190435
3.95111305355
-18.2717624879
-47.694982491
19.5374546927
-22.9904006572
0.776426243203
0.282855683964
43.7750467268
5.09950866976
1.35288674924
29.6023604368
-35.5486647164
-10.3417535411
51.9153370077
-44.5092766668
13.9759572114
-24.8450305555
-5.5141441158
18.0511617
-27.4082387694
-44.7416129457
54.0142011344
3.51316132834
-30.5743466896
11.2170611707
-17.8229695351
-26.4071571105
-47.7363921864
-32.1298945516
-3.41681176402
-38.3546232691
6.46389352921
6.23193889014
48.4950764268
74.4875086701
-44.5474565112
-87.3782287417
29.4079846658
55.2946466831
79.0789157551
-3.69462569254
21.834538391
-11.534259285
-2.91510155164
-5.73436892058
-67.9825734468
26.1783395432
-22.1352289149
32.710904183
-16.7972498473
26.5578974175
-37.1780159009
-3.39880627197
-34.6473936381
6.9708735614
-56.5740775825
19.1619556983
16.1931552038
-24.9405471747
9.81689181105
-1.19850198355
-23.2452095096
38.7749650676
47.3408490021
-24.8469231668
64.1758436585
-20.1649326382
-38.1079513226
-6.09919457807
-42.1984209919
7.87908706734
42.5050425025
68.994216716
2.21658725092
54.5980402284
12.3099278656
16.8587106418
11.5725825238
-49.8463570856
25.5646665083
-30.9235517773
-5.55793182581
-1.83039303156
24.1490778293
2.87296887148
3.87406333461
-12.4342109707
68.8913291793
-32.6104607518
15.2425525725
-20.4270658023
-35.2380150073
-5.98940793445
11.4177657995
-11.3671861504
-9.59605291454
-24.9365358377
-0.787273131292
7.30388167335
-21.425451566
-35.663759818
15.8239764006
-29.6462395211
72.8035595777
40.5031370729
4.01835346422
-29.1530614366
39.6328381332
-21.5861821298
29.8013038026
35.554690382
-62.2178545898
-18.6159333417
5.95652855234
23.4776714777
-1.34206086888
7.12146710144
30.4499677423
4.1407693864
-37.2479525421
33.4769282705
-15.6125597692
-5.54916714245
55.2403404655
-8.30947562148
-15.6872170466
-47.043158529
28.6938114463
7.31116725207
34.9393045838
-16.7310158403
3.90842524613
29.03877861
-5.40423756927
19.3558002461
34.1327163651
29.0025630397
-78.5051847808
37.3436372271
4.69078840704
19.3868755027
-37.875331649
-83.0509540265
-3.67530548149
-22.0401292835
18.7484302769
-7.89209389071
14.5735334809
40.6457241681
-72.176292107
-25.8948182784
5.26300833872
-5.49453787804
-21.0880868973
51.0155631575
-3.05171397379
-1.67698314285
-36.0884040379
-45.512276828
-29.9179920316
41.6568446275
-36.5437406535
-20.2031559802
-0.675480098178
18.8567455349
17.0041510933
-11.3636094897
57.7184874469
-21.0991245961
5.57516877985
-8.07738229447
-47.1903949759
-22.6279660022
8.17869273233
-14.3366868868
11.3807397771
-17.3306204914
8.81546235761
1.94400036838
27.23857339
-38.198265671
-17.7109659951
-0.449845796726
1.8829923656
-4.54929160719
-65.3742319116
9.19980004978
25.8006002257
-4.66813064989
-11.7857545989
16.6771521901
46.399624924
46.6815590443
-7.525678794
-16.6720099772
-5.75754435895
10.6221866285
-53.8190147637
-7.59878201731
36.5976764757
-15.8428918919
1.04490367342
39.8580669769
-2.6669992932
-0.861601269663
3.44412820459
2.85688559041
-19.7610778628
18.1316306076
60.0883842499
52.5492479605
14.3114467039
-2.36602307317
-1.74551311176
4.8429641078
34.8345434566
-70.1571196326
-37.6693279697
-7.15474631872
37.4134567435
-41.7428142998
-17.3803473367
-10.7259349751
-15.587945605
-7.60167644326
0.686657739856
22.7388826652
25.2328250194
12.8197773805
54.1856452752
34.2681239961
0.910024481233
50.5902825525
22.0968460468
-8.05983455213
-14.8499664693
-9.78775664684
-86.9274793236
19.2888439955
4.38058999217
-25.875446714
16.1031832848
55.2966744939
-14.0879156077
-26.7013360525
-20.6986482384
13.4524872083
36.1303252418
3.41338772294
31.6556022953
-14.3528623831
-19.4445269367
25.2518807212
22.241731589
-10.2157796619
4.10873662089
-30.302875872
-25.3639585047
-14.3367158763
-9.65061764989
-51.9644722322
-6.75324872809
19.0212614457
0.625205093459
-26.4790568565
26.3274216796
10.2519564549
-12.5113396297
7.06870986159
7.03866579529
39.8156085735
6.95939075491
40.9588241077
0.352999369685
-5.80251120788
14.8696681655
-23.6548817648
-23.2571384247
-13.4596843939
-52.1154909841
5.48134255058
-37.9075377594
-38.5656302229
31.2089623818
-37.1298934205
-30.274200095
7.39921616734
-20.7979268946
39.455677268
-22.3262824373
-16.5529960202
2.68867154743
21.797505721
6.33232079557
-41.0015489034
17.9588715428
-14.1551928757
53.8511549728
4.64658574781
24.8148406129
-65.1405063432
4.5837696784
8.69433351796
-1.81330726138
-37.3546886344
32.3979413928
-52.7687491832
-14.384763273
-27.453778779
35.1263441508
69.6386848613
10.1550765537
-16.9930866936
-53.0517757842
-14.8033801145
0.971066599639
-18.8486037694
-8.62573988126
-6.84100352252
-70.2512588458
-2.18851575993
-54.2022956655
-3.61746241597
-14.0558510808
4.43977219298
-8.81926998206
58.9604809914
-1.77535315195
56.9105699245
50.5491279202
14.2780909811
-54.0284161491
8.24059317952
1.63149472433
39.4989259658
-17.8306321959
-25.2470120519
23.5335548134
-20.5004712076
-5.99155755568
45.5091512643
-20.4239423911
0.0381371730351
33.9578447113
13.9865654348
-9.07906838326
34.3598064108
27.777926701
4.34588691805
-22.5913768546
-7.72160442154
-1.71392724035
44.4381933222
-2.60044607217
38.1637328651
29.5183525809
-18.4096842977
36.1842866684
10.9428872192
21.1146272507
50.5073253228
-34.7818919904
-37.9335205911
10.5460066075
-23.5024408991
21.4239244318
17.145843982
-15.9673576744
-51.317173808
22.207638193
-11.5484198375
17.9662348315
3.85906168806
14.5906367885
0.0633842629956
13.6450177809
-29.3049419608
-15.6310627033
-0.985659926749
40.4323470429
-1.01074029427
-39.2740398912
41.8953017832
19.2401437142
-35.3013442543
-7.35624345059
-20.222219113
17.8728093818
-19.9626172869
4.57074022397
4.09367606068
-50.8665082331
-46.5308429125
-28.9686942313
32.3579118471
-34.1058989612
45.2684876147
-52.7392880711
-81.2378948492
27.9900956549
-9.36032722627
61.0944099325
-6.46015877822
48.4291866259
-45.2464525523
-16.4887131257
16.0284508982
-16.2806642157
3.59665678534
-20.5001983095
0.789315928335
-38.4774684762
-33.3533280483
-6.0488390155
17.0642298351
-19.9575129933
-26.6083329961
-39.6022403686
22.6036691318
-24.4479259331
40.404693418
-27.1253049995
-8.51121713586
-56.1560867918
-21.9567439602
-48.2119186682
16.711961161
-30.1958128658
-24.148061062
10.9522209561
26.4134606137
44.265378354
22.9253750288
-77.0666014104
-0.169138334789
-75.0406010059
-31.1319252169
22.1739054329
39.0498539466
9.9123710413
-2.74601771311
39.3578096359
17.6944462239
15.2755067061
-10.2018831224
30.0340855051
-0.298134703287
7.96041595303
-23.4518339469
7.46894578971
51.977818005
-21.1738781907
47.7704444927
-37.5737932743
-25.3387416686
19.0578986819
3.69049983251
-45.5704685623
-37.9871571527
16.2299204667
56.1778697446
-32.7334603208
27.7048660536
-44.7895378849
9.68011523211
24.9235155916
-21.2560453378
-2.78937146474
62.7932895781
56.5635301626
21.2531610021
-2.32291380848
-26.3300201773
-30.414931684
21.3884417834
-34.0389335383
-1.91170885869
2.97805204466
-51.820134666
-39.8515526033
-4.95568492712
-14.9648362978
-1.16560665101
36.3988802816
32.1872986709
-21.2558155443
11.4658130695
10.0784135555
-34.8289639774
-46.9690671644
-30.4003635418
6.2283009128
9.07483744315
4.08192222723
17.931312673
-8.16329724342
41.1498336361
43.6426161633
44.684561114
10.0836264134
-20.4814324911
44.7146406045
1.02103879645
-12.8532808745
-12.2009482992
31.6569111864
-43.1887904672
-21.1162175658
24.6305643819
1.23219399965
15.3177827626
31.7543022594
27.9656577491
23.1885938702
31.2795048106
-0.790287572581
36.8570422281
-11.8229203232
-39.5100725035
-19.5617499378
5.00921746888
35.4769545097
25.1754227408
-11.184692345
-18.4597800671
-9.87736427941
33.633972077
-13.6186459278
-9.33661209696
9.29021490863
-41.1977276319
14.4808994674
-12.7582264173
31.611813771
24.9246731952
15.6710268693
-24.9627350597
-22.8041387163
1.23996771279
64.8428800922
-20.0347480245
-8.64197003173
14.1878491233
3.61304747418
46.6696698237
5.96842940085
8.0351063131
7.32936566248
6.14432836078
50.5809790141
7.54477047297
3.59325274155
-16.9682382515
9.68358484829
-5.58620865968
-13.6594983568
-0.990349001796
26.2235829373
55.088424582
-37.4864831796
-7.03371247231
2.89154244604
61.1216882999
-20.9693524927
-14.0436130304
-41.688757695
-24.751269574
-1.42225919719
-23.9281698162
26.9958097684
-65.4471432647
15.0243802538
17.5103044595
8.63269036567
-28.8288913477
21.6917591516
26.7251619178
-48.1295468605
-13.9961574452
-34.0422270693
0.570272081027
17.1524860543
65.7788963748
33.1667900472
11.1289492542
-16.1712796326
7.93909428283
18.8674345152
1.86457424831
34.9616903614
-7.21784424812
-1.12958306097
58.2842894288
29.3678782071
10.0788161362
-2.36720459452
28.4117241835
19.0712847813
8.03255023566
-28.1485181728
-1.54316067154
-48.9270625977
-30.4855833616
12.9250350413
-41.5054644312
-2.10311129993
37.6785452263
27.501033926
14.7977949637
40.0965147554
10.6973991311
-9.32302914773
-25.6412776353
-30.0310125674
6.93497782414
-50.2072593997
45.8269824012
70.9944678038
4.04810855285
-12.8756456005
-20.0252581998
38.3232257304
19.471250405
20.2231606263
54.8856686775
-14.0446165072
23.5749317419
16.2135124193
22.6814706127
-18.596704304
6.74935372872
20.1552163204
35.875024687
37.1520018307
-40.6867470708
12.872849472
-17.356883156
-1.31703651847
-0.216184229428
20.2059894162
-15.2368184542
5.39047983992
-59.1071984197
-1.55332271947
-36.1046471245
18.4149674866
-18.1471432351
7.09457624591
28.3556217582
29.4190694713
-45.8167061755
25.4410925004
-20.4528556662
9.71458307666
-23.9447531379
-95.0196346466
-19.4869783758
-31.3727621218
10.3608039677
-5.61914650779
-22.8236510713
-17.7771771813
32.9997438897
-6.95634151118
11.8815450868
-34.7071309658
12.9883767884
32.7998952749
9.11989284128
21.1364509824
24.6098002089
-41.2048522899
-13.6754981377
-25.603073799
-23.6742900182
-50.1231842188
-7.7659859096
9.64876526881
26.7811688425
-12.6569899483
4.33637307726
75.2323236287
-18.2411910542
5.66233907691
15.7883273225
-3.22078671147
27.8191596908
-33.4540854557
-28.668101636
-5.7324703812
-11.6525797895
-13.4258111211
14.3734823165
30.2103068603
-17.1627414663
13.3470480169
-10.7333109311
12.8647825436
-5.51845790428
-14.9180863629
0.807846648723
17.2438526992
11.7029419786
28.9658743442
-25.4719007655
-9.12602075134
22.4752642086
12.5858446196
-19.0733519865
-34.6361944526
39.4093394808
58.8283960957
39.290776542
-38.5622560922
-22.9012192835
-18.4653475245
38.8775366975
30.4679739104
6.94826149701
1.23838882221
31.6523317539
-9.24860531466
-59.4405235141
-14.5152129233
-18.8120868055
18.9950425888
29.3141396124
-3.39550832207
15.0411327792
-25.0777237854
-53.9423782457
-7.1211200657
-3.87033404075
35.1612514939
-45.0759871574
42.2975949948
-13.6397804693
-3.31513790792
27.4194091302
-3.42535079164
-21.6440891521
7.59477845978
6.23808221997
29.7420584555
44.8109048436
-4.92559585362
33.9366888535
28.9561949504
4.31564345377
7.99884170207
-2.59188945944
39.6838371348
-37.816937812
-36.8000943161
5.57673764575
3.42396217088
-16.8730384488
-27.1512440808
-5.94718543907
-12.8550449547
-20.3980055957
41.3514946292
66.1613109477
11.1718412743
6.51713822606
-23.1881260198
-3.55978242017
22.0423347265
27.1740969801
26.2896383413
22.5093973758
-36.1298393256
32.1149022327
-39.8809531244
16.8579001959
-11.9530834929
20.0587208372
-14.3123262813
6.25597141187
-50.1139282869
-1.85101892161
-20.5127467462
12.1184883719
-63.6507535851
-18.1055051661
37.7834361687
20.2647518259
-6.65458581411
10.7380175058
0.936256084039
-27.2866957909
14.8198922947
-15.3033216491
11.7021379742
31.3318286003
54.2902786323
-12.1802256297
-33.3395214636
0.406004221693
-6.41889130428
11.3214914241
-11.4012613494
-37.985464388
18.3958107658
-0.500766586943
11.8653427876
41.6009236548
-4.36985226394
-54.552840792
28.3062995943
0.836098416152
35.9483108141
0.251538483068
24.4494039404
-45.0583632866
-12.2467737934
11.8034852111
7.6657216125
37.0700209226
30.5923028618
12.0272415969
22.3888018695
-36.7875026485
-0.963945375038
5.54813727196
7.89609947184
27.8872405229
-42.5745145739
35.8428892786
-17.5338035597
-5.15099559115
45.7673615839
-9.85981087359
11.3433231265
11.7345930807
-3.0461742967
27.149138554
41.6905404967
20.5532410141
39.0808282662
-9.76808239561
4.35992200214
15.5172764006
14.3297758873
-1.91121483823
50.3934702303
-35.8976053675
58.4863954929
11.7520249482
-6.24431137922
-9.50729705147
-21.2847883122
53.1354544561
44.7971743452
30.1304405216
-2.4326144221
-5.87970310585
13.5894565265
7.54412155537
21.6694885009
46.097378741
-39.7570705035
8.6041032519
6.46149066605
23.8755705032
36.3715009877
5.11568653627
-33.8322217416
30.5915785382
-37.6433719248
20.2338700933
-0.89760163761
-9.64935770375
-20.3959075127
1.57046330585
-24.8165493348
-1.93281460037
2.26435511035
15.5866466908
-9.80943519007
-36.2983232591
-13.506093545
-57.0024758804
-48.2087559561
-52.8880762648
-4.84041461589
32.8470640537
-9.60742734063
0.926932186663
4.199542343
-48.3732427712
2.67846162431
-31.9671588645
-41.816838742
-31.6000562238
-17.8477659476
-2.16208672988
33.924528836
56.1843904581
-32.8266460621
-3.43736756616
4.17622861844
29.348448484
-4.6615289898
23.5665207915
35.6698577194
0.461726646332
19.0198287425
1.7146012638
-43.3609336198
-19.605586777
21.1847043397
-36.9399859626
-14.0381650708
12.9684785881
-0.647010752062
-23.0188244326
18.1314902783
10.9401577417
7.41572054546
7.69768763281
-14.7918912803
-5.97535213283
-39.0702133344
35.6902641203
32.0104371377
64.7609111831
32.8408960688
23.1063939454
-14.7220930672
50.702425425
-15.0327414575
-16.0302590049
-20.9979977701
-5.49163864249
50.6444667806
-1.40596754563
-2.6136141359
5.91697840894
-12.3647664288
17.5441818511
-12.4411701473
-20.1726444479
-21.354032254
9.60749666684
-13.4472578748
-34.6953470037
-15.028940048
14.6376670571
27.9662303899
-3.58278686881
15.3925191592
-51.117386246
-36.2106297392
39.0089796342
8.71856515281
-51.4902015998
-38.6526789241
-0.122636925112
-10.2283242587
40.454441603
-59.7647517612
-40.966002974
12.4474611453
-27.818262523
-8.14232424284
40.3999852227
24.6463940511
68.5405005247
24.044684257
3.56174765449
-53.5645336769
-34.8164404982
-14.3622050427
5.46460284211
6.25247506145
-21.4102461886
-21.8571537136
-2.36329113511
25.296455179
-12.3343762648
-13.3017207277
-34.4460694053
64.9412105283
-25.7691420441
-35.6071084678
-6.54657997688
-21.075142291
-32.0174102618
18.9281741313
-24.1579715712
9.22736724475
-34.5740772742
1.66336407078
0.392820659336
-43.297412763
2.23319959226
-75.3551185353
-5.4023048938
34.2015928578
-32.5905130263
-0.840195304669
42.6634705956
8.28141650672
-34.0043293799
-13.4443176972
18.3634657224
31.6957398777
8.90034180119
-40.5162158593
45.6110350678
-2.13568630639
-9.89188059214
-20.134526836
51.1113301071
-36.2780371578
26.2766781528
-19.8510879994
39.8924030655
-3.73984633465
-23.6317832166
-39.854485738
10.2319715534
8.24877741517
-16.1503884547
34.8279762351
-3.27639638181
-16.6423228791
-38.5843716759
-19.2656748234
-53.6759683443
66.0924359062
2.31807378734
47.5671633245
37.8880889502
-31.5943044165
2.11106628184
30.8573649662
40.4825663568
2.40122565447
-8.80572734956
-33.0592899492
-1.26467788395
-4.06469880249
10.9400401944
-35.6137058809
9.17398946913
11.5829887831
33.7213595789
-29.9864178309
-30.0121373389
25.2040509437
-44.2494827718
9.50228942752
-3.21079877396
14.3615881479
13.904316074
45.3607290219
19.0941309403
17.5898704961
11.6842366594
-0.364523579127
2.33289697033
-25.1105067224
-7.3857033801
-24.9007088877
-22.0366373833
11.4811992309
-7.31792945391
-7.86842701268
-66.0828422478
-27.180719982
-19.8011777514
-35.0974243429
0.567771141776
-36.1578572472
-8.55237323467
-18.5969483935
13.459901686
36.4638978993
-59.9908188961
30.6461483261
-7.64740176894
-34.9908319681
-0.760566828836
28.1513817156
-10.9188289636
-36.3366088873
-23.3930109765
30.9922157097
42.6451680791
-0.735522098434
0.196695321888
20.8869122428
-16.5297192947
-21.1327634995
60.5408169
16.7884463398
48.3291421842
-49.4550689972
32.8369059636
-23.5469785046
27.0373958863
38.5269745234
-19.6310399754
-42.3085025709
20.6093518547
46.6795956675
-9.09643975608
-23.5259548861
39.3559260718
-66.3503681163
34.6040723196
8.95035002399
-19.851850048
29.4112117422
-30.6095317132
-11.7114724775
-33.692581061
5.46873503213
19.0041500782
-7.34998741537
-90.2505667835
-25.112943725
-21.6425511409
65.3772004254
-18.4432907174
32.9413995129
11.0422461048
-9.61371639149
-27.1753821107
12.7186093703
-39.7651399112
-19.009578149
53.0898682946
51.4774066459
-13.1873658297
4.78432866452
6.34967337512
33.6282666032
7.66743029404
53.5735513683
-34.3205699508
-10.7262940224
27.6315525935
54.4639113196
7.48994899884
65.2806331987
46.8248573097
39.8880886434
-7.41936126473
7.03953280907
29.2869025615
-36.9368998461
4.20596739135
-17.6147037119
-7.3899600549
22.1812597742
20.9124702
-6.18664877633
-23.9973708139
-12.1941996186
-52.7363711424
-43.5615412123
15.8744388906
48.1397396403
-0.569160078592
-26.4273658826
26.3829055182
46.2289370057
7.34189966371
-59.090844653
-17.1578857934
-33.9640769839
50.6574240374
-1.92680748209
17.9719738315
53.0600453807
-29.9629352891
-22.4884367876
-7.32805890837
59.4759625956
-60.3371595035
0.0184104796037
14.8851624807
-32.4478004611
-4.15144128033
33.2229643057
2.25947099392
31.1144440594
-44.2128768764
13.8429224026
55.5280758522
-2.03658732358
-1.99636221632
-60.4574562435
8.22207559371
54.0100516278
-27.4500028557
13.9737479492
6.30713888708
30.6140946651
8.7604196194
35.2156032379
-45.5378492017
38.7690077948
3.16531012614
-39.939698042
-55.4265390249
12.3243633865
12.7907962976
35.1645659681
23.6470151843
20.6182884272
4.57027605151
-16.0855676632
28.8887768523
9.07264208151
6.67425478535
-6.07818286064
9.64027424631
-79.6623894489
-26.0699114006
-49.4375605322
59.0220373681
24.8725751899
-9.47014668602
30.060135506
28.5771598192
-20.4317290016
23.957064972
-42.6620995645
25.6459714514
65.2981908029
20.5957952364
-6.29015699802
50.9033081415
29.0292885017
-37.9289729534
20.7852249891
-8.67208442991
-10.7720165773
-19.3346004607
-19.1235986078
24.1401035022
47.7713503439
28.4507483546
52.5845750538
28.9894263556
54.0203245146
45.6774691955
-28.1864683602
12.986995385
45.9346579605
15.8616866896
-13.6050023875
-67.1725562396
-11.0193486318
51.3129731251
-18.0198611266
40.773130607
-3.1105633314
59.4245596437
-3.11321155384
40.9183159863
-10.3148949331
18.8664971316
10.5086597216
9.08546237291
17.9480680365
12.9038943487
34.6438409681
-33.7234535279
-14.8358405631
-3.73054320047
-37.7968983984
7.59887582044
6.21265514465
30.1710987241
-2.49983779018
-16.1410326511
17.4081686119
-13.2556882794
31.1264138644
-54.6060108496
23.3031116712
32.2550173379
36.0281450362
-28.4080540886
-20.8940039732
-37.8853174834
-13.2025736278
-26.4527100672
-23.4357024875
2.99246417452
25.938753003
6.36618522228
45.098927925
21.1897936259
-2.38938476466
-21.1842677235
-15.1881100605
-2.98755431517
-29.5830658336
-24.6311382177
26.0730712527
-19.8367485927
-5.17921329266
16.7957802232
29.9699871319
-46.8317825224
4.64938756489
-26.930305691
1.8090675402
-8.22639410803
16.5147985718
56.3916077503
-14.2624431756
81.7994357373
16.273077144
-5.47997305865
-30.6784550109
-18.2265555205
8.14870729132
-20.6459289874
-13.5270316389
22.8315467073
-32.3041094555
-20.6913812253
39.5147753769
-57.8561180421
31.1802919578
-8.68551878506
-3.48294303819
-39.4884640848
-4.81978770902
-16.8965299444
6.92205566371
-32.783651907
12.5927149659
-29.7484605411
-30.269923481
-26.0479266484
34.894047129
-56.8218310703
-11.7172482389
-4.69267438603
-26.2207439778
-1.48257167814
6.84173448007
-4.51738864309
-44.3737793191
-26.4322276876
64.633935949
46.4153086508
-49.3408670684
-12.061616302
42.4325719793
34.3875550081
-3.39173057126
16.4497256323
17.5317042663
8.72914071439
17.4757943961
-21.0864289228
46.7121769804
-57.6631277927
30.2358405466
-25.3210722718
-19.650966486
-69.8652586296
-5.72482369966
-1.70122446195
-52.4389319535
23.8605798548
-4.96325195125
-15.6417628744
-24.6143306738
-6.39282166305
-45.1952141039
-14.0592910549
-54.6604745259
-40.0338463541
-18.7145720234
-31.8314693194
-56.0451784865
-5.62240070121
-14.9783188448
48.8157325985
29.2375899838
-20.1154392539
-20.5523067513
-18.3167108678
24.5907963112
-4.44683366612
-3.59162894126
-26.5358094174
-60.022709009
20.6602156969
28.4003544667
-33.182117622
50.6330883496
-5.1934455365
37.989817024
14.4605219816
19.8757284128
-3.34716839761
13.5806176676
-23.8790168201
14.6708726579
11.1628429694
-13.7544472025
83.4650729371
-16.5646057331
-33.4434283794
3.47229032736
65.5062740945
31.1554410578
-3.72020060745
25.4534416775
-7.4458858344
37.2269476893
-10.5119027927
6.22753366683
-35.8044646574
-10.0152907585
19.9851511042
18.2807893101
21.7825688329
-16.5059360197
11.1577602289
-44.2975937639
-65.7143749375
37.4705355545
6.14929503896
-56.1574732251
-21.9570990081
3.13464366672
22.3416824912
26.4371104223
-7.60462528102
45.5626715604
-33.569293371
19.1831233207
25.2674730147
37.9256369556
48.8779928038
-15.0411123936
18.0844639661
44.0626511682
24.1223041388
19.0037111288
1.57234316137
9.94859828045
11.5553300031
3.97180833339
-28.2878205927
-1.44972248817
-10.9621661105
-36.8609164685
19.6686619004
16.1031771531
-10.4815424136
24.1364776602
0.386697159046
2.55476217843
4.79983622271
-18.2328481742
54.041339893
0.132774172463
6.41338166884
-12.9016434538
-18.6039044583
52.625917121
41.6168956277
-19.7587533347
-44.1100991189
17.1328515223
0.354684836741
-8.831658351
8.07510337836
2.08421827796
-36.6612070988
29.13368875
-14.2360633987
-16.0867418066
9.5200065035
15.4046120086
47.6442373577
-3.21451602323
-20.7321524476
34.8761668629
-9.80892523632
14.4421338773
-24.7972438476
58.1135936822
-32.7369851435
27.7121186341
-45.3443366766
-3.48855629938
3.60986658107
18.4316646694
-14.3679849401
-38.7854195462
-15.2019247348
-6.83365850726
21.4045797644
9.12393168958
-28.0043691095
8.40958802548
61.3486094194
16.0364309697
51.547045463
-4.85551075785
6.76077593615
17.5243320917
30.1813869321
20.3532758082
-0.663006633333
13.3602972197
83.580128655
26.855368513
-22.7798133199
-1.46903127087
69.2290707831
-24.5620588988
-26.1891085382
-51.5045735352
45.3863246062
19.0698179466
31.2448456063
17.3789721343
34.3381221041
46.6049580362
1.92282163744
28.5853509346
-2.1272695372
35.665262041
0.908940058421
-23.0353489013
-36.1939330438
2.34514576142
21.5173842439
32.8448034934
10.7170208004
-17.3356221261
-24.2005189779
-3.81617021517
-8.26096149649
-26.8548316553
4.73749804762
45.0833498236
10.8000224868
-14.378647895
8.52833712195
-4.90239848275
20.0379932431
-14.2408847075
-8.6889466246
12.2886450098
16.9674934107
-11.2661642095
-2.66466155902
-8.44340243034
125.401667352
23.6895537912
-34.9648408651
8.2178682211
39.8414784711
-16.6733878422
-52.3332771183
-30.5253235746
-6.35556990805
-3.88701274439
-24.9163600358
-38.8085688861
5.65509128403
54.1404208779
-49.4941064987
26.5367433182
-2.14260667661
-8.89344315834
-59.5552851435
-63.3507688699
4.05996369035
2.03275360838
28.232170741
-22.0877793771
2.78213871754
-25.1816410926
3.53075846389
44.5045662552
10.9981122718
-18.7573080741
8.6235381662
21.7395358565
18.3621197858
45.9445085241
11.4526916287
-11.2717494988
-35.4398719206
-8.79175167438
14.1703795207
36.0930997908
-5.47073988888
38.8996317258
15.1448539416
11.783619985
-35.3336370472
21.5042324307
-46.5416198644
96.9748231125
16.2294364581
-10.0170551587
25.7877364286
20.6572030415
18.4959908722
4.35852225254
45.6293215545
-18.6396928759
-25.9800103411
-37.6683029586
27.6465991393
17.1715216116
23.2487561943
24.1413564955
1.19990245184
-0.285883044627
12.2789924158
34.8051521546
-18.0531213983
-21.841353785
53.559741278
-11.7422504576
-43.7879762587
-9.87937769672
-10.983764418
-37.684577058
8.69146954702
-3.59967255665
8.23357972064
-51.6788336212
46.7042683042
-0.557747561066
7.51556663172
20.4818856684
19.2147296716
45.6174977514
20.756500244
36.4523278114
-14.2826573553
-24.1258478224
7.53602045767
29.5658547571
-42.1633750648
38.066899574
-23.7017589542
21.2664558249
-2.99178624297
20.5868682155
43.1928302682
11.7111829953
10.4792720929
-6.01848438623
-16.4641181667
13.4563999691
7.7121229993
16.3497259029
25.4191833701
2.1914953699
84.6417890153
-19.166703311
-25.420881807
56.6411928661
19.9311974015
-6.27932187508
7.13044505698
19.4669876586
56.1669144516
43.6853996363
-19.4259633794
45.8280951525
-2.77802535168
-32.6995898252
-23.2939428435
-7.9478669215
-44.0781231925
-7.0808507716
-65.7416152594
20.1974405389
-17.4515707904
-7.20629350646
39.6946662213
17.1419132312
-31.8147278314
38.4437961708
32.5744453117
-9.08158002187
13.2994606226
-10.6262106096
12.6714322788
9.24501513009
-22.1465783593
1.27169050683
26.8255666219
49.9443147084
-17.3576147989
6.97589457159
-11.5116513036
-54.6280984486
3.15082960143
22.0135564403
-21.3388915377
-10.111215143
41.2995334298
-10.3000012223
-17.7703026515
-38.1833030019
22.3133621676
-25.8689509063
-13.6052204355
3.86603926021
-7.69259669379
-15.2662329172
-21.4057181625
34.0456987695
50.8068785287
-1.55680609059
45.0430697116
-19.023513833
45.7962256787
-30.4386602161
-10.7238134117
14.9628654564
11.9613821475
39.6137385435
10.9711793916
-19.7129454266
-11.8897218365
22.0388903025
-7.25072018715
12.0714449266
24.3879350262
15.0079123174
30.0360087092
10.8673912851
-5.58127093987
34.4216977721
20.7647144613
24.4337320514
-20.3678207231
-29.7885729985
-24.0154063002
10.4818952174
-61.1167938363
9.29318298745
21.8115616337
-57.2229240237
2.95821260124
-0.0338793727552
-71.5413983288
-50.9663866665
-9.98095222176
19.0509015309
7.46613598765
-3.34549077591
32.0416334228
-6.45698006002
-2.42730656337
-6.05635201643
-18.587886136
3.12672081615
-3.97702379082
-12.4440058098
-16.6586005868
1.3727537498
9.05993556685
-19.7719658861
-33.1643801374
23.6645116832
8.07310005427
-1.57887872447
53.5482923615
-18.0979643359
-24.5971686701
25.8176515363
-15.639829536
-22.3091550412
-49.273994393
-34.2098859566
-27.6585537832
-1.62866065452
56.1835957224
-13.3474346048
-22.2249186527
-60.1937563162
-21.9329049104
27.2532159883
10.8659614666
-74.3094833789
-22.8441282626
-2.82495859291
9.79606091848
2.65189131503
-1.03313121782
-18.2120567705
-10.7414668953
-8.67128535486
1.26768523952
13.6344396852
-9.62819101613
-24.0405181836
-22.6724940802
-1.33545442106
25.6925858497
14.7899916893
-12.8290748554
-18.817096165
38.1272708288
17.0405208535
-5.06042000639
-46.3148911302
-27.803441951
23.188983085
20.3990868831
-39.7121206612
11.0921913654
17.2823204302
-41.610415488
-6.51386698038
-30.0329812121
-16.3062676831
20.3913713907
-22.7120097909
67.875635195
-14.9655890589
26.1741552201
-15.8876327955
58.3415788692
13.9987322095
-6.31190789374
3.65702430435
-60.7952090332
33.0403967149
-3.37369892938
-24.542377818
9.83861291994
56.1036178767
22.6817765901
36.2952990365
51.6104444705
37.4319304974
-31.2565072878
-40.9130402258
11.4411802486
48.1081977346
-11.0304428827
43.9365386492
-9.99497558235
-34.3213525432
48.4846440898
-3.80637824132
7.76326756443
-38.348872129
28.2473337122
-73.5210298611
14.4059890947
-26.7283504749
0.773828851454
-58.931804279
-18.5057738022
-25.9067094698
67.979003088
85.9362135583
55.0128820253
1.40238356977
-5.99448440159
10.4072137246
14.4529180668
18.3145933587
43.3100499084
18.5821149959
32.1243744816
-37.7162471319
41.1414838503
-53.6309106233
5.56100028322
-23.6615145763
10.064290072
-31.8048057533
-37.3751552515
42.8355021716
77.8354416124
-34.5191704894
-39.1768760323
-2.9616814893
21.677195565
1.64445047244
-33.1884271197
14.8110390439
-69.8825058917
31.9106876725
50.3259760489
-9.35247445343
-12.4571158225
76.8030718485
48.9760671
-24.3851595998
4.19192935311
34.4285541265
-3.9336335063
-0.535728441224
-31.0333793741
-76.7560794522
2.92875756152
17.6954850085
49.8406699297
-20.7425676322
-12.5360361239
55.7958179365
5.90087412045
-20.2036702449
5.35582203418
-31.1913848599
-16.3493035626
59.7503532863
6.00215676783
-34.7591844214
13.7231074808
-3.0141411964
66.2070883942
-61.9899635694
21.4426398534
32.8513598966
54.8141029479
-17.8317173913
16.7963898791
35.3822045761
24.2843811647
14.5526738059
-40.4699367423
0.756264968608
18.8438421252
48.3216220357
26.9616224755
39.0795540332
-48.6489249909
7.19911220528
-31.4563871265
-22.5009917595
-28.6190310131
-8.2135295653
-18.5388648403
-31.3058122436
69.7923102424
-57.717521828
70.4183648378
17.7120987049
37.2845420389
7.1758340584
-2.55356186074
20.26052037
19.9061278581
2.98321686641
54.7375747839
17.0738659146
1.77621384168
44.5043711141
-9.02070654634
-1.39649748058
-13.0415912175
13.2136762402
-40.3302760661
5.40886861442
26.7494504753
36.7113850485
37.4919453905
-46.3768204588
-65.3330887234
27.7976062573
-55.4441877955
23.3154885887
33.8537401862
-4.64511956997
-7.74388015786
6.35323845443
-0.363793908706
15.7098229881
11.7412388364
41.4362346035
19.9656036485
-20.9083635786
-2.48966584957
19.3747506353
5.49299548974
-41.4984566001
-5.61313022789
8.09618597553
-35.0964315583
13.6325503865
2.0980274212
53.4604974963
-47.1312121501
-15.8368155817
40.4180294239
12.049139154
-8.09271610483
21.3712339575
-29.4048420467
18.0497211348
-10.395975406
2.33280239417
19.4051344176
-39.4662417161
20.2521310641
18.2201443386
8.43847640963
5.91400561871
42.8178069328
38.2990444388
-3.81446762192
36.3849854069
30.8628848468
14.9969638885
15.2278579588
66.5831781263
-63.2974736167
10.0562461363
7.91637362785
7.72239138352
32.9784607887
-10.9544022419
-60.8779349808
-32.6124030344
11.0236178701
25.2721873437
14.2974411221
-45.6455197429
23.6124830842
-12.6305493499
-17.0281927513
-2.66024946385
-23.5473940354
34.8660916249
17.3999484531
-47.9857225967
-37.2743126289
16.8158821194
27.39193198
10.814419194
-83.0429725581
-12.3499468159
-10.9295994592
29.9235515702
71.937957632
27.4325151962
-54.3284331838
60.3488803656
-34.9747551036
14.3188210886
-62.3239459631
-2.09586744746
-37.5132912765
-8.45892553563
-5.766660653
-28.8091613843
34.2412673914
-6.4958991094
-13.5556431993
-21.9045429932
12.8254575018
-3.68486237048
7.24969355518
4.08125774594
-7.65346875455
1.89686620157
-43.336181408
-9.11406686897
34.8215574112
46.2672362128
-0.354023360618
-12.663207616
-11.8836340128
43.8758205304
-29.6225327502
-13.9811167977
0.123410348671
17.301555414
5.00439348147
25.5821325812
25.2214386534
-11.4736322015
-41.1630795132
-23.16462848
75.5859368441
-57.0127351544
-16.7071303148
-12.4688104244
77.8232212951
6.10528854206
-16.4883611882
26.3874043971
13.3018374365
-14.0953096315
-5.5012791486
0.390262904222
26.3892530982
42.2630543302
23.5061670929
-47.5059652229
-35.6843590817
-31.381317799
55.4697457711
1.97402971107
6.86875067916
7.36308501128
48.5200505184
7.86015991873
5.4031094878
-22.7808106025
-10.5766223158
38.9700981479
8.13714990456
7.47720152191
32.8845919179
6.43381320558
-11.7375346089
3.11077890957
24.8820199183
37.3986087844
38.340293378
-37.0224418791
19.1244698864
18.9292445083
-12.3892102631
-81.2188034652
28.9167735873
-44.503778358
-11.356064408
11.7622593263
19.0529730974
-45.5546567808
68.036448227
22.0956948934
1.69397280367
8.49929311781
12.5620436559
1.57028029904
18.5491806733
-2.39015239406
61.519388874
-74.8498108894
21.2369134865
12.8254965007
13.7447197876
-6.26339593932
56.1751172268
6.05304646642
-28.5833715949
-60.6242804228
13.3720090983
-7.30503473001
-19.4172928098
-60.6835339443
-24.4247408036
-44.6613218695
37.8854322955
-52.2676684885
9.21233926671
36.5168646412
-22.9054539177
23.5526563842
-23.9668884707
-7.75089395992
3.52248254146
-34.0620235682
44.1995195214
53.7738043704
75.8948768525
58.5290544578
31.2012334171
4.84458975225
6.89895799062
24.5159653165
27.1703268683
33.4174476626
36.8413821527
-30.1630974742
-19.9270810414
-60.9356334224
33.8710880056
14.9015799168
33.5045753757
-6.92354285071
2.40448651576
-34.0095382621
-58.2561988117
28.2056835115
5.02953062294
-23.5100329769
12.7895097962
31.797368293
-13.8002301589
-39.5391416378
50.2995062595
-4.661514636
2.21253794173
-8.94197397906
-9.01499509334
-8.69984288126
42.2522084005
0.555889182976
-2.15664607717
12.4593755568
-26.9241997186
49.278293053
60.0467648172
5.58500735589
20.459802191
19.6150922569
-42.8503144007
8.98813249021
16.5640994866
-1.8678085437
1.88056375735
-0.218906624232
1.63540997649
-7.32457125689
43.8916494807
14.7778563314
1.84597751936
9.42927200675
-31.5311004281
17.8341541399
-16.3395223409
86.4488633811
-12.2211901381
39.6547021795
4.11296967522
-13.2461363262
6.29578526249
3.4718476534
50.1386627045
25.1108385279
-8.78087791904
35.0683246215
-54.4128924441
77.8436233846
44.2767336428
-46.6804696755
-16.1649015564
-1.30022978321
13.4374963743
-36.124787103
1.30590210678
60.8387268098
17.8218071939
8.13648731294
-15.6192213399
-8.15283686177
-2.68753642583
-47.1451950578
-17.1136499548
-72.1955635631
10.851057882
-11.4362670492
11.3028517656
16.7415540725
14.3418990641
-47.0361704398
-26.6356135327
-16.102457588
-33.5458157381
-3.89041342046
4.22029784826
-20.2466719862
2.10699794728
7.88266310972
21.5350948706
-0.712761582141
13.6929503419
33.733821997
-22.7072872314
13.5181345479
12.9685019061
13.8787027264
-7.66184847041
27.3549432465
10.591212773
13.5081366577
-11.5794537004
45.4476126036
14.4617498156
-12.3507447102
9.4933646342
-20.365131163
6.37361610292
-40.6355363865
16.9327904521
-23.2579651594
1.48603690606
50.4652694151
-11.5415751406
-40.4857243868
15.2484143281
14.8378393338
-17.3906222677
-22.8573205217
-2.75703575399
-25.8252195971
-8.28094346271
-5.92681958002
30.8766831829
-30.2936406215
-30.3549829084
38.5019739007
-2.88980470142
10.3019598918
-48.0173164884
-0.910178483368
-38.4712165759
27.7409691633
32.3568075877
-8.44025033635
-43.2295308121
23.4983945099
10.388866137
-36.2871193856
-1.35268442777
29.9592952908
-10.083663075
20.2760579991
-50.521806781
-37.7559172675
-18.2826092446
14.7433729759
-11.2170216029
-20.0271070856
42.6152256324
2.35184926405
4.86533979236
-27.124218966
-7.44685643119
-48.998862014
21.3383817288
-45.4126058348
0.573922437099
-13.2475810216
-7.92459004267
52.0011069714
-1.88989383418
-17.6729379935
-60.4390278869
-63.3509117112
-14.064302799
-38.1563913819
28.0760211823
-13.6821782535
-10.9896252771
1.03473438551
27.3818288582
-18.0553350703
-61.6541180045
-18.5776021228
4.66521928792
-44.5661930224
53.2349526231
5.59115079077
64.5591158472
-34.9185314125
-33.2202041293
-19.0882679609
-31.3541714591
30.4328553378
16.2278417702
-2.64385483287
-61.0404346802
28.1841839285
-25.5015884442
-29.1154369907
-46.6913950589
-15.9238975427
12.5423259031
-40.4322564202
-10.0832277553
35.4277478338
-47.4530035101
-11.9083014063
0.727681807326
-8.04890193683
-61.29020554
-34.6733183228
30.2246226501
50.3046216847
1.67542513709
10.2723114437
12.5052758685
53.5631247392
30.4926561979
-17.1595151819
-4.99207115393
-38.6488753291
-18.7248528765
-15.4575684157
-10.1047990598
-27.8047076661
0.17085001312
47.9753528727
36.3998338394
-2.76323772757
-15.1461910722
-14.0061992999
9.02830013524
35.9643079303
24.8685086328
84.4688084836
27.0912199264
13.7657470345
18.7965252166
-28.9391265994
39.2176404826
29.0078226893
13.1349120416
-15.0547359445
7.38029444203
-16.7063144814
39.2896553732
5.91848126388
-35.3959120895
-19.6504210285
63.2272496217
-4.55741910368
-11.7594859941
-1.52282964441
1.51452862831
11.9116857854
19.7498608838
30.7600408366
-23.4128184804
-29.2371302736
-12.9355463283
27.8680659836
-13.5373126661
7.07635047955
2.83363765256
21.5757924781
58.9012216571
72.7983880392
-16.609134836
-30.3088349937
58.8956849807
-21.7300513942
-14.1649307084
12.0252302624
-23.9548642939
0.113500527774
-31.5952941704
3.58293326452
43.7712195675
20.681307646
-29.5462280049
-8.51346604858
65.1609961149
6.75825096957
45.8599952286
4.33621139454
-48.3083951037
56.1886471286
-24.674653482
34.188137054
-27.7857254719
3.14886098963
-15.748984791
7.83221935611
50.5037168181
10.5291714268
14.7823680202
16.7461470717
-52.1567210993
22.9457413044
-11.3911168005
6.79828628877
-52.8162497505
-15.9113111889
44.4225438067
7.32369654953
-1.13769905783
-14.2379275693
-8.10331092201
-48.9120930636
53.1064603322
29.0756538072
35.6475343891
10.6858691383
-31.4506033346
-5.1407802045
70.3974140803
48.6201327058
3.98721238612
56.6256175204
64.2754193998
-51.0111027708
-33.9780228018
-2.72603542457
-0.310737165356
-38.6421796263
-7.1583027802
22.5488072613
37.748260351
-38.0114525491
17.7759815151
36.9398148814
53.9161729055
-9.83854733637
1.82337708938
17.3073420688
32.6217912465
-1.71493298684
23.090287895
29.2477630984
0.867194348106
2.86652520879
9.29355297952
-0.691035995638
-14.6145441994
7.23251142179
-70.3462192765
-0.161031586972
33.5555569267
17.7666408288
42.5282056555
43.4706306284
33.7702240647
-32.5752954586
-25.1497989241
2.34589180775
7.16834902057
16.8884392834
-18.911352451
-36.2333946978
33.2004621852
24.672493946
13.7775893566
-31.537066646
44.4563522328
-2.21283030137
17.215305813
14.746171053
-14.7496194897
32.6142372208
-3.08540141088
22.2066961063
76.389804354
74.6477200104
-53.1308011225
-29.7468559533
35.2770276746
-18.868790326
75.1091624536
43.1906750555
-24.8943587423
-5.03223997758
31.6738268003
-18.8637045622
-20.8908841773
-58.5668894433
-7.60585202358
-4.89247158856
11.6322943306
-29.6483728313
20.6708563502
-43.6119527994
-12.7595560661
14.4678886367
-1.79960956159
-1.59011310769
61.9096312703
-10.2099444066
-20.0399535418
40.6442296929
-9.53191897933
19.3001551656
12.2234766921
35.823009395
47.138006556
-33.4026646176
6.46677878908
-17.8765756851
-20.6903361755
29.8866876742
-35.3393396047
-18.0678544602
7.59877839785
-24.8406594362
-29.7985428372
-65.9056262813
31.7684480366
59.7446361986
-6.06941300098
11.0414484726
41.0305859657
-4.13633688398
-32.6507702798
-35.0046109145
17.9094757727
-52.6619760873
-36.5208646869
10.42724563
26.1616100859
26.3294342383
12.2306063358
70.6147388323
9.96187910887
-33.1230232293
-37.4230463592
46.6907400204
21.0339547285
19.4622429969
-12.8756194378
80.7071988023
0.919051201226
56.5090025828
16.6726088353
4.71799599181
9.50050570847
10.8027824015
13.8471312957
-20.2133712386
33.5791491406
44.9452136896
44.072847916
33.8561406294
20.7029404823
-34.3271086535
-10.4482293462
-5.63875305454
-15.4554077305
-17.1493490706
-5.74316387366
-21.3977096896
13.9801589881
48.1804627242
83.2803778493
-7.45839875701
-16.4583835286
29.8348138898
-9.73634324831
5.96881966377
-36.7862285069
-13.0673909074
32.8470256119
-10.0667000125
-18.5253576762
23.1172903055
-15.2186953161
-17.2962833583
-3.11128274956
60.0487091376
71.9466083621
-14.2484827292
31.0296339268
14.1371227628
-46.3360023413
-53.8248466347
32.7796329846
77.8555477242
-40.5843112214
26.294111826
1.93038735041
-9.46505975231
-0.726574742781
-24.7667353968
-36.4215670027
-2.96651328856
-16.2753256283
-17.2097230573
-62.934453361
22.493737597
-14.9825028247
8.20528965832
-45.6658599187
56.5597261615
37.5766333381
6.83942155271
-16.6090287712
-50.6776164642
28.072707065
9.21613027511
-20.7500386902
108.697652374
38.6141107516
-66.9201015903
25.2599995547
5.08731983874
-26.0569981695
10.2642506088
22.719756745
-50.2425085512
-16.4592304568
37.6484804266
-23.3555682535
41.9182674015
27.2495555966
-30.366899603
-40.2327778345
16.6272499806
43.6147655672
19.8499868772
-6.58376566593
1.69831627763
50.5750717298
-19.9808644785
3.63773273523
-24.6201169908
18.3246829195
17.431366629
19.7356055983
6.18379750441
25.7026468901
-25.0600481541
-20.35603803
-42.6339928399
16.4224424768
22.4144351653
-9.10551485653
-35.1700845601
-41.5314224316
9.71825256444
-34.9789285049
-9.44176586507
-1.10388688398
-18.6245303428
9.15248215143
-62.9033850223
-29.5719945329
31.0776202318
7.47262740358
-6.59455957734
-20.6255254396
10.0868455113
1.20567577052
59.0317861022
-19.6772096117
-2.36246806777
-36.7822690925
37.8581674665
-67.5793376197
-18.5257571231
21.1575423863
11.5264694758
11.6336772626
39.1644925292
15.3237407549
3.10228960893
-8.97014556331
34.9111014499
20.5212683051
12.78404132
-27.9507826302
4.64129663373
-4.65067240608
-0.534916892298
53.1204308672
2.87924807752
36.9856807336
10.4581477873
6.67752053609
34.6262742291
3.27672914282
8.10624141849
19.8044117857
28.2168122361
10.6850922485
15.8831371648
-14.5361424917
50.9888510125
23.9648500393
23.6451961729
-3.06810194281
3.413134345
-3.39897293775
16.4636170475
35.1508275742
0.064875599401
28.6985112671
57.7936319147
18.2552263175
10.9906445956
24.4473423985
-25.6943656306
-66.376526431
-20.4161066549
12.8234088439
28.922435811
31.9263263696
-37.2940350388
15.2568306004
-15.6426650063
-4.40064174205
12.1396567551
-19.343748899
58.1792192948
-14.6640421783
-15.8954823577
13.2181803466
5.98039196166
-23.3116307015
-20.1534745382
54.2620930805
-2.17253217347
27.5025512689
-0.736550353645
38.451350351
-46.4171949051
21.0033753339
-10.6328412806
-27.755946165
4.35110939124
19.5604240859
-17.3129881596
9.36198235443
7.20980817848
-28.0037566944
18.5943948221
57.1778020585
11.7983083249
-30.4434420801
35.6979742805
77.6340659598
-30.077384371
25.580153627
-50.1052292364
36.9885806391
-19.7300465958
25.2199307417
15.7626832337
47.3134237258
-56.7699787792
11.8166705369
-26.0382464266
14.2247388169
-5.69946873672
-19.7239808474
4.73181735331
47.9647684578
-57.7406516991
0.68912965535
-19.8373574402
-36.0495726347
47.4934170265
9.3380005724
-23.0798773037
21.5946972445
10.4088564497
31.1551635726
49.6516642673
3.61013204347
-24.4464253275
25.6836939818
-40.5375717854
-13.8259551713
-50.0601013571
-0.699672983596
16.932795484
20.0818005131
-8.6066422122
-13.6279104408
19.9862593185
-55.2102757941
-3.46477381095
-25.7621494864
2.55709471818
-31.5546551447
30.5983309963
52.1930334133
-62.462906027
-29.5619784315
-10.8914989494
-26.4449952286
48.0476414961
4.0074019978
-24.2793561506
3.25819761163
2.4278757485
-1.33509273803
12.3462546075
-21.8437974388
55.9750159939
-65.6219272908
-8.98232672419
-35.298044496
-2.94840017178
-8.29127244165
-32.9160408137
37.5179888709
-25.7097654273
34.3376779371
-33.2373489077
-39.0565274936
-0.668367703249
18.6726627222
13.5046058054
-20.4054024002
-45.8946069712
42.5719386671
-38.3055868377
3.74633620626
-28.0450244999
28.8592048886
64.3524507802
-64.4170922108
-9.56884139995
-22.4333290588
-20.8561839945
3.26018855278
28.613030352
14.3900359493
-2.28408051948
5.24577523307
-39.3325650068
-0.357815670919
-22.3514611342
-27.3134590133
-19.8907358951
-15.7155628734
3.20796605931
31.2448803646
26.6178851408
33.014933828
6.19472003237
-36.3414160953
29.3247587516
-31.8141206037
-59.264934386
22.1019444035
-27.3608194372
17.6983842453
-65.6130395692
-0.603363690756
-45.1886538326
32.8936902082
-8.82036620134
-46.3055496029
-26.2713555377
-35.0897869072
26.0358112858
-3.53028968453
36.1345802158
19.6906683301
-5.85465956266
-10.8743990352
34.7072698326
14.2376688793
25.8635640604
23.3649561521
51.0827750324
-16.0343989063
-39.9814534508
11.7110087586
16.0659821031
42.9052853552
44.760087949
-39.6338080417
-40.3384452005
-31.2951764181
9.36433747615
-10.3927434836
-37.9508530745
18.4605544198
-45.680395063
13.9382430644
20.2820460108
-7.06369196018
-30.7684893074
-8.98619479189
-22.1466707475
-60.9551941349
0.457728121978
36.3747383028
-5.93777364291
49.7353647262
-59.6320482848
-10.6513794374
-3.53998296567
28.7881538062
52.9764178064
22.7256381608
23.8139185725
8.27137470024
-45.7817514723
14.1679432621
8.07364583298
-15.1919823141
8.05271425981
1.06956455562
38.4283079832
63.0970776453
-34.0085491164
11.210918025
18.1126224348
-67.0079285979
-38.1542980928
1.85445169626
5.8843280098
14.4264873295
-22.3241664207
-47.0256021692
-35.3751601325
-21.1267743145
39.4573684884
-19.439812585
-30.9322487138
81.203035065
-43.9615689053
-36.1489583063
-0.139000133196
-3.58207164554
41.0637640191
0.27636552213
29.160242091
-8.4403186489
-7.86949186881
-22.1285109829
20.8984399894
-41.9714162137
-11.9161912059
-38.4508533908
-2.8083961909
-8.98683019255
-2.52393438453
-4.63421746408
-49.8586324595
-3.1535542349
-24.0378739636
-24.6604961002
-22.6672429036
1.39416488054
31.5362012313
-21.6162751925
15.4699696659
13.725283771
-0.639018884874
5.14234635476
21.6690664381
-5.26467973664
-17.7964029896
15.5150234351
32.2835373311
-33.5338432496
14.3529233887
-47.3719283918
35.7605101363
12.293705495
-12.3850249424
45.0817126624
44.1907557728
3.56150810079
-43.7387822957
-2.57445762378
12.2727900527
20.8615916154
-42.7413969289
7.07897927879
44.6317977092
7.67903442704
-3.22410496783
23.7764889837
-7.42997448207
-16.8156304093
-58.9641670311
14.8466270159
22.9039371031
-9.10803280959
19.8987790213
17.3362594328
0.926760284504
26.6100468298
-37.3356955903
-30.7263754201
-25.2201406519
36.6745476218
-8.92810803017
-6.69363446972
-20.534409193
-28.8495792013
25.3167480468
13.201135644
-33.3088158645
-16.501779638
42.5607855639
7.25796005939
-54.6881229119
59.8994636889
37.0219569327
27.161104967
-43.6836289675
37.1051646869
-10.066516313
-29.135755814
-69.5013442325
1.92085122823
-4.588137913
3.00702076497
-36.0836181513
-31.2970283395
36.7375671036
-11.4067756762
-5.49561756044
-41.9082061239
-44.2222101777
-37.2961397569
-6.72792139968
-47.0989976372
0.720916604325
-3.12984503441
13.2172058083
60.952356942
-14.8842257727
22.2527797539
44.9919784511
-27.7242463752
27.5913969541
41.1989953988
29.9288716056
19.9135481395
5.76685682802
-38.8084476516
9.8398754541
-19.9553917622
-34.3460696253
26.3424267102
-17.6757030079
-38.3523161622
16.5514541864
8.04204179316
34.9506053516
-67.5366273125
13.1982684994
32.6544417873
-14.0109305226
26.9535874021
12.9153307802
0.834632912835
61.6648818832
-21.1196747938
28.3530235932
41.5766448626
-70.6819225513
7.84707683339
-6.23733865949
58.4487386531
48.3050804022
-33.4523327255
35.2987142912
43.7397025939
7.35282852835
-14.2998879473
-39.9917992758
16.8520091217
3.02744898406
36.140936161
-43.6021687016
-16.6517609468
-24.3449148966
37.406414758
-49.5854682398
19.4621858579
-28.506693911
-15.6411350761
6.46256549739
-17.7919728985
-8.97566435553
-49.6984753087
98.1461694654
-22.4701409582
-22.380106613
28.8007804581
13.1861998346
16.5238328997
47.4026358672
-8.43968177365
-64.2916944454
-79.8368115646
-0.540270705456
10.1655453237
6.5013765612
17.7025743156
17.417575006
24.9377381269
18.2986051379
13.1018221001
27.8384148599
-30.7384340581
-30.9641254446
1.26315018594
3.26106219403
-32.1845062195
22.411339911
33.1539572464
-29.8866449825
-13.7350213064
19.7445205626
-25.4986569096
0.81553255304
41.9431752618
52.3612628121
-30.3888403999
-21.7078347259
4.53017428688
3.53897530107
70.3239693973
53.0778115435
-70.8832220053
-16.297918954
9.23308502773
30.946177059
-3.75805517512
-44.3897462142
-47.972746668
3.92393781641
-19.7841869194
12.4811575816
41.7946854875
-36.8236396967
-14.1082034752
-13.1975755042
41.5989651542
-37.0053514395
38.0776157475
13.0572055654
7.48324979335
-20.8460563493
-14.2349100525
-23.4608928236
15.8216582673
-27.7219173447
28.6892343366
-74.355397724
7.46178200814
-5.76208886096
-19.8673201912
7.32274306931
30.5082319273
-9.26049821692
7.03184724219
31.9491247232
-4.57836890759
52.8898455445
31.5244169886
8.26024177026
21.7399584357
15.8254890686
-2.16303164999
-10.8210777153
-18.3376167633
32.5847500249
2.40548227191
-21.7246916295
43.7630968692
8.14982721348
99.5124388088
-19.0898319568
-20.6649090351
3.55512310689
-26.5291647048
-47.9824928957
-17.8974748544
7.08726077543
20.3177587075
21.6848128958
44.4925021072
-4.40558817437
-17.2232900268
-53.4113635572
-15.0104939045
-10.2491035473
-6.48737453101
13.9482297749
18.5190150124
-33.9161280105
22.9505849942
44.1005461203
24.1659769533
-13.760814789
40.1816405452
-3.33279736588
-5.32452184158
-4.22823354103
-11.6041549905
-41.7831633605
24.3081077259
35.497006775
-10.6850618263
68.6747447667
19.5263081687
29.1304756169
-38.7634969616
10.4689066668
-37.3431762371
-30.1843848144
26.0885428995
5.13102838401
6.65391681672
21.4863598747
17.0254187976
1.07473183659
66.3068548906
1.35438732534
-18.9250706187
18.8340351856
11.7374913732
-1.45407161224
5.61200446077
-21.886333756
17.6522539132
-10.7358567641
-14.7053802821
19.6352102504
0.742646913077
17.3000188756
-43.2575675065
5.31721628458
-30.7250901462
4.22391276022
33.9885691861
12.7046898216
3.07946681434
-21.359867436
11.0107968863
-20.441208602
40.5499580681
-4.08267992379
46.4506628292
-42.6028672297
26.4449374883
-34.4572043784
-21.6236172494
-38.1636767369
13.8213660158
-22.3240238366
17.6105979745
-44.3473888683
2.93469834154
22.7241721938
5.19965600772
-18.3246078665
1.73118939202
39.3012335745
-1.74062222313
31.8479596466
-2.99045632209
68.1585461675
25.840400187
25.2797263242
2.17009894243
-23.5882250611
-37.878653814
-2.17975965217
9.91902290602
-15.7639758379
30.8816597145
-25.4083801614
-57.2057113406
33.9725363912
-21.3575655458
-32.8585630317
22.3224578612
12.4295808355
34.0066615506
18.6060959895
-16.3221514748
15.0359886939
-22.0850417733
39.2700173713
54.9797737594
-60.2692260951
-3.74545151149
30.145118843
-7.57939503581
-52.74251844
-41.2662247008
62.3209039915
-33.7698300971
14.3394786541
9.75204157332
26.8302943377
20.305351213
-43.0607912963
-11.6606947501
48.0222921116
-5.5773109939
-7.82859350068
6.40428074138
30.7927267856
3.11741145705
33.6917070422
-51.8450802239
50.549321412
-19.6686467974
74.9168067119
-43.0847568623
-44.9742544299
32.9011106127
3.49236915294
10.3340645103
40.6981233735
12.6441451647
46.2947178702
21.0371692881
-36.9834105078
-9.28043586002
0.954124456166
-24.4535388435
-41.7400438141
23.9606491589
13.3736150349
27.2111413162
25.3795419356
21.3020751395
0.188411103085
69.0274263421
-34.1056205258
-30.413664392
22.1649306749
-27.9243387677
11.2676598903
63.6910523497
-25.0499215048
-6.50932260444
36.5545087951
-36.4765359001
-28.1674122817
-4.86347412339
38.4451975053
-5.69554175909
38.5588863708
-47.5760714357
-49.1111351458
5.23945359068
-31.372044032
-13.0033632845
8.51784590785
29.6691603888
-91.4808271631
1.92428949948
13.5553010734
-2.47482149368
6.19074817779
-15.4617400396
25.9172214734
-39.8704989181
42.1041019721
-7.04673001367
-32.4381844083
7.26001306795
35.483122568
9.06827141034
15.0108257014
-22.6281776014
11.4029348547
5.85774505997
-3.5407134975
3.82150102276
4.77865427242
-21.3853762958
17.5886158064
-55.4229165141
10.5859110041
20.891511054
-62.6129120081
77.3613813344
20.7102700803
12.661997044
4.24933106504
-58.7094735463
-33.1494553422
9.04087257935
-2.27125892639
31.23740702
-1.19962020799
-39.7419714293
41.33407919
10.6765246899
-7.73030814935
-5.02050235315
-21.2673225269
4.29326798405
33.9668551381
-24.2477757405
81.8072480825
-35.7431700686
-32.0998176232
10.4396461084
15.6077124937
-23.5744929106
62.2014992392
-43.4446993331
-63.1992033316
13.4854607572
9.38032283431
61.6852591044
46.9901550207
-49.8456467586
42.6407665935
-2.50676876033
0.627322193225
23.8743471097
-22.1170626419
-5.92775812906
4.55886321421
-62.9982027491
20.2086485303
-29.0621648644
0.149234696613
21.1557618253
27.7041926624
33.1577984064
0.892641182457
8.63855872457
-16.662896548
11.7988196248
-2.37173247817
-4.387276181
-10.4274168143
0.317035198875
-30.0701993547
-45.5415276528
39.0843822194
-24.224068669
19.0578111334
8.92969816067
15.785824096
-7.03167738145
17.2925895346
7.70956789132
20.3070384016
-47.9290577486
18.8019196183
-45.3882074318
-24.7338296546
72.5968738128
-100.011140252
-38.7291624428
15.5231110577
-40.3380726311
7.07617963108
50.0265216491
-13.680442481
-5.13406796459
5.92508171785
-49.2437410448
24.3579101416
2.8519107081
28.0447977607
-29.2624798209
32.3039842051
-6.66276056192
-3.30024352488
-18.7919168883
-8.29641013293
4.15399574121
36.3341560355
38.1018989806
-71.5266574271
-24.3250220587
13.296827561
15.5575134091
-0.788645227627
6.17993969656
-22.385521523
-59.9615849981
19.6731464943
10.2235562726
-31.4032238157
-15.0397131783
20.8918969826
46.0324761878
-16.6349654054
-14.3958756157
17.3790762298
68.2696109733
8.6543458485
-10.5014055696
6.66028995512
44.2186811843
-7.83432637254
-10.1998566331
8.38381530454
26.8023336966
-54.6515040739
75.6526991789
4.29780527161
8.80712724526
-2.67245763061
-1.07446746484
28.5792729169
-37.8924251775
15.3639223974
-35.1224363595
-2.03971912613
-15.5188879608
60.6599097379
2.99618300519
35.9116787215
22.9468744671
-15.4139384992
0.101413777791
9.4343649224
9.37662829245
28.4480083814
40.4924787243
-51.6090262656
-0.500896223172
4.73083034738
30.5111672298
-13.2782094524
17.7167617454
9.97936888368
-31.0023160578
25.5972024443
29.3580851275
-55.9619625127
2.90653796564
47.1153409377
49.4646452766
-10.0982033902
8.24163185797
-17.4947131162
3.64983030702
0.804398697814
8.47477817264
-31.024720317
19.8203987172
-34.3522372685
-51.5247257545
3.99577235451
1.20111923373
-19.9243752237
36.4397632804
-19.4704546038
-21.1957295436
-12.5107574357
35.6376202672
2.77109782595
-9.83834495028
-18.4939585747
-47.5504326522
-17.4573113704
-38.7228803551
43.1508359208
12.8860048021
26.6991455874
-1.78766333984
-1.25018185515
-19.4384435016
80.1047918368
-5.4934475402
-6.70780447221
-22.0209879165
0.272788640799
22.6001954698
-34.0058131952
-38.7485839195
23.8965176899
16.3064522564
-22.7039558075
24.8322529063
-33.0456371552
22.0001195127
16.2717604635
5.89653476259
-2.98672275818
-31.8977812396
10.7416524786
21.6744883392
10.850522572
15.2557803684
-28.2399070435
10.7282059438
97.6003006329
10.2435839929
-26.1889081674
41.0135602872
-36.0854109142
-14.8847805854
7.58934848663
14.7462053687
12.9591500484
63.3228738031
19.3941753841
4.68278721498
2.65895106821
-32.851923225
-25.2038801566
32.1778839049
15.9647295477
-24.5945308961
-32.0264966376
10.3302051738
-1.24232348361
-30.8694248821
23.1311155569
1.08072336335
-13.3142866019
-19.9094766795
56.804172842
-8.35653585769
-38.9247128452
-39.5806666567
10.5899563512
-26.372442371
22.1506912727
12.249657229
12.2917934355
-12.6062518077
-7.12286777126
7.37382318398
8.38157109925
18.4014800859
13.658016126
-22.45787925
7.85643965026
18.5446099612
58.2669769075
53.918412298
-10.2361808965
8.37727046152
4.93970071967
16.2848347628
46.909599409
16.1861153228
4.2269580374
28.0695826959
13.0580453376
14.9829527168
-27.7754063978
