-4.65042495326
-3.88531691563
-2.49727537196
0.197627991235
-4.51480879485
-2.99522604571
-6.26621577049
-16.9111895257
-4.80645859656
-7.46441202474
1.95189123085
-2.74639629582
-9.62327904578
-6.39295320114
6.53758911358
-0.0225673529192
-4.24530664422
7.65240283143
6.95782827294
-9.36635207336
-14.8372856947
-3.97592474894
6.98416727865
0.687455742767
-1.48381699253
-12.3448036338
-8.23728498274
-1.16785414039
13.2534878866
15.5266666414
2.27636105627
14.0124306275
-1.18335290988
5.50053337474
3.85697060179
-4.43166157458
6.18854963977
-6.45865925391
-6.08310461829
0.345758992473
20.3927184454
-1.52611776912
1.11515339611
9.2187282781
-2.56917857548
14.3481121238
-1.93286739012
0.117031700678
-6.09633237962
11.4207115535
3.20641387766
5.4970584335
2.82667933701
-0.850367532827
10.3468847529
-9.02774117254
18.5569168431
-0.470234498789
-1.72439369214
3.06994685453
6.01303877022
-8.48443626978
-5.26903090864
10.5103673399
14.5467843635
9.5532175911
8.8231715719
0.0492788546121
-6.61422456152
-4.71183099362
-0.211277211571
3.85580490157
-5.22516615081
-13.4176730509
-14.3578408949
11.6196332423
-10.001408355
1.94065363827
-1.57306972377
6.74214550089
2.44417235284
-7.98588482412
-10.8961480594
-16.5439712861
-0.489880789687
2.48605042099
-12.0688495802
-4.53882716094
-10.4009510025
-1.44041442613
-9.36526984388
-4.62316840045
17.3941375324
-8.06618464687
-3.56213869836
-5.37681971547
-6.0664683112
9.71789069584
8.18322224504
-9.92479711345
-11.7927660162
-6.51952467728
-0.0442652865354
12.8720574048
-8.65944607531
3.8679847925
0.360942425666
-8.75969868021
11.3832810738
-9.6069763381
-0.314654158054
-3.63458468262
5.2748890567
12.1393898131
13.2435384347
-4.02960580579
6.5786666938
-11.9819042924
-7.20951972078
7.00465702274
11.1959630254
-2.27034070022
-13.1087703597
-11.2748591946
7.32127347867
-2.35618048571
-10.8276521189
13.083993132
-13.446971529
28.1312806064
14.6270402388
0.851210685777
16.9650532977
21.3445568788
0.3221912841
4.57869299899
4.15478962962
12.8170393912
-22.0931848009
-1.03992298741
-3.39725167739
-8.90709261102
-5.8695079989
2.96564571344
-8.57686410823
17.2890773486
-4.4102224465
0.389639803043
-12.423144611
-7.61088878794
-5.45588019695
8.16835672974
11.2000081194
5.23568455102
10.618817495
10.5127692427
-9.66880296627
-4.88534978919
2.52157982036
-8.91601424579
-1.71320674551
3.27834948924
1.18742207686
-8.36291968615
-2.23271020032
-1.85644502158
-4.39998968729
-4.52628997539
6.05274058007
-0.608937494919
-28.0470153604
-12.7663035889
1.8198103547
15.9191381116
9.61151982226
7.51153423654
18.5536700227
-5.20964925195
6.50725647408
6.78883720697
17.624635936
-8.92766757619
-1.58378490729
17.2688019307
0.448480576659
8.68182147142
6.80609244492
-14.5991931524
-4.24970421414
16.2384572449
-5.47611071707
0.40163548087
3.19902885464
-4.4468193093
6.71470575081
-15.031308647
9.52729003256
6.64518075894
3.3779694251
-18.5056630684
-5.89144089963
4.49297631999
-6.39394217008
-25.8658245889
3.24830223061
5.07306167876
3.63788133252
-1.25862172952
8.70419582851
9.74732538701
-9.99751211952
3.34735212173
-3.14918363244
6.36073948314
1.58813360505
12.0561426277
-1.74512069127
-1.10300320762
3.86015894539
-4.84692315098
12.7130088855
-4.13876429486
-26.0678719838
13.297843769
-11.0398239478
3.05532668831
0.827909972077
-1.51324220404
-7.57767557553
-2.84241341658
-3.16150511462
7.15307576726
-4.10418800316
1.62562981961
11.9925974755
-12.8342843865
0.282315569205
-0.738460803578
8.21568802985
0.490732459263
13.7067441314
15.6397090578
-11.4906790472
-15.1412134747
-6.84427054299
-5.53081886202
-1.30917076967
8.74373818349
-6.88667640606
-16.7119737391
-12.2103524276
1.73117149643
-20.292350062
-0.585066676283
-5.12521290023
5.2171753787
-14.951983955
-11.7428552582
-7.91013489798
2.31490129724
12.4093539111
-5.97580119417
-0.179771439598
8.44997224833
16.230581502
7.8635278751
17.541804557
-1.55009562901
7.65933568245
-9.49403726421
10.30247023
-7.5958008124
-4.24456931914
-8.96882366139
-13.0817881831
-7.22874703733
15.6457421621
7.80239392171
-4.19295409513
9.17404552245
-1.21339686939
-26.227624155
13.6057089382
-3.17954423908
9.08551810099
-8.81729699448
-0.267991715
20.0831361935
9.96392730164
-0.578003921039
-3.95613969559
13.3601837055
5.66418600131
6.005580834
-1.39144506621
-2.45826225601
-4.37794642244
16.0567578566
-0.174179013987
-2.5854393598
8.49307893489
-0.852892628724
-14.7150273493
3.38320563089
8.76356830374
10.8862069957
-3.05169415938
2.26053821684
13.0233762228
-6.97240679889
20.5457395103
6.33762542664
-2.99038241296
-16.8339640088
-4.65319919916
6.40553180908
-12.8312960884
-17.4516680697
2.3391471567
4.27895295921
-10.9440926283
2.17643078715
-11.8213075113
-2.32871685242
-7.36212421644
2.69692248334
-5.94247506
0.696295054879
5.68529118649
0.473434289953
-7.24332873905
-3.61856512042
1.23949964485
-1.60459191565
-4.43990256193
3.897398134
-5.86086776053
18.6494160488
-13.3086519901
4.61879188606
7.85297371786
17.049566657
17.9784276093
8.39150354197
-9.04309890258
4.48337254753
2.61333785199
8.23743440618
11.0938402471
-14.7601331208
-0.184219502831
-11.7435561959
-6.86118930222
6.78444605276
14.282163973
4.23933193985
-12.8826578456
-8.97024078258
-2.65540693825
-21.9820169611
-12.9216665032
-11.4372237179
-7.16892794418
18.9575759851
7.95683203727
-0.487049465343
-16.4412094028
33.0659635511
-0.675665174527
12.8243379994
15.2906919259
-0.764241390958
-6.18520428153
9.45089772624
1.91880892068
4.47053585316
-0.925202353363
-3.81371168623
0.27832041785
7.97384244104
-5.96524729378
-30.7254018757
-16.1002026239
-9.82809277305
-8.01880485915
-2.17670757043
0.444378328909
1.71300102447
14.0982557708
7.45957913145
1.71678477245
1.8272125554
4.05286333258
0.0710427735468
-17.351931434
-12.192557399
-7.19833184169
16.3963924162
2.13517152038
-1.31330295688
15.5129726017
13.2410662202
-5.99338854748
9.09033587082
-4.46286518798
15.8541108499
9.14901166989
9.03454492686
21.4696214334
15.7267537471
-10.9884607152
-2.21530286418
10.97374867
-3.24084467143
22.6015064737
-21.2317617116
-9.77677574395
4.74709406375
-7.85664528221
-0.830183141187
18.5584958153
-2.10423494617
8.89374859193
-4.61312308355
-13.5024567858
8.72114324855
-1.53387854341
10.4328710403
-16.3586030321
2.60408088705
14.4464841869
-8.35808956983
4.69434724533
7.94082680632
11.4696454896
6.41353402823
-6.29453112777
10.5608122001
5.189127277
3.1777889326
-16.3790676002
-14.2481762667
14.5192241683
-16.2556841795
13.2893931833
4.56835350826
-6.64014564177
-9.40046900637
-11.2416140288
-3.04842410107
-0.604002418617
-11.9959780809
-0.892537792497
-10.4484972308
-8.40547034237
-1.34075484916
-16.1967057039
5.15246688134
-2.44167089952
-6.3155849825
-18.1962659747
-11.911911227
-8.06587311041
6.95684719733
18.035590043
-5.51763481347
0.0665629561419
14.6123767252
-7.90962085361
17.2294428
2.24444085147
10.2618575027
3.43505917755
11.5818420063
-3.28089005212
5.41100790542
-16.4740076987
0.587271612122
-9.90742717891
4.44912431825
-7.49118741237
2.95964287564
1.30242248879
-13.1763935525
3.69501297015
-14.4060134879
-3.02339937572
-7.99538311077
-11.4523070019
7.75205197396
12.0595393969
-6.82347849907
4.73871633092
-1.12736639989
-16.0502167613
3.4477802437
-3.86801717899
11.6811599518
-1.91766194803
6.59166437987
12.5520337144
-7.14217948347
10.6078308611
-5.53531743815
13.9783855004
7.81213046335
1.33404658817
-8.05766260768
14.3824132929
3.02715721949
-17.2723659002
7.94123952684
18.8477939299
-9.81247171056
-1.23480443586
2.07927865248
-8.81723808564
-2.46173281795
11.664580606
13.9151455179
13.2873384228
-11.0483779925
-16.5586429721
12.8606406789
1.06871010434
6.52215897627
-7.59104089295
-0.751965590896
-0.898742184349
0.771406593155
5.39588026073
15.6495638035
-3.35704984778
-1.27057201366
-0.979947947312
-13.9350535398
0.359008012114
9.86867692423
26.5934904276
1.41088452572
8.27835573515
5.07592042514
8.87418784333
-14.4336577149
1.1014376459
-1.09165471884
15.1362207425
7.83869317234
5.35326610765
-1.5379439635
15.2043473833
-7.91572127903
9.39031079836
-1.77392870248
-8.8988143196
-2.63321828384
12.1679764534
1.89293538356
21.6438584563
8.13756155815
-19.4189183644
6.37599204897
3.33001479964
4.6377189677
0.571240546896
-7.85495562789
-8.21690216494
-14.538377111
-0.285193198445
-7.26154091324
-18.0584294534
6.30716488532
-7.15348155836
0.780936479853
-0.74120956626
9.78157873621
-5.24193360863
5.57024379075
-0.0785612750654
-16.2017040496
8.30008386865
-9.65825755028
5.30922282593
-10.2904320445
-6.41331945415
3.96526348319
22.500122988
-14.1661915862
-4.56356567331
16.2556449695
-6.63432929406
-6.76905717612
8.71315242969
-13.1093837527
-15.2709416721
10.7688283946
5.01116367315
14.8552515773
4.15549907402
14.4668134776
7.7686694543
-5.25289671318
15.89777167
3.93333621205
11.6421723416
-4.01504380559
-2.70835105237
-4.84386332617
17.4179460169
-1.58006663421
2.38944565598
6.70332038818
-3.99211810634
-15.9488359512
-0.00627223640886
-9.04938426398
-5.48491992354
-19.4411257469
10.0694436312
-2.08338495377
-4.47113273468
30.8491418766
7.32464842262
14.0732662981
0.679132580997
-5.61999590616
-21.8833925697
11.0267921088
-2.18615569277
7.88078740845
-4.90157900638
-16.6152378317
19.8572533308
0.857698411113
-10.8991593233
-5.3492256557
7.20534708403
-5.18879785322
-18.0337543439
-11.7281377367
4.79478761035
-0.161842355132
-0.668848311204
-6.62314409419
3.68311536909
17.6374972947
-0.625315003253
-2.41388000412
11.5686123027
-17.229593466
6.81089968515
-11.6889179028
-8.99938427293
9.81329631317
-2.45093987266
6.48933005122
-8.48735916974
-4.14488258253
1.3926753257
0.593289272766
7.04770701886
-1.19862784597
-2.37547466057
-0.592841451877
-2.00042971402
3.79428827348
12.1122496238
13.1614712372
-7.20810552918
12.0205588248
-12.7235912326
-16.9036664808
-7.24235094526
14.5884607176
-5.76023160312
-14.9590988534
3.16246325959
-7.48187138451
10.307287483
-13.8484071619
2.98154035315
-12.2675055686
4.46932557901
4.21722900953
16.4043033309
7.58953763705
-7.14391694263
-7.17219613399
-14.9007094032
0.00495141462213
11.6228276087
-15.6036212023
15.0313459534
-2.09281756316
3.98039568921
8.37397334733
-19.9159427879
6.08856507419
-4.21787483789
-10.3332271888
-5.27239201921
-6.5331273432
14.7964010969
0.409262253706
-7.44442225478
27.414838918
-12.1183474291
11.8385980272
0.68876540299
-13.7107197336
10.2518048881
7.43020374647
-14.2286000457
12.1946388763
8.58769301988
26.6931868755
-19.1939437489
0.403007894152
-4.50514691055
-5.65021353781
8.49366730394
10.0437966743
-12.0304655975
3.61961075655
-2.27816125673
-4.27397116668
-9.32691998012
30.5477706062
-5.709310967
13.9646767813
-5.38142458955
-3.45655995094
-18.6469458826
-2.31536570479
20.2292140728
-9.7462776031
2.88325839467
-21.9300523023
-22.7107995211
-0.932554660015
-2.18291638584
-7.58239784568
3.21395419519
15.2742199301
-7.67356116801
9.9855366035
14.2722560365
-20.0809268228
-7.2982260416
-12.9231241963
3.71420392547
19.7366054608
-4.57921866875
-24.7716666546
-5.89838620506
17.952276736
-9.72269558443
19.5784803552
-9.09239830331
6.66242944363
19.4149598539
-14.8467617358
-5.38448892969
0.314144656033
3.18387740313
-6.25237477008
6.06943553728
11.9366203453
21.3513021308
5.86280569804
7.41087208591
7.39258540582
7.94713612728
28.748150821
-6.12885233687
15.3344604428
-13.0771963667
7.8100256254
5.32993967565
-1.53133341971
-13.7063693634
-11.5174452515
0.100442789846
-2.62321535611
1.57661936669
9.29248081869
-3.29845806715
-12.092964953
-1.4257311941
15.4673550611
-3.16989968097
11.6804182382
-12.3798318843
3.42846068228
10.172796354
-3.50740150169
11.1931281688
4.58944863291
1.74100979565
10.0386100449
-5.23482180053
6.46836823529
-0.191761845051
8.14350160509
5.11621500965
-1.24352759287
5.80734671496
-6.66998493743
-3.20029809029
-9.66145390897
-15.196937099
-1.24899436454
16.6496981403
-16.989700764
7.79270824988
-11.4486244435
16.7640946029
-6.47419550156
-9.70953946404
-16.3827251617
3.8273261033
-17.5304374084
-6.00340418432
6.16213775133
4.09358028431
7.18786669678
-2.67464464468
1.68254582935
-5.14715567152
9.89383925217
-10.037260391
1.67174918888
-1.57223806588
-8.37299067951
4.11649252295
-17.1307434246
-19.8432412409
2.29418235226
12.9054063161
11.7069067729
-1.58898725772
-9.32251691334
-4.51234452822
3.37254804849
15.4367878196
3.49361112309
-1.93333288966
-18.4473014377
-9.49135979468
-8.10546768799
-2.77005337255
-3.1276989684
-15.7534573806
-14.0503769642
-1.63048084317
-0.311340199564
-20.6501652137
11.9845100636
-5.11749302899
4.30060085452
5.26317295595
-19.5193054376
13.3169816526
-14.5873990841
-2.01140546522
-3.48260325224
-22.3792104331
3.82926319339
10.0896294402
-12.8595837137
-3.29469177191
12.495380789
-11.1818133297
-11.8500111587
5.33822501014
-12.5024474943
-7.09073329522
1.33619368378
-6.66015034737
2.25657778149
3.60748767002
-9.82659211606
3.32140058908
11.7855581028
-5.02909128041
11.7698435044
-6.27219705714
-15.4107331057
21.5685808601
10.2905382795
-19.1365612531
-4.24410195455
-14.0133987982
-15.277472997
-4.11055508036
-12.7689997796
6.08217085574
6.83092380682
1.59623935122
3.8622976089
4.10637989579
-4.93195538261
1.06622225484
8.93012431435
25.2349648968
22.6401550609
4.57990732702
-7.59179528265
-2.56707705737
-2.67287390668
-5.72349723221
-18.1221968915
3.33465246943
0.211287052176
7.14082445285
-11.2133852928
-1.38815699821
-20.3396172354
-13.9696658113
-7.65037098047
12.7879229985
4.09693336958
14.1690584044
16.2437970593
5.84965430453
4.12631192663
-11.1462339215
15.6628488756
-13.4675006837
13.1853151663
-9.3314239947
-16.3267679832
-4.91633282633
-4.88081176514
8.36721264631
-13.3441940004
6.5821035036
-6.62705859008
-4.28385258548
-0.583445180273
2.16549990709
-3.45094135379
20.077229756
9.29991056889
-3.52367905307
14.7215206282
-9.27658390432
1.03597943285
21.3268327963
-3.24540723876
-1.84101723891
-11.314521205
-0.752053352973
3.92801835976
11.4152116613
7.16394580166
-12.428952548
4.58928697374
-3.14593152487
7.34152524521
-9.52258467058
8.49011663687
-1.68278414988
-1.61295552821
7.64260831071
4.93400342782
6.92417108734
7.68747586681
8.09466246444
-9.5478363339
11.9039769106
-21.3842039336
1.86149062524
-4.74229452849
9.16084470747
-1.51619661609
2.64155840875
-13.055184317
-14.6187714842
11.0826949109
-24.9167158013
-5.065950507
-2.12318442943
-12.3370671847
3.53923197739
-3.26131380262
1.79512636059
-4.98282723382
6.97827005504
7.04274725187
-5.25856924451
-1.1964540408
12.3860334673
0.725004749228
-9.20542848574
5.6346537249
0.231035346451
-10.7469240939
11.0863534777
-19.3342827012
-8.18284127691