18.3220367804
-11.0810396606
-89.2095877793
15.0476863689
24.9407726947
64.1335623143
-13.4517315085
19.1952858918
-14.7136428814
-22.1696967277
-7.14648395947
-29.1569841092
-4.02585033284
4.86815118512
-20.3485437916
5.70809254842
19.2086050693
-1.17027692546
-33.1939238258
41.3628541489
22.1697334032
-33.4176411816
40.0624807763
-55.1721895302
1.36104413156
-6.12859153205
-14.3869909213
75.9300895487
-26.4352179222
32.9272832016
19.0581171919
32.533396514
-46.1035088497
-16.0677556148
19.4962939932
4.66217865526
-8.0001890042
-18.3839957755
8.80033815955
43.5822092899
20.4369148524
-1.65501831703
11.2951099834
12.9329046227
24.3160760377
12.5249811863
-35.7166202211
1.57254268464
44.8156139682
-22.6104308779
12.1490767867
18.4104779208
-40.1447636224
-53.4418611308
-6.58896431794
-1.4346686023
-19.8819976749
-1.25524005021
-46.9029572734
-26.04759974
24.6174436739
-4.48106648407
-20.7794998475
28.4277739231
10.4199113628
1.80192666187
-50.6636491045
-18.1264754444
-41.2992018783
-51.960626575
-11.3640479436
-43.0501695037
27.7405773499
-16.5770189196
-13.5496899915
18.6745306176
8.05045253237
-12.0617677409
-22.6602141341
-42.2354884131
38.4409454584
12.3963643224
35.5646469362
-25.9928629225
8.26403599025
8.78998152208
-9.44450875086
-24.9843137615
21.6767032394
-34.3850047629
-5.3648773069
-4.59668359502
-2.31583033673
82.2511784778
-7.50460577377
8.14162257981
-37.457237413
-1.8773858528
-33.5833892861
59.7751278065
13.2759272675
39.3599875231
-0.648466418209
8.50268229668
-6.46774497324
8.49151855211
-32.0882258282
16.926560049
36.4434902245
55.0653634873
-3.40926614882
11.3318099714
2.25820352137
-49.3650191146
-15.7361714795
25.1382865722
9.75123119224
-30.7020610322
-70.3193260156
8.39114135542
-67.8794909157
-24.0645116714
49.2826668759
-16.5920646017
57.2603206154
-8.39208224245
20.8310670825
-0.754642967209
-30.9839954181
52.8871433002
19.2504440751
14.6327229499
43.8954722415
38.9965809575
38.3284822212
3.71518072918
4.95972092405
10.9904805646
3.63173279326
-14.6900419057
-17.6308997772
-51.2555610559
36.5372612071
-16.7637723912
1.25428288711
54.9343997082
-12.7938345642
-65.1767056284
-22.774413827
-21.4094246231
7.19381000637
-43.7682025454
8.8737410344
37.4646546675
20.250378716
37.3270741487
-42.0222465897
27.1347024467
-32.38535856
-29.7917133001
-9.85148550687
25.8972933597
39.7171604183
67.9284355443
35.0846180148
65.1829942684
-14.2689789562
-72.1292807005
-1.27832809396
29.5515971185
21.2537118096
-6.94445854247
-5.61602766592
21.769097444
-25.4434566709
42.3113773092
-24.5152617033
33.9184266705
-57.9771675596
-17.2308154847
-17.4385673488
8.95291481405
12.7989562751
-59.2976425015
3.83149549594
2.97719613266
-28.1540695975
-7.86931848132
21.8731902351
14.4205870988
30.4044672263
33.3219862638
-26.5472138209
-23.2034536181
28.9787022493
-22.2398665099
41.6785417365
-2.84833572417
-33.4720771727
-15.2953398002
29.4666725904
-10.6380730516
33.9775749774
31.488653381
-10.5220861477
8.72964858282
41.4061213001
29.3983341747
47.5521471746
-43.8957199503
-47.2574313702
11.8174225705
31.7113269738
-4.94695336892
10.2534442819
-18.7293790204
23.7092420034
-40.2897003756
5.83400472978
2.3311195478
-2.33205382118
27.489585917
-5.36119200685
-14.841956921
-43.0329649282
6.81848807041
-59.4055262155
21.9363157861
-29.3154804059
-16.6043770204
16.9879029365
-36.1558271089
-37.3207360703
-0.60330194386
-50.8872612906
13.8453502397
-29.6395141832
23.8568348938
55.777001888
32.3516500291
18.9481795115
11.2554655712
-10.878436006
1.94636706663
42.1380364591
14.8589358393
-11.0683302401
-7.89324243357
42.1707226149
-30.3698559575
16.900810952
6.97548714408
71.3845320451
-74.1514631154
20.9959969724
3.77810655417
26.6744677611
-2.91850826687
-60.8084867149
58.3028720956
-20.2770174637
23.3211066541
-18.8786315472
0.866736582956
-24.025759449
-45.7638114121
5.26680167142
-78.2770092574
13.8651081864
-2.69342115061
-14.5443390914
43.2082228251
37.4882018297
-38.5593586835
12.8574239393
-20.1244760033
-11.4100931933
42.3028439833
-19.5583632219
-5.07656744275
-23.8354008921
35.5411108082
-42.3261688958
29.8073977481
44.5626875952
-24.3473350274
55.882004857
-5.49764823387
50.4210742163
-13.1499640982
31.9895719676
8.67066434045
-51.18464567
-64.6474998978
-8.67392398291
-45.3389612853
-0.579654315945
1.41183005959
48.943557654
60.718681145
-6.09301504981
26.3218671652
-34.4044622794
37.0487365085
15.0787678843
-25.5909339796
-30.2266626539
32.4079541209
34.6256304338
-21.705763688
53.0382128103
-29.4119327392
19.3356367675
22.4479018171
-3.60046520043
-22.1727358354
15.0973359797
-62.8483165089
-8.68142236588
30.533025571
-8.05298673245
-74.9586422048
59.4951105733
4.44343879264
10.3009642666
-22.7955009194
-14.7560001656
0.505678057294
33.2754287411
1.56048683169
21.794702987
-41.4642263427
7.18174388604
31.2895275319
58.6519857196
-46.7203701611
-7.8818377435
16.8791593735
-25.0689913094
-13.2365412794
-44.5733313661
37.7027176506
-30.4767841045
21.620276634
29.3937761591
10.1030748534
-4.21403555065
12.5740227586
-23.0060773455
8.43097035457
-49.8348183282
67.9869953311
0.812606581527
8.77908264251
20.6043755297
-3.06388488385
-27.1350106242
40.5338678325
-9.58474981525
-44.5488167871
-71.1754515798
12.4595477001
5.21591127221
-26.6755306106
23.9127722287
26.3294674556
-38.4786518272
-1.4697625853
-64.6215809184
14.8142281096
-66.4764981162
48.0080501963
36.709727784
13.6395879838
19.100532268
8.86209331178
67.9927726057
-34.3917218666
-8.13604047804
-8.13742817236
78.9979215873
-26.3072178738
37.5995569429
-13.1647561805
26.7913113616
32.69244048
-10.1212367787
-60.74084032
21.3567990913
-1.14662323157
28.6429607819
25.4539977787
41.6625114835
7.17669657358
63.1690307253
78.7649370858
37.2983379724
8.99443670366
59.1755763627
-16.9821207287
-10.1124967273
62.2745507441
39.3570919523
34.2499744591
15.0365741965
9.95410121957
44.5858389689
45.4204867554
-11.0444216762
7.13024876529
-21.2251583408
40.2073270194
-6.91479250982
-14.7500750158
-2.60471593722
-23.1720960404
18.7944605142
-8.13160627987
9.56269735986
-0.18420195045
-31.2588813758
65.8190847725
4.83295568032
-22.3172524799
5.6360170285
34.2029108956
-13.3865950668
-19.5902076681
22.7921009723
14.3932181746
-63.8337821237
-25.8135660733
9.98446345965
20.0904596673
15.8503756294
25.6193276583
40.6169231601
-8.1584200548
-77.99278954
-41.9205331779
-23.1879531146
-31.3535258158
-30.2353904074
-20.0781391358
30.1205600991
-21.3402052628
8.13387472964
-16.5640924557
-19.4492258244
41.5217706986
54.6798285603
15.5286987052
-43.0033120247
-41.3095397787
37.1812576247
-5.2670268817
-21.9513363794
-69.7467373192
-29.0489473978
-20.8675507742
-17.3888399268
26.658498316
-61.3247183254
-17.9375305855
-20.3262562474
6.68527800916
14.5505655568
17.8957109524
-58.1570530794
5.50006070947
14.012133329
-0.188775437734
20.8994197999
-34.5399602613
6.32943370622
-3.70285402116
58.2215988636
-21.7200318542
-20.1958922998
30.9112551067
-12.5185020669
-15.9781028148
3.20176838262
9.92697228389
-8.40294337828
-20.4600439816
39.5694744553
28.3665545197
25.9101100101
-20.1483086625
43.6253149613
26.3228378342
-102.024254367
18.5137277503
46.2425364059
70.9258213268
-7.12075760415
-70.0597447388
-10.3351822815
-2.23095086467
26.6976375838
-28.4429457999
-7.42870626853
25.0188327015
-7.72365204713
3.64078791019
-22.7252879357
83.7592620998
-26.3910891502
26.9979358442
26.4838764598
-10.7838585217
-65.2856913749
-8.41047859441
33.1379241878
3.54832283996
-24.5896863204
43.9739531107
-16.6054542853
-1.66471625664
-4.62602222439
6.68220028953
-3.9156232857
-0.718141656536
-7.89091184652
11.3664239514
5.8070683641
-52.8764848261
-25.8882441827
-4.16413307017
61.5750199981
30.8997518345
12.1893544052
-66.3987765892
-21.297332228
-3.42431382202
-8.69803713011
-68.4855928005
-4.23318301647
-27.9615611907
10.0044800489
-5.53332907298
-4.67083160503
-54.0693454465
-23.4183594893
-60.2665290866
40.489073871
-11.4480322149
-23.2908023871
-25.3591162858
53.1286696424
17.5231796531
-27.6301183939
70.0206859127
-26.0130460307
-17.9208671466
-25.6425256187
-19.968666083
58.9959493078
24.2319770328
9.41525995849
-7.01556885419
-29.4472561606
1.14141651344
1.13322963256
-25.038118301
-44.9169052128
36.1048422861
-53.162992038
-13.9540433673
-4.03844512182
-33.7506526178
-30.3265005205
3.09195210934
2.58212207195
36.5909974052
-10.9720997464
45.7740662634
-1.67419662927
9.25548160277
-33.7097349105
40.9771677793
-0.70601873249
27.2602364094
3.64753791163
56.334229297
-2.41531148532
7.18935320424
10.5696367782
-3.77833293799
-21.6177620809
27.3510672401
-13.7142606415
-5.5248520782
-52.5291940914
-6.02990700226
55.8176780763
-2.22452326687
-36.5955644196
2.56964125599
84.2729916954
-42.4996293418
28.1046426875
-7.01284063691
48.2383117446
-21.31137823
-16.2434276986
-14.3514233696
13.9203970325
-13.5404400232
-23.97400873
54.8338309068
-16.541215044
-9.92723273518
12.5359003359
-33.3443770657
-3.43543365168
18.2143229543
4.56175174415
39.5358907073
-48.0217039374
-31.5357605194
-5.02464572838
-36.0676574261
-17.3706353749
-37.5928204137
16.6323310339
23.1861705877
-62.5235372599
39.7816818714
-36.6767499427
12.0715462014
-12.2239627667
-7.93871260147
-35.0320183535
33.6201658127
25.0082888226
-55.3351172718
32.2398609036
-14.3984608207
9.76420008262
10.9848435959
-13.4280214499
-30.2751531649
44.017193537
-45.9727030128
3.75305405012
68.9652020559
-9.44041273941
5.16846635502
-29.1862818558
-17.460300592
5.63573447371
-14.7582953267
7.14892001402
-41.1399973559
7.96633864039
21.1120650186
31.4021802496
-15.5853807728
18.6200653976
27.2894878691
36.6578335592
-47.3197768366
-19.3598362261
-16.25435663
31.1232059077
-5.93988785931
17.3100997933
-29.7956734838
64.2289072389
44.1083412126
17.0420646355
33.7629895177
-59.0539145673
40.8332282299
3.1680505292
1.5990733814
20.1676997753
-14.657159339
30.7771442433
52.8514654489
-29.2107098762
6.27590887916
4.19811172763
38.2466050729
-19.7091814107
73.2271857293
-11.6414900471
29.6009127591
-22.5994947604
-40.5465594699
-2.11019328032
-16.7741264547
-44.8850223088
19.0892811458
-13.5991417166
5.27702930223
32.2079018613
27.2787658167
8.40932847305
-43.0645964344
-1.01576831323
57.3867506506
-53.1672793402
-18.1235964608
-5.31205119417
-33.9300311832
32.3431651329
29.1255004039
21.5386714527
21.0857577368
-33.4708213689
31.1772725838
41.61909046
-19.7459666233
27.5785941683
3.73435514831
-28.0726747225
17.2367418979
-30.3114398739
1.57743736148
-15.2585340843
-3.67949693548
-15.3303744261
-47.2099263141
8.71746245035
6.30302031751
-15.2898975538
18.2200597034
-18.9502184919
-27.0226275503
9.29334195755
-28.8695271776
0.143467131475
-5.35710653679
-54.906189729
27.3775736473
32.3014490423
3.74503915926
-9.04953583704
24.7170787832
-29.760946187
-10.3765312605
14.1941314727
21.4996162654
47.3841711404
-14.1193588384
-25.8626067392
-41.43844528
7.79479241028
4.81515542027
14.8830983463
13.5676054329
-3.17028545062
0.042179661369
51.8929084422
-33.6793243364
-36.5496833629
53.2611239891
-14.9148833382
-1.84316430141
-39.0327223463
27.8784913452
17.1868124018
-26.030796497
-7.7748843817
-0.0581584683349
23.9189002918
-10.0312956826
39.5070544146
-29.4790609339
-40.503427758
2.20360629414
-18.5599325941
0.115708160681
-11.7561179844
31.1829529952
-6.13168519851
-1.49517439662
-22.9307504055
32.9679136534
24.9565381062
-52.4980192704
-27.7025265438
41.3718545892
-22.2430006517
-72.0649575679
-56.0592613795
-19.9408054848
-49.3071750519
-13.7298824994
25.2102641575
51.2723161167
9.79311812711
61.9853701045
-10.4317894129
21.3786780408
37.9484176402
6.60630247959
52.1691585992
-14.3185637218
-4.93045204384
15.4989452093
-13.6230631706
67.4296239984
9.36229684312
-1.87907186262
-20.9700161704
42.2471938434
-11.6334513688
48.6191125399
-11.5175270875
-1.16804317703
22.1165122326
25.6380083962
42.8917281861
70.3191860151
-4.40901313422
-33.6720090482
-17.0861435683
-11.3664613158
-2.86588311424
0.124822310795
12.5845899194
-42.9738400241
-8.75189859677
8.59553112729
-33.8192520056
-19.4387130192
-27.3288634558
-5.71026689109
33.1016708704
21.8081359534
18.8982082624
59.0526374758
-8.19741088626
2.07582483702
-19.7814721723
-28.2356285679
-20.2014048222
22.9559095599
49.1727617977
-28.8733379646
31.8276052977
-2.88361095108
32.7612507043
0.549243091777
-22.1774911183
3.04094401205
6.78330532368
-3.91770161708
-1.0686854172
-30.3568131215
-27.7810577942
11.1526381267
8.56734434029
-14.9331975209
11.9705649019
-27.3865754441
5.25106534654
28.815579332
7.9578127964
24.5651864815
2.26076294419
4.42982178419
36.7701326537
-47.4991795575
38.976688618
10.5459463527
-50.0350390455
3.77295698291
99.2735617953
20.4237860666
-38.1451673209
13.0116092979
-24.3902450117
-75.829643709
-17.2471490331
-2.80104477992
10.5516142713
-21.5530957822
-17.7643188993
-5.53038373162
0.770927426431
-26.2465053323
10.0211782099
-8.26093308662
-14.3160439665
8.74477007014
22.0106237187
3.87317006966
13.6725219333
-15.2819823201
31.6028377669
5.1023906616
10.3065754941
2.70969245187
24.5526022606
24.6285145732
2.35079152239
28.1939589922
-10.6734487796
21.8150786007
28.1855710779
-42.0902864955
-25.6928348735
-21.7292745394
-11.9320193756
-30.5853991491
-20.1762015938
57.2750397944
-41.9571010215
-15.6717581043
-21.3830558296
64.7341194667
-32.1016827174
-3.26052049621
38.0385351009
-36.1847294886
-28.3183309508
-6.83446415278
-1.11939759182
-25.0260301364
-4.34475771058
47.6450128306
-69.6992858735
-27.1688276873
9.20317955207
-67.4536459722
51.2800249495
-47.2346055351
9.46095114832
5.83566642577
-31.9545023234
79.5254157482
-15.5628929257
-28.2619834802
19.7792631216
8.38846136862
-71.1799475097
-7.58456470737
20.524059254
-30.9261383338
32.2648537052
-47.2797845573
-17.9117230566
48.5526441654
5.3553094875
41.0956767414
27.1250825242
-34.3837557469
12.7988776486
-54.1517572286
-12.9557527364
16.0909499188
-14.5983235869
-41.408041022
-5.1800775202
-16.5450292237
-41.7201308275
-17.1149798471
11.3377421963
-21.4271747866
17.2759266481
67.8423007902
-33.8534053503
16.9647305535
-43.7465083096
0.63617034924
-51.3125956235
-47.805415156
-20.2915377913
15.7357512713
27.2020140957
-17.384917071
29.6728396596
20.2028473778
-2.60608227355
13.390449397
19.833715104
-14.6233150494
-48.4691909564
-3.56767756103
-47.9450134847
2.04048756943
-2.22532511612
37.9820540498
32.6961697286
24.920982827
-53.9470103341
-4.70276306795
-17.158382086
-42.4890560354
-28.2592658896
21.7957404282
-47.2164746766
25.3809038056
-10.1359855096
74.5056761165
2.05619488863
-26.6474739784
-30.0102695091
-9.91994874604
-35.0297084598
-68.9252367852
-24.1361856234
-47.9133555009
-27.1905960965
36.3812000916
24.9017856871
13.9017566377
-42.2482282281
-58.4822173731
0.323440121728
-9.84335844682
7.74998509888
26.3872708031
-17.9203249227
16.0549102605
-69.0314654372
4.54698454449
-21.799317522
-1.34084358986
-56.7129074223
5.15942571838
-8.04689542473
9.98348761277
-20.0999244726
8.76262034098
-8.91189517894
-25.8141700467
-12.7894494618
42.8382131644
-6.04787371177
-31.9906365426
-23.8146040869
28.2364809225
27.5838457675
23.2012205864
9.63950448998
50.7247711132
-30.7915781255
-22.2481822281
51.841411894
-9.46014396865
4.80637332658
-49.8119539726
-4.24099064229
19.1370753403
9.49143157778
-25.0592776122
14.1126961468
-10.7283611898
14.234898066
-45.6725972286
-38.9236939548
42.003695779
15.8776419854
-23.2548144012
-34.2635753112
1.04963316713
-15.0544817216
-30.4063076692
76.6022745644
10.0474613775
-32.6479801946
12.6370695187
8.92060862043
18.7997387542
-33.883472469
-10.4716504556
1.72325017349
16.251052023
40.4004009378
33.5782354125
50.8445496953
-23.2383071742
-32.5795639296
-7.79969036586
-30.1811448613
-12.8858130036
62.2989570754
9.32583800075
-17.1497364269
8.40476349823
10.1046284039
-18.8435205557
45.9727483009
-19.3696752495
15.9725485537
-17.2924606564
-41.8104171768
-62.9585372628
-4.24779435869
-26.0791442952
-31.4649189655
-8.76978817207
-16.7393186009
39.3163943547
3.57726755747
-44.6904378083
2.3336086022
37.3030351813
-8.317633457
-5.54900371239
-9.93031618252
15.8629623005
3.59399854411
8.9241182402
22.31631064
6.65787112164
-2.43753697843
-35.4605595872
11.5380340567
-19.400796777
3.82102408939
-5.58333326776
-24.645284428
50.568670605
-43.9493533352
0.679589205465
37.1752178868
-39.6175533996
7.82363267929
12.5480596064
-23.8467900304
28.9388880453
-11.0797302753
-2.1394659996
35.2084838192
-16.5849478721
-5.67004136009
12.5112126109
-54.8125460785
-41.7212851997
0.460032291955
1.16007291104
-2.15431895188
-8.21669087307
-38.8501082869
-50.3481799727
-21.4339722269
45.0384008181
65.0983851379
8.52698268115
18.147212927
-20.1942005928
2.51857655239
-11.3549234958
-27.6911327994
40.0602597842
15.6015213678
-20.8449152752
-5.50472350705
8.33138687466
17.0617112034
6.57728796512
16.5566390932
-41.8631961934
1.51675239604
-29.1243551954
-5.52280531418
-47.8424222921
-8.72977150795
9.09263914015
-17.3578231105
113.919903079
18.5109109503
-62.1300874902
-26.8285486351
55.4523486986
-22.8566249479
41.1201861144
-57.9068676768
-28.1010410067
-7.66954985041
-39.9692495219
-16.533151435
35.4248888672
10.8330237697
29.217489488
-43.2003033645
-31.5713370251
28.5875936425
18.3836815229
-32.5486732026
12.0479100787
-12.7524055235
-36.4054968274
-60.4655975777
25.4015707565
-18.1720783156
29.0494623098
-48.3356663222
-9.44087698938
-80.6910580679
-47.5065568034
-9.58837447455
17.4502064891
29.698791216
26.6605217068
-31.1683976414
-20.0323909017
-14.9336594894
-47.1961980602
3.54529454923
-9.96844495223
36.4262736539
-36.9206696459
22.9585121249
62.3369958572
2.32449521932
-31.528595273
6.5599634085
-24.5702252331
-18.9664538449
-7.17711659765
-50.9768148436
-8.18178034706
7.10426333323
40.6858060943
9.11821386261
34.3309163025
-13.2232618485
-15.9760422719
-36.3102943344
20.6055444392
30.4135118486
34.4849557582
23.6631945332
14.4054551299
-15.261661495
-5.06268062107
-12.1487086555
-0.20394369331
12.0994927204
20.104058128
7.23985570774
-44.3766024357
-1.11425851619
30.9624112668
-30.3498723209
7.07194967149
1.69230792576
-47.9924009391
-25.6405681611
11.2345489418
34.958817089
-6.09680141497
41.8662558606
21.0134740878
-21.0998681651
8.84714133737
-52.232113488
15.3489494497
49.8519997896
61.1476804042
1.98505636841
-13.1656839578
1.25463470983
-27.1556070346
-7.81078021061
21.1296394118
10.9788754891
56.7795703321
-62.7174819969
63.5384481353
76.4728827933
-27.8986606903
-34.2089199109
17.1473302027
-9.74817744091
-11.2805572983
22.3436279643
30.6905760043
-88.9798769437
-21.613064127
-30.9823372964
14.1333943645
-41.9375199127
-18.1569505242
-36.9963173691
-39.0337041134
29.3063912713
11.4432024052
-9.39269623839
40.7129242332
-4.05597262057
-119.35202676
-49.072742991
-2.17619907294
-22.7322367932
19.2268460815
-36.3720082003
-49.9709941188
-1.47725814335
-20.487079418
-34.8238944684
42.0621522186
10.5079763839
-5.85604015394
-2.38774682987
10.5833570522
56.2315803055
-19.0012050395
-15.5991804737
-4.95318935372
-35.6057757522
39.1569518704
-42.5284251741
-64.1136518453
-1.59732876495
-18.0906601745
-44.8191770726
-1.53671219433
24.4934617901
35.2908237384
-11.7245484124
-36.4146236478
-12.2844143026
-5.71030443864
-43.4863680474
33.8781454573
1.87365495714
-28.7871843783
-44.0012044424
1.27708533599
33.5543777996
49.2184002765
16.3800302845
14.3310679198
-20.5496952912
-0.247120792777
-58.8913753324
54.2423924597
-17.2317984834
-9.46634472492
-13.8635992231
-45.5011539807
8.6741048294
19.5167850298
-0.208819254267
57.8519683951
-48.3783740605
43.321203893
31.5397151057
-23.5850021168
-42.0601612585
21.4146554685
21.572917216
-46.4536899761
36.5682826204
2.41652215881
-22.0214158372
-5.96216087863
-0.187332981475
8.18541074114
52.2869588666
68.8624542947
-34.5702029218
-9.75632529719
-39.7132381846
-12.3932761787
38.2241942833
-20.5506099179
-17.9953558553
15.8278534817
61.2108010134
79.2027746366
17.3735241629
21.9530679237
36.2528414032
-15.6626472048
24.4471403126
-0.731246143233
-74.4501528411
-13.089074211
38.6681866352
1.53372351553
-8.0249957101
-17.7918457265
46.0815650816
-25.941924434
-25.8258255153
36.1424869426
-15.9704671306
-2.45779969303
-33.5988635015
-16.1178275461
-45.3897787838
-31.3856130974
0.130718528284
19.9350134633
16.6072589375
4.37685881457
3.93242515513
-40.1621419986
-33.1086743721
-11.205365721
-69.2538391579
-30.823521739
-60.8309072286
-18.6324495053
27.1723987507
1.59636195178
12.962673246
-60.5654706732
10.1325037302
14.915411985
28.1046600126
23.1649018114
-27.3920322324
1.75314183524
-10.7781430426
10.0147804503
49.2766541169
-45.0692535615
5.60733640132
18.4602013346
-18.3076109516
-17.2697161946
-10.6047983787
-2.38344301128
-0.069287683021
29.2814715819
30.619622773
4.97904989105
39.2585159974
-12.5599563743
-10.3062436564
-85.3533830191
25.7417902074
61.057496406
21.4948999402
-59.6848020458
39.7105977486
-34.2906445241
34.1829705156
1.88073246127
-28.3043119492
6.0891974597
-16.5755171759
-23.1688889824
-11.6852745696
26.5088059901
22.1776256077
-24.3297310616
-24.0963491105
9.01217629397
21.5764156933
-21.3942532519
-72.6169935238
7.64780443991
-14.4849437405
32.1167929242
10.4461029242
8.17973706672
4.3594078904
-48.7671964326
-8.6520102205
-2.29242449811
-45.4672431766
-23.9025653126
10.5253574654
55.9774268956
50.6018485015
24.5061909782
-2.38142986268
24.495450546
-30.1428138148
13.6961231525
-9.00735662845
22.6135843455
-33.0355967412
27.1453481044
34.2333049175
0.62780881843
-8.46880410722
-21.9157088067
23.4429575708
-6.15420437846
13.2742415706
-26.4607374426
10.6076109494
15.7960016432
-80.1474694652
28.1731052211
-40.0582666127
-6.80569640272
-15.0179642396
-48.9984946034
30.6218380887
63.9133894588
37.270688111
7.51536067784
-20.8156776539
-4.72967362297
64.5320328321
26.2705972693
-26.8910506254
-33.2971985524
17.640286859
-16.1372674029
-14.9789233215
-3.11775132013
66.7899499899
-17.1308658311
7.0249431298
34.840570427
6.58205558189
-43.1909473579
42.0582961071
7.56990456747
-15.6013078893
-27.1166551349
-48.5100414418
-37.3459518646
37.6906774056
-19.7636667078
-23.6492405866
32.6749675661
-6.85564859261
-24.9472008759
-17.8952597361
-5.14540836295
77.2136995058
-7.58160342551
43.4696625669
23.2293974215
3.36010759893
-9.71497850745
6.20445136841
-8.18692113731
10.345016893
-65.7222370204
63.4138696603
-6.70038832692
5.06510154505
26.3635120207
1.83503040729
-35.4101782716
5.27002554472
-21.1319231348
-54.6904357169
-97.8860610142
36.0520959554
-7.86456901476
-16.1001939359
34.51799329
-2.04106653904
3.56590893248
-3.37462159028
-12.5814684516
-22.9079908125
-1.31173488051
-32.625303064
1.01761871793
-15.9346536569
3.25893642214
47.2914354521
-2.43670780825
41.0675975039
-5.14091910909
-27.3096617303
16.1858361323
9.55216733065
-25.5636261701
0.876189843765
-24.1414666658
11.6267208654
-7.6290997083
-21.7406075893
35.5209467852
-18.2724762337
48.3258862531
-20.9673828252
-20.5468859801
22.4082217522
-16.7926798003
46.2885677815
-48.129308602
66.2616969591
-3.01279637584
36.6418239255
-6.46119346895
10.5698743863
16.5468754411
-35.4387564352
-22.8723942354
13.9601646832
-16.0844158958
-42.8306123905
11.662719279
-23.6434612828
18.0967367069
55.4051515558
4.16401868995
8.30135283657
-52.6975694106
24.6363538579
-18.0734606541
-19.3273852497
27.4236799378
56.6841123927
-22.2107312068
35.0219950647
-3.11903336813
-7.81273682606
34.408937818
7.49671121086
13.2390341599
-9.88789198403
36.2114509349
19.2058639698
-50.2675237729
-30.9045226868
-16.1000242931
-19.0855616577
70.627773442
0.362585293828
24.8200306196
15.4849347447
-14.5885011772
5.35533915943
-4.87232130055
39.951442122
38.710381395
37.0129431019
-19.0168694896
-21.1194804099
37.0489821542
-25.3071232925
34.3066862005
-70.1691375621
42.0782486102
-3.97166364583
-2.83268933296
34.5886885241
-16.2869518818
-4.56832662481
20.5030771184
-14.995381575
4.77032112817
33.4913793859
-25.3838177547
-7.68055947891
-29.8116560054
29.5431288876
17.6409818124
-1.23751666299
75.7960899307
-13.4942338583
55.720250647
18.2759855631
17.1371183204
-10.0853131966
-19.9238869124
8.46304740815
46.0672223375
-3.18447553206
47.4773726343
-28.9048154123
26.9260780696
2.62036457865
-27.6504062068
-9.53816855532
39.2782442787
56.0389675615
-0.578882252129
22.4833694713
-39.5198862617
11.4038417345
5.40157041304
26.0715921275
16.6398381044
34.0400384654
-7.6608519625
13.869725173
6.15719676324
-4.38803351501
-7.3322910211
-7.98998658727
3.93250897796
-48.7247832819
-26.8654401087
20.2362133815
-33.0767371623
-23.2010696556
-11.6570475727
-25.6450967842
23.2540489863
-0.372011418815
-1.29763175138
-36.8115859064
7.86595654436
-41.8216639731
-57.6556752523
-10.5538232989
78.4932274715
-3.27766021773
-29.462278229
65.5336122579
-10.2183281421
57.4813702626
6.53749288525
42.0584920091
34.5292309527
61.367192626
33.7202557917
-14.8240404457
3.48670201978
-23.5199602289
13.0357916338
-18.7144516477
47.018404988
28.0305541734
-10.2173943231
0.338214639092
50.7044387983
-33.9955478246
69.2661256262
27.8274608568
40.0513624798
42.2540456942
-5.97242989007
12.6951088496
-34.4351983664
18.5330796785
60.1660868953
15.6057352992
-43.0774140682
-18.6047850564
40.1390216182
-8.56514000968
-28.9106652668
8.94409189151
61.8781449156
7.58406957389
13.473252557
10.9441955757
-22.2568537477
-7.92135137918
-5.80845329986
10.9003408629
10.9867047005
-34.7624085132
32.4523546955
-25.1886488679
32.8448197926
-24.419612965
-0.0405759418227
0.315177658216
-18.5503748513
10.9901931439
39.6778597249
49.2030695863
28.6868797064
44.3159996458
0.345281797654
-4.72870233199
-6.39168884267
0.359469025599
-42.5597485829
0.385453279257
-19.1333533468
19.7115184345
36.1147653042
-11.431600808
2.30482938207
-1.23626893127
36.7786225091
14.8405339133
9.98470165448
22.9052008993
66.4779092268
38.3518953201
39.4849225232
26.6620698302
52.1574827652
36.3663422622
1.34421366193
10.3219463341
-17.7856703245
-2.61203608437
35.9872685419
2.09123585568
-16.7586949986
-11.2434701805
-8.87607855921
52.7699924413
23.6415605819
-16.4427327957
-8.46281544801
-3.05516968701
-20.7262852836
-10.1198912745
8.24994367268
-4.06475833562
30.3172677314
-42.8486915462
15.7084579679
-3.02110806594
-2.19247495988
-31.9370302264
31.4005159901
-59.1788495536
13.8408326066
15.9661367582
-19.9975278598
14.6950199805
39.3860651061
4.67268764601
5.43495840444
21.7446072647
35.8712077735
-24.3543644051
-2.40945292912
26.0294739568
-19.4840497459
12.7238073596
26.1566454936
-1.89479907932
-19.9316693662
-4.61535788209
-8.55158173813
-13.6200299714
27.8882147622
-5.16162269633
-29.925849526
-26.2470602703
25.2041372321
37.765691554
31.4074568569
-22.056937346
27.1430870165
-27.986168631
4.20243274395
-36.8847402386
-39.5819839662
-39.9243982947
20.1246307194
78.0930569364
-7.31603958608
23.6591099592
12.1505244287
13.8562922989
-32.3182563988
-27.9466174708
25.0668619934
27.8197762569
0.390122680526
-0.304440141161
64.2746877832
-31.9846811776
-38.6671604864
21.2066541898
-9.70456149324
46.7198758242
-20.8350439485
-45.5685767683
-1.1675150395
31.0186815707
-40.5413012598
-29.2344515659
11.8416214723
-8.13472754782
-49.257326714
-12.5427141612
6.74061905983
-16.927122854
31.1632188467
9.43238027068
-17.0532390245
17.675703798
-13.3551830229
60.7277085825
-4.46127602549
-11.4919347316
-40.9454662779
-15.9561269068
0.989630684126
42.2332635997
16.6919771303
-42.5516543621
24.6090017087
-58.468067366
47.5018374896
-2.3854542485
-29.670470751
28.8472235143
30.2510823925
-16.2691423144
75.1651143861
-30.0836863174
6.60477847197
-16.5778315436
37.0801323644
-10.3800382801
16.2307227559
-51.2852016786
-60.9603090505
30.1933765244
-59.1578561258
-8.48789045514
2.42854510721
7.55718864875
37.7156252891
1.37297241817
1.27579086063
-67.7831841408
-46.8785114013
12.6546092562
13.9052430042
25.0772984692
-13.6146118295
-27.4905207639
-15.409095035
27.672668521
18.3041572964
-6.81813948715
-47.5394817539
22.3739121773
30.6640593437
11.2459210058
-25.4938090234
-2.81789530603
-12.5712969164
34.0629026785
11.3665852734
-17.0818902059
56.5636254619
2.58140220008
-36.7928136351
7.55446226334
17.1373759042
-8.07532662347
4.49088232903
24.355623535
-35.3346847656
-31.8712992865
-6.27372964443
26.8723001325
17.3088539639
1.31925777978
26.4749483405
-16.6282068968
-8.74776973485
-16.6602138638
2.24348081875
-22.8749955896
-0.850984747379
-27.0081544403
-5.21916498133
97.748850291
-19.1594977332
-47.1829328912
67.5346299341
-29.7285784008
-0.354676894414
32.7230363597
-15.616681687
27.0331388089
41.2601067417
5.82855296312
4.73167204055
-4.16600981605
2.18821191573
-43.0017569895
-13.2244847736
34.6431500049
-11.096763241
-65.6106184069
35.7878833359
-1.89347715554
-12.4599590137
24.8930992945
-6.18554383455
-18.0416577048
-28.6284116055
-17.680748684
-28.8186463164
45.6859506629
35.4492575008
51.0478915366
-30.4866213842
-40.4621207665
28.3636900922
-22.9482705126
15.0759581623
7.50166264583
41.3192430163
-6.03889244048
61.8403029481
-29.6672324241
27.6190998506
-11.6214558866
0.180032116042
-17.2543383513
28.059540226
-16.5145798694
0.203208153407
11.5873928898
-33.1780818174
62.6304262226
14.4098550748
-46.8749444695
29.2645159451
-21.0045681348
-30.2181220115
-8.73667152836
31.2826982693
13.8545835853
-41.8179943956
40.9184162342
26.4956014261
32.433516136
-27.7870266285
-24.5690017352
-42.9133925556
22.482760395
-42.1612062189
-38.2933142159
1.02577349204
-33.4942334658
24.991956985
-60.658089466
42.6215310356
-61.8767842935
-12.9788528257
-5.14293581999
-21.8795407681
-5.16421419094
-45.337211633
-52.6823187216
-52.4723740969
20.5558407541
35.2909074391
-19.0026848145
-27.2579331795
-3.95703398955
30.432958989
9.56123963688
6.91007496641
-19.5759471643
13.6519622566
-49.7840744959
18.1327999651
-30.7316317535
53.3870017232
18.9726059463
-12.820932996
-5.42532650904
16.3793489628
16.4147145635
-12.2350238519
-14.8131132139
4.10285659134
56.3045867516
-24.5369273667
38.8977889017
1.53498680507
-15.3395960104
34.2472170198
-3.65962823102
-35.9480011643
50.0730443063
54.2130200519
-33.055838416
54.2926067888
-1.30880588086
-2.40184501958
37.4915920993
-29.4066800475
35.7084133905
-3.05978280407
3.67990952603
17.026501656
-1.72550122908
-20.7727576335
35.5250910722
42.9264092993
-5.61037944345
-27.2978958932
-17.8820924414
16.9997885576
-28.4986803358
-14.560918498
24.1547850232
35.0512971431
57.8470009719
35.2414078655
-26.3319131299
39.3708804856
11.000066886
32.8323020403
-1.8828912847
-19.4448461421
57.4823885782
-0.697036577541
14.9921559775
-1.67028462048
2.96067431069
-20.0369535929
4.40302738748
25.4907003674
-39.1863894934
-17.7140057873
-23.4158194231
-30.1102824147
4.34081702976
29.0605186153
8.8814325927
12.1159794002
-9.61104738926
-65.1145988675
-7.48239067486
0.744003422265
50.817940361
-14.1863985018
24.6581978112
-26.2458647676
2.5127400786
7.21291617604
10.2291022258
-30.5012761192
-3.70014448111
-33.4057600115
-3.52364181524
-43.5651458744
18.2969276343
18.6527561322
35.0878082987
-1.65551043733
28.9207049601
-11.7420450424
-81.4342348142
39.6100690829
-18.7099286123
8.10747868717
9.99261359071
-29.8744821054
-16.9092497711
-32.0720977543
5.46144089315
-21.9492008265
-29.6949346197
-22.0796238153
18.2435961356
69.3035482765
30.0306159512
-19.0699854229
20.4054462809
-32.9113312211
12.5130282282
52.0825515726
20.757776945
-0.432695767448
-19.8738159839
-32.9759475227
30.2632259299
-9.89915957714
-12.4166423298
-7.01411029765
3.91186776889
31.2314778739
-26.1632815669
-11.8724506848
45.9411873579
14.3303686268
-21.0207677475
22.9943675519
-6.84994035626
-2.78545143997
48.3126844142
24.0099574622
5.08156728394
12.5797459011
37.0229787229
-83.8665650379
52.3777939901
29.7633010756
87.1921183047
16.9191123981
39.1142390287
-2.38280300337
-21.9094735745
-13.5068299783
-8.58235628321
-0.671504065083
-42.5731566988
-15.24878102
-24.5822755904
-52.688324829
-62.8097067972
37.8862274851
28.6266434391
-1.51448857475
-27.6794717876
10.0961759878
41.6717334137
34.3227844987
-34.7982951254
35.5500955212
-4.656897623
13.8508273543
-43.5814076875
2.24639985903
6.50168982241
6.72984265794
20.7034708381
46.5145666718
-17.0768005297
-8.81924602694
-6.34358956022
21.3858953366
0.83693058874
6.29424218114
12.1736022992
-1.75014130877
-47.7951755018
5.66550992107
-3.63699064771
64.4736509632
-14.2462267443
-8.7885350158
-9.48580249086
35.3537263965
32.3309405551
45.2412020718
-32.1704020311
7.00754474361
-36.7471614155
16.4805680944
38.6767233166
-46.7386366289
10.6985533937
24.453271643
37.1744188358
55.8949747418
21.8548914882
-41.1655674929
13.3023508364
37.7185281152
23.5765201164
8.73897746293
-2.99305836871
43.6111232158
33.224249929
91.557684198
-7.32127646313
-37.2417261052
6.93496257526
-32.8730215749
6.62043445033
-9.23731697844
-22.6471466431
-28.5509122255
-7.51778361589
21.7691478596
52.3661318036
-31.4235515528
-6.85027589156
-50.4171616909
-4.98801478269
-41.8551010562
-4.23430448473
48.3508868778
-36.6312847661
-18.5520133002
-23.7529796774
31.4604848542
-33.9296117665
-55.1650494051
22.210302896
6.57604295733
47.7278165978
-3.04485760247
-61.1959059637
-15.8320634747
11.2826619218
-12.8913916442
37.3953479714
-7.44862049776
26.2632072628
-23.9751446974
27.8393743656
56.5163203651
3.31662498232
5.82612127946
-27.9743767742
38.980569776
37.6988023309
31.8435487737
-13.8432249716
11.1325886865
33.8831284883
1.01487582088
-23.1169696962
27.1541675282
-36.1873414062
-10.5219604858
-21.8443417771
-40.6088812534
-42.2763825701
-20.0695178643
27.1900086311
-7.48626754785
-28.971504418
22.7605896219
-68.6518698299
58.3510078899
6.56810959389
-9.51038040912
-6.57594331981
-2.32428271866
-75.615118808
14.2181382966
18.310914139
0.442067733242
-28.317341394
3.63449485869
-34.4664639251
22.0459254215
-26.1738376434
-33.1490306089
62.373014343
-2.22605163156
28.8877575976
-12.1905608211
9.7781725585
27.386803509
-29.7500515573
22.7691490601
38.1323950865
18.5326287344
-9.94846572567
31.3174094601
-17.8453173413
4.31796409242
-21.1292897925
26.0756336819
-30.4868324971
-12.9897136356
-17.068840762
34.9509007957
4.72687321318
27.7975729965
-23.3612332727
-13.8418162654
-6.77105461712
12.6248516183
-41.7101120959
5.48714427589
-26.3913848842
-13.4193594795
-42.4667325621
-30.3437164279
-82.1663806875
23.4228200817
-19.5467014731
56.7323294754
-60.4442532621
-19.4857621258
30.0480625208
19.7698168034
31.9920112626
61.3332564917
-17.5740466254
-34.10638881
-8.69377978447
7.71256722386
-4.74305388641
-30.4102120261
-3.56700077842
-18.9336895123
3.46544211398
-29.8761935805
-85.9496470479
-14.2174600294
-9.99553650271
-31.5482851497
6.07060822629
-40.6500532426
10.5351075693
3.11151158219
-14.595545105
-26.8717148287
19.379421338
27.332376438
-26.1516831842
10.873238219
-60.2451755083
-45.2137288264
-11.3793037505
-72.6853088122
0.163996978276
-36.2214657007
-34.3759264962
14.0226210627
9.75750882061
-33.9057945258
31.8959133994
-22.3312443306
58.6986337057
7.22679815053
8.54659302986
-32.4141523286
6.9498739367
-21.7661641465
14.4677233608
34.5216812542
32.5409210161
8.26062352883
21.4672401175
20.7634928198
-68.4986314009
-60.7354726037
19.305086344
-26.7327225749
-18.2208926956
24.6398097277
-19.7462970299
23.3621039495
-2.91025105965
23.0160706986
24.8837845986
-14.5534827143
-14.8477742674
-27.6231817656
-54.4309411722
-66.8357150981
-21.8480449785
18.5004829461
-12.0845619944
1.60824513143
-49.0843654962
20.3068734813
8.5720265363
-38.5063147522
8.44565151891
7.92302727142
6.08497738012
-11.1978674578
-16.0724835585
30.9335236936
-29.5860018712
-11.2737762267
37.9047513595
1.21083795208
-14.9548388735
68.546276771
-8.42627884838
-37.9266691801
-17.918323143
-15.0083295424
5.82943866505
-5.27733554793
8.30717092887
15.3140025185
8.28216786737
-48.037420443
-3.82609513067
17.4682949567
42.2930858319
-44.4694232875
24.1080944166
15.237326658
-66.7673555782
-8.67284744738
-39.3658309156
-19.6986260792
11.2124609156
23.9454424817
-51.7665679171
6.37967551295
-37.4738454098
29.3646858131
-36.7013785148
-46.2085186164
-11.6681469941
-1.49901185285
-29.9612097284
28.2069427626
-10.0339307404
11.2532073485
37.8001719605
-77.8635634298
18.4064680103
-73.558913442
-28.1587440311
54.4780815133
-17.7531308439
-22.5661007946
7.25888688406
1.34992249705
17.4603756942
-20.158947335
42.0266961477
-7.15190187125
-1.0866717343
26.8537533776
43.2432796373
-0.180608798375
27.7201600441
-4.48273881688
39.818476298
-13.233448701
16.9718636075
-34.9407215353
2.58080280343
-30.1839453788
-20.0357554621
28.0846963721
2.11913199009
24.0688719197
26.2023325205
-35.9446456119
6.66826847651
40.0443545592
-5.8633619467
-6.57236148896
27.7925433789
-49.943244902
16.3552095237
9.20817718953
-10.9123923132
12.8398069352
-41.3658890522
-9.63802873547
23.7734127827
35.762353796
-19.2818578778
27.2469742556
-72.6913867846
-17.5080905905
-7.57502060489
16.1171826073
-9.20575287924
-8.66596223152
-12.9985978522
71.2640917433
17.9904007418
6.84466630165
-13.4001995709
20.3184051535
53.9637553297
6.43036500962
50.9394373312
13.2428753236
-32.9115132388
11.766002157
-11.8134615129
37.5835566811
-42.5817276342
-3.32502429632
-9.19180390183
-7.24255126542
-50.2391866441
25.6318846831
-45.2105798133
-28.5531772539
-4.89620286498
-3.49521179507
-2.91369985009
-27.8570889022
21.2386974113
-18.5469014484
-9.50294746368
-6.99514194187
11.9724593265
5.0321956379
0.423425958791
-9.34267550212
-19.1349367794
-8.77057718201
39.2063274932
-29.4853224713
-11.857338783
-9.1210146968
33.4134040775
-13.3745036395
53.5717762464
-52.1079823966
-16.1939276444
-64.3524772955
23.3856730905
-21.4123886049
42.3205201489
77.6910059723
14.0051898012
18.2893897155
-92.1023510575
2.02967243837
-4.98829887798
0.83125423206
24.2053136843
-11.5771984692
7.62743987362
32.0614403853
20.3905068323
-14.5936409493
30.8751244639
-12.5167200086
-50.894861065
-5.84633402456
53.9066801323
-35.6319352125
-26.3608078015
28.5097057523
-22.3398903603
37.9472891711
-7.54729462333
-1.57242188848
53.8956074581
5.36817323252
-15.74507261
36.1288903074
-17.1264719726
-11.1824636923
30.6187875213
4.07354343369
16.8714498278
34.7821103163
-42.6348296578
41.7866609153
-46.2442716011
-2.52918287943
3.02067784926
-23.6417246937
-7.2938060006
-55.8698401385
27.4149659689
17.3040386545
-8.4440586294
-23.9018744639
4.23854001357
-23.86722704
-11.475937329
-24.5133690551
-65.9865189999
-63.0197399809
-16.967362178
-37.7023987608
-12.2828640764
-36.1513300987
37.2922332367
-65.7009710028
9.83364453001
37.1868841821
-28.6630461113
-13.6186004034
-30.5408134433
22.7543134755
46.4192246835
-18.523569254
3.70723227594
-21.5391388729
1.76029429569
-21.8460910855
-24.5308364384
-19.6504411978
21.1480409045
57.1650106017
-31.5223941846
24.093375167
-14.6093423618
2.85096024825
11.3489647169
-32.0138597207
5.05952186126
12.9470082987
-25.2681537441
-0.0249167856751
6.41459471194
19.7506935667
25.80646398
-2.49394032264
-13.188283634
30.1029030389
20.1741403024
8.03524702377
-20.4446253378
-23.4500211059
-39.4438181583
23.9476058756
-29.169733963
46.8185460162
37.2508791224
-16.4590169655
26.0514486782
-25.9053546404
-30.2076108371
-12.6662820924
30.4562771345
-11.3439996999
-4.96795175387
8.4676066645
-50.2480283784
-20.5166769147
15.8263852627
-18.9460462248
-12.95732564
-24.2814318612
-20.5940048277
16.4203142688
-23.8529111544
3.8304572486
22.6602141722
8.27077584304
-34.0730014194
-13.400362974
46.3568332445
-27.0547280482
40.7884588813
19.9789827549
-4.78734868397
54.7353053729
68.3008130292
13.9497649889
-21.0848556805
7.78276371817
-40.7293957376
39.9131803595
3.03661555506
34.7763474889
1.19417046943
-16.2677121183
-2.50672316995
-6.87360377172
15.9115753362
-9.09767380329
6.8791064528
14.8699229616
-47.3239176007
1.32040996572
-3.53883485219
8.57809889379
21.3877394556
30.837412743
-6.05614039364
-25.3347363836
-69.5785988091
4.21974276226
-58.5222698405
0.632397959578
-16.2687394556
-41.6483014461
-42.44398495
-64.0682858198
24.5839509851
-32.0419309786
22.2024370408
5.04301365676
11.6746153027
-30.0161385409
10.2946385845
29.4236087241
-65.2594648952
5.38923066911
20.4311044822
-15.1740398678
2.19804658873
57.9957912783
-51.1524020777
-39.7870651178
24.6446302412
-17.0328303522
16.7943528767
-46.3341389587
-32.6609045253
10.5790600452
-5.88667514309
30.1677921338
-13.9686904869
-11.7860420797
27.7031437891
-48.2617325675
-7.14207120865
-35.8962783274
28.6283710159
70.2231991756
10.217188212
16.0922624506
8.43476112316
-27.5301865688
-8.95148918184
-9.27080718702
67.4351469215
37.6364306903
16.4083226469
-38.8319157174
51.07940703
-57.2603248707
31.6320675494
44.7470693443
-29.4862518429
-7.06280362884
-7.77397809007
34.3066563617
-15.7594944582
11.7172053119
-7.45812362875
43.3276469321
30.3351015597
26.6540857835
47.4991964726
-14.5155173664
12.8425620299
-38.4660649143
22.7994096128
-26.6812429684
-17.0098924092
-30.3319069572
33.3128352263
11.2651320243
-4.09393528824
31.6463299401
19.3283913739
37.3611457554
-13.6605976216
-7.60420606174
11.170854491
74.2111188032
28.7805802674
25.0487424951
35.3532262659
-35.9864386712
4.38280354545
26.3388486863
62.7217741784
-16.6068468069
-25.8961739399
-29.7686822364
-19.4650392061
-13.226768392
49.2211419984
-17.0913371444
21.9864398506
-3.04417805436
56.5782047495
-50.8809746296
-54.3307191989
-46.4181501032
-4.44757753898
-12.461148926
-46.7413193949
1.67885317166
61.6320070542
12.1411520719
5.11897085924
4.59740119897
-11.3469859959
17.5074863734
1.61897611005
-4.76284731409
-5.14482908713
-3.22205933628
18.5473497872
18.6251556572
41.2872471222
-1.0500558654
-37.6839521303
-20.8948414206
29.6567190182
-20.2601662579
-11.6056004882
-18.4431891267
-3.17469657856
-15.5577763258
-1.24326230339
8.12152420136
-54.47759385
-25.572620145
2.5728355326
58.343805791
23.5584390269
-7.85604568004
20.2908605656
2.62022498897
-50.2265631678
3.84167814421
-25.4085080751
48.1105377599
48.2990645972
-28.663949002
-11.2128050839
39.7829486415
-6.27867601706
47.0599774432
18.5138798875
41.5867215889
32.200661418
13.1308870348
-31.5553941925
4.09616599041
27.7191517322
76.6397728767
7.9254281748
1.39378089413
-0.257007081828
-64.0456221714
30.8229517823
-34.4195016926
-26.7637226366
-20.9486853116
10.230948667
-27.3735354111
-18.4572032556
-16.0392608556
18.2384787068
59.6307881182
-34.7703591034
-6.96428572862
8.8722563951
-10.1464012941
13.0479702453
32.1697741066
-29.2714151186
53.5160216475
53.3677090211
29.9349206712
-3.79046198712
17.3990060184
-7.06481137636
-10.1431362995
-28.3537113971
-2.05301583356
1.56035613183
-14.6016444254
-48.1793883796
-55.2670059415
-39.7883112616
0.760668139716
2.26148057258
50.7944424794
-95.7640562484
-29.3934034032
-8.02740916127
18.2453650162
38.4895631497
-36.856185088
67.1011454096
6.99563046865
4.96183122066
8.21689771137
-23.4331518163
-40.3868245746
57.7081571042
-3.03641226658
-24.3063931583
-10.3927352299
-6.10579150421
15.2564735184
-18.8286142903
-15.4239838982
2.07683727994
-82.8666442136
-11.6849781964
27.4860907796
-58.5241661446
-16.7070165246
-21.2342382655
-4.76925771067
-5.62216079128
32.6844031422
22.3666445727
18.693008136
16.6780920727
-6.66028668127
-42.1603243009
-6.99065562024
-9.67814263963
59.931246403
-23.1369876761
25.0995221362
-19.7781237227
-21.8190456856
-5.65732419108
1.51138039314
14.0755429028
15.8792768615
26.2192305287
25.7268812528
-10.1284290824
11.633550073
2.66625094245
2.58860053301
-6.65285081555
26.4072481869
-16.0532190732
34.3678268566
-60.3265088075
-49.3760352851
-32.588696301
-33.79996053
-0.40895938359
-9.21191904805
-1.19949999189
-0.645255636727
11.7456598921
26.9247429894
2.23756908869
4.65778572077
-19.9109780165
13.6142064835
19.707042763
1.10175363849
19.3420460311
31.3729430146
4.1230449858
-14.0660665596
-62.1683003113
-54.4125309751
31.1721676546
26.7544579878
-6.25537154453
-0.420759732097
-43.442535139
-24.4054955154
-17.3149539369
50.1868298265
16.9354512459
-19.9650456844
41.5681396291
10.2732176328
-47.8958895872
-74.7794206341
11.0276343024
56.16487346
14.7240367053
10.4948420985
7.47653905155
-21.6775016109
-78.857970428
-12.9862638568
9.5412828765
-5.40321882789
48.8852840503
-13.5393576855
41.6927364701
-9.01339404352
20.0768391693
63.274600533
-55.750054563
42.2996321024
-39.6476810593
29.2449510617
-12.3429960481
15.4371365437
-16.6612222907
-24.165183197
-48.567630599
-12.509572259
43.5392756711
-39.3245822133
1.9856189107
34.1735843152
5.67080768347
-0.699050662493
26.1962680718
-3.95276508872
15.002581276
-13.6162029418
3.79319418614
-25.5292564517
37.7798719521
-1.01455977689
8.04972909006
0.32029583883
46.7716598309
52.0355205631
-23.3745567326
-2.70204901965
-14.102548
34.8160849978
-50.2639581874
-29.7222930443
-12.0335285626
5.03197501853
4.79844351168
-24.1329987044
-6.31225499993
-11.0022082149
-16.3736721957
-15.3224213505
42.6464405953
-38.4700520099
-25.0184188639
-88.7047960659
-32.0460168533
-10.7622252205
-0.509075884362
-45.9831093387
-22.5160087288
-86.3053524449
16.188505024
46.413700309
35.9913771787
-72.283137616
12.764929923
45.5998337488
30.349309939
60.7812545258
-5.31498044379
16.5771337752
-18.0398836161
-52.0635154064
-8.9239377094
7.91918055196
-43.131263594
14.2394195553
9.52032347037
-20.9300440952
-25.0961378864
0.569235605951
55.6708705147
-27.8216313663
-17.3106462518
-15.6739737991
-23.2670803589
26.1475386827
-26.4049112588
2.94445573055
49.4341043123
6.11216234377
38.1141678525
-52.6127005813
9.78412175247
-13.9942833449
49.1486604072
-84.1676640092
52.2316964443
-13.1875930414
-27.5264742748
-15.3609694962
14.1701739868
52.1735100819
33.6641952814
-23.7123305206
-17.3105912782
-46.6866314016
-4.29306134518
-64.5970624823
-2.54821776588
19.8444532145
6.22868157871
4.38222072094
-17.4416158112
1.70368536423
-4.55982969044
10.0241018625
-0.436213885509
-8.36613547803
-6.53730090846
-16.0163305761
20.6889462704
-17.1840986099
49.0102324733
11.1296570597
-35.6197449414
-21.9728854062
27.5373387102
-21.3807555389
-30.4912063517
-18.1117259123
-6.3076124321
4.76184856842
6.6739268053
41.5314392902
43.3423052458
-19.8671287231
-39.7068438989
50.3206197014
0.053820786081
57.3963225471
-12.2137358413
20.7445290717
2.44468467095
-44.5513745799
-39.1744627961
-12.7084220145
-12.0733429324
-1.93330543104
18.9745943312
-17.8850692111
-8.40918277424
6.60899244209
-53.1791572252
8.18392830056
-1.04447659154
52.5297518164
-16.6317023509
-22.4653398619
21.8297892196
20.6093207519
-23.6164903481
-34.1566991818
12.7205748113
-42.1495681163
33.1605801676
40.0660824083
-36.88005385
-21.0223890356
30.5250557054
20.5823782647
28.1392624612
-2.41791632892
-51.3846406252
-57.5102859445
-24.2106693075
-10.2717766712
-28.3210761927
-4.71677008614
-23.4780859769
29.3060778329
-26.8093963666
19.7017437908
-1.73171040001
-53.2743185245
31.12719493
5.55890258178
-21.5784388411
47.4753782606
66.9751390936
-7.77699979495
23.7933292982
-32.2772943156
41.5983959152
-25.5679369131
-46.8295123374
-28.0294983275
-32.6285714371
-21.0119590368
8.04623932779
-60.2822341287
41.5731395736
35.2704237222
-45.1170377276
32.498071371
-0.193677596057
-3.02176928552
35.6912338315
65.7713249165
-24.7511112574
32.3066161267
-31.2323621306
29.3880633659
-0.936240483878
-41.6878288248
30.2403651799
-31.9839176127
-34.6827312066
-5.02750332715
-33.9435279512
-56.6303214494
-21.0350339602
-14.8525724301
-5.2879247057
-42.3703183538
66.8549544614
-29.6380777269
35.9181946388
37.2970911309
47.1395618177
-18.9057467117
-15.1197898799
28.6750196961
-53.1288095819
-13.1177662057
30.3589414675
-19.2548352752
-41.4432176376
-18.1689175664
-19.3167509143
-73.8452178757
34.596929579
24.8984294972
-53.1896971403
-14.4451668412
11.0696259683
8.63897382202
-51.1451181776
-0.799870832131
25.0838174479
16.7094200771
6.50611663878
-16.0864879231
6.85491427774
-42.1894487975
3.16133805256
19.9260579694
0.936587299242
14.0202372739
1.98857834192
-4.7792800835
7.88118745186
-19.680727504
-43.0520637045
-14.6447732732
11.9411390384
-4.29395404232
13.268368331
-8.46521068422
-10.9239586517
-10.6105740969
-45.2389280194
71.3667302318
-27.2731813336
50.4906474189
38.7847968909
17.0522138041
8.69232683522
13.1889464925
8.88505055497
8.71708445392
-13.8595490355
34.099963581
1.02938136818
-39.9276139138
59.7920478733
5.10565997804
8.16043279845
-22.1189606127
-66.8523389662
54.8543954311
-51.2985499313
-14.3071038064
34.5506515139
10.7703618819
45.4322464962
-0.634900629716
-0.670290921028
-2.29433961481
22.0944008983
0.933595311723
-25.3681242621
-35.2109998209
-15.0817502126
26.7394875956
6.42098233273
-51.4613333444
41.9055554177
24.2841665116
11.1239688131
36.518590854
32.520717818
-24.2959100099
-62.5323759651
8.61891845499
-24.9099496403
-21.8739291481
9.62916438022
-39.7972664501
-12.9768511017
-39.5589757928
18.8242603237
-57.3169360348
-42.7801902402
42.2480495767
2.3077471698
-63.7559616631
-75.7393030085
-13.6752972825
-9.32340101013
30.3313089929
40.4319961869
-16.5760602847
15.0757632593
-2.84430711282
-7.80766583241
-0.905366733346
8.76912278474
15.7114295616
25.8301666715
57.5339560678
-0.121977813932
-24.8061828191
7.55382377052
-21.1172077165
19.0720308712
-24.4982388417
21.4121968734
-31.7393554494
2.20583406741
-21.1529322271
-9.24438341305
-26.6842410954
-35.5732242141
-45.5273088734
-52.182297593
-21.5509946199
-20.2010180491
-1.67163524623
1.26438172165
9.96828047207
23.3892496862
-33.4375678648
-6.50849778331
-31.6198179057
13.0182817965
41.146729144
27.8558492499
35.6582790539
-35.1840776725
-61.553329395
35.0246781375
48.5612377321
9.33690293297
-36.5901607927
-27.2918921138
-7.14644383126
-20.3364964877
-4.52392985382
-8.65380673613
-10.3813686994
2.93330844836
47.7084007248
-53.1568997775
-26.7534024811
14.4544561284
-26.7209420641
5.47706228447
10.5133467079
-17.7664108771
-50.5636642615
4.04886864203
-28.1203753785
40.4060719492
10.2590756771
72.485841539
7.64361060096
-0.420817528449
10.7022292356
-13.6322930191
10.7767229977
-62.8126976144
-43.8820766719
32.4717232542
24.366586556
-1.77541135204
21.8994193708
-7.86467427802
7.11528464709
3.65237614206
-28.8497183693
18.6403350655
5.82043282272
17.8876897089
13.0125551975
-25.0034487509
94.93148218
-3.97613820567
-14.9944455886
49.4700785497
-4.89467266663
30.8751501207
46.3418664387
-34.8992255551
-12.6974322874
-48.5989209621
-60.1349451289
-9.06093147859
-2.54832137225
20.7086414014
8.82255571851
4.48694778361
42.7512093065
3.41494156789
-22.4084371182
-6.35336693513
15.3113962959
-7.17347772744
56.283221372
-24.2236417099
-30.4302416694
18.2761741111
29.9872320198
25.2178968587
-10.4505688503
-0.913832470382
-45.9911906923
3.95952865478
-10.7743045929
-7.79678370902
31.2249252189
-14.4690145812
13.6579009589
-19.2452884553
1.23642176737
26.2778018966
77.6547635737
55.5002779904
-56.424065412
-41.8888230671
22.2628299171
-52.0482467894
-23.5994603897
24.3231299701
-46.1816664713
0.743786262151
-4.94881746704
18.7466283068
10.7167816849
-24.5859666481
0.636183359236
8.73881961822
-22.6208732217
6.05665322005
-14.7800669773
16.2907189783
7.94535187417
18.1251818194
3.20028867906
-16.2541959972
-7.75340713134
18.7096089646
65.7862307994
-25.2112040753
5.01298460851
14.8350882139
-37.8358424444
-45.9376968176
16.8069308367
3.79089332777
30.3021636855
-85.0348331278
25.182330611
8.23548385989
-13.7232935448
41.743527495
-13.6251415259
-9.94092670364
68.4554446025
-15.2380043917
22.9139844231
5.94573069136
-3.16147704408
-49.009151183
42.0644034356
-19.7571627825
-23.9739987253
-19.2190298526
20.02893184
-40.1081090558
-20.5210412445
10.0168707429
-7.32874019114
-27.6643593273
16.9883111462
8.05597296946
-3.22530541654
1.70139585411
-21.1061169776
-22.4367172326
-84.9249176454
7.64039770241
-6.23957944926
54.4687963999
8.67098227453
34.2025570269
16.2610221419
33.2096036385
27.204924841
-30.1750748151
-26.8921403471
2.66597871293
3.88753415115
-66.3315775219
15.5553106918
-9.10529801689
63.5784245228
-4.27499156196
-2.0351539955
27.347375784
8.98758263624
23.1832493536
-41.1082511875
74.214766706
24.6120793116
11.3059474399
-13.7543816102
-5.96282747604
-19.4865121699
24.5715397658
2.06583749835
-2.31095211784
1.71527353845
-40.3954018219
-0.969024432873
18.7336170506
6.03641265752
49.227184261
-13.6882947232
5.91588403943
3.84602348463
24.9743613918
38.6686262119
-7.81299638129
12.902449975
-52.9917768033
-11.1312726245
-75.6732982698
24.6130754185
-10.2598289046
-30.3226598887
-3.48689727532
17.6358173229
-42.376641573
8.16007595717
32.7345648853
4.36444530848
-29.0501484673
21.4956818953
-7.41856381814
-2.25739407496
7.57482975836
14.6043272751
22.2771804203
-13.7623698357
32.9410610317
59.4849387968
3.06632578067
-63.9943433471
1.07471892309
-27.7246585559
-13.2515950076
9.42329342594
-60.623468826
10.8888659068
-40.2441889735
-3.96582630719
63.5805068011
-55.2841615172
4.83364975605
38.5424300026
-0.201566953041
-42.155328434
40.6480456971
-52.9528807579
-24.3591828328
-5.77664103703
-19.9657733155
-2.04123406417
34.7534621205
-15.0103020986
-0.407293320642
-71.0001698503
61.8524013044
29.2765290948
-83.2436019959
-17.9397022135
3.219007561
-22.8009224195
5.98337087326
-61.0480465513
-28.6312856632
-7.13238797828
16.0774696199
-37.2924666844
-1.96152521497
64.5087143414
66.1257451123
-54.318378238
-74.8327271986
-14.4632678012
-26.4386283322
-44.7516323036
20.9286233095
-23.515706116
-17.8099922884
-6.8805426301
-31.0310791674
-18.16582913
-30.3174867601
22.2287767956
-1.51588208837
39.6797589604
-2.19805987682
-41.1825637043
-31.9071839145
-5.40527073186
-14.1007505309
14.0349535512
9.14168080254
-63.7258684229
-19.7105136117
18.0162545053
29.5402146583
27.3638260199
-15.6903420143
-43.9526060394
-33.2151134363
12.6684320661
-65.0234184785
-4.63606596556
-36.4625383024
-8.4262039561
32.4803211945
-36.6339574226
12.3756926782
5.89735778618
-26.7700564452
-31.0948579091
-12.2740769106
-17.2465081155
19.8928000731
15.8173094608
-38.7302753846
-28.5868936816
24.5726741978
24.4922788492
-29.4319770334
19.7966856997
34.3222993347
20.4984223124
-13.5568117479
-40.5573105725
22.2056942253
-26.225552235
-8.79870145361
7.07690748035
-30.3250240352
8.0492486927
28.6119363767
54.2914110521
-41.7990453389
-39.4499473482
-35.6216305277
16.5192267901
38.8491143007
-34.4605564416
-11.4032599766
57.1515134682
25.2492766094
32.6500942558
-8.72528741914
19.0842850186
33.0004144685
-38.1979596245
-7.45186561081
15.9566845715
12.7315573981
-60.98955836
19.1750063266
10.4687393579
0.921907078152
6.91042519164
30.4958990082
-60.6712875292
-36.1988898013
-5.03977289328
-15.1096852806
-6.02187515112
-32.0444853181
-59.1761987265
17.6801812141
39.1666344223
16.3377335702
13.0197318847
72.2650281445
-30.4344445795
2.43033725279
-31.7399198612
-4.34003549682
69.1445396435
29.2954020464
-32.6738432447
-7.51374972365
-18.9561269191
-36.1866941922
6.68803532475
19.2809257154
-8.37253176389
21.8423371764
22.2825390775
5.31777214822
11.5244666834
-7.3186723616
-34.8315359443
-57.9405372062
-11.062985048
-4.03303790506
28.5829965164
31.9906910237
-17.1539474056
35.6584417677
24.4207680656
-1.51568293836
5.96104579861
-2.72151930469
-11.3361762298
-16.3187334493
-2.61832041611
36.0450162681
-7.63109054703
3.21075382306
12.8890108736
5.30331795388
-50.1614621477
5.91755821254
-3.95996765311
-4.7482616314
-10.188390344
-2.7123446302
29.5424907998
-33.9206319167
19.8879145332
19.2684211671
16.2018921895
-8.98644367233
-20.4241543307
18.3788636815
4.87450859719
20.3018598485
14.606511007
49.8745502225
-23.6596836157
-16.9763319623
-27.1331443324
48.5856699706
-24.154936808
-42.488734683
34.5114420358
-1.1188472282
43.2552083439
6.86549069834
12.1053947512
-60.7057704904
11.0921176664
-57.7341477541
-7.64643266982
11.3527434266
-50.6299071739
7.67300964965
20.7855388987
-4.87304531391
-11.5045073573
17.2361379431
-42.9972251467
35.6977701418
15.3228856358
23.4946978897
-11.0700117221
31.8183936972
92.0814511438
-10.9058446944
58.2798685903
-13.714652544
35.340597868
16.8778834875
2.98328619929
4.22895598355
-18.9335379656
-48.9779958456
33.2253189406
-63.8842911283
-57.795700059
28.6784226898
-57.0837528169
0.819822393032
-26.7594187617
-30.8379452289
-36.9293917753
22.1224854419
13.491924298
-60.6770638733
3.20353079435
-1.11724627208
-30.3314106686
-9.952808069
-28.2076723842
-3.2127583743
-12.1796711437
-14.0484195398
31.1997724721
-0.817629388131
21.4482401262
-16.8915930883
9.84819625893
-7.22967534372
20.6544056349
22.7336536196
-20.8559997984
-6.22256511907
-7.56894366934
-7.68474539521
-19.4478162338
46.2669090054
27.7781425666
24.3918696428
22.3140192314
41.1253860033
-60.6770227351
15.4242312793
-15.4001176185
-23.0102972525
40.2586406926
19.2967916975
3.59375468681
53.5311480875
12.9076082665
32.9966704549
4.51012640739
19.140452684
-3.45585339292
39.6143268973
-39.2392743967
-21.5540106634
-3.90815661179
6.61381492007
-2.61374379937
-18.051638442
18.35002848
-16.4133999614
-44.7558117425
-26.1299824169
-4.01448264459
4.47244431426
-34.4593891771
21.6480409196
24.8321706743
-3.64956485771
-11.9795438029
-15.0476186432
15.6287884668
7.02792217024
-36.5616057151
-26.9017286461
16.2614053811
-26.0824737461
1.95967850367
16.8875359029
6.01326543374
-13.369615184
20.0184647398
34.080664194
-33.4436236911
-4.98791269189
9.94005891777
-24.6981423667
8.37233370647
-29.6527485137
-32.9251359587
21.8924592551
-26.8498781159
-31.2997699321
-9.19733577635
-36.9385064091
-29.491658568
-11.6173048168
9.64999915513
34.6472043415
-50.5367966128
22.7318966369
9.53800411768
39.8803021467
47.9265069184
-39.5523718543
-5.94959937079
5.79665541246
-37.2440559053
-2.20828427504
-13.8555160946
57.1424215386
-24.5667549053
26.2782844961
18.9215516234
32.0704906316
30.7637049432
0.906017870693
-6.08942735936
-0.349105873836
-8.53082518852
-7.97047405598
51.4376006477
-49.1901101762
-33.6765045753
-17.2132673146
-0.00897844152303
31.2724290611
46.543962445
3.03885575863
19.5136343891
-31.1808880549
-14.9405329321
-51.1299744699
-92.8418261432
10.5465368893
18.4096372101
38.6824574927
47.8327505668
16.8414378694
-7.15235286524
4.06941160587
-30.1105189294
-42.0044064382
73.9616176138
17.8331953708
-53.3931055822
4.00861638459
-28.6362407995
-34.4400603733
-30.0810892726
0.861402542022
-3.069701055
-8.08296590897
52.4699210401
12.7065839818
46.3621030126
-28.3472559337
11.7667506935
-23.5124822046
-28.8625297895
-37.3934300758
7.53659264806
-71.3477804237
2.75283778162
-12.806478246
51.6986297323
-60.7200878124
-35.3426791318
-84.0126003019
-37.7251268152
0.450179299633
47.1877387725
10.3246928785
-4.10461276426
-15.846112486
16.2773208369
0.421503965793
-13.0874484278
5.19133002485
-42.2715806908
19.5841924331
-3.69309291232
57.5525398913
-62.9702804059
-31.301486462
-4.09390273479
7.79835784299
-15.5055648663
-21.8267092813
-20.1969670534
25.1537722901
-16.573603825
-7.76488313039
-11.1908202948
-57.1019204853
17.582898391
-37.1680468062
-2.6256063813
-15.9817835552
-17.5984740902
44.0404658612
-32.847150705
-10.7186390905
14.8217662029
-16.6149391969
-13.9937467163
-14.2120739937
27.7092031984
-6.44888662023
17.113942018
0.247449030731
-35.9574570121
-59.7932341001
-38.0426280828
32.4675553228
4.33343345474
3.26196609162
53.4326752028
7.68409121011
-21.249855682
15.6126713576
-33.3700587259
65.6588713356
43.7435319533
-16.0502685819
-3.27443701066
-43.0226332219
23.44220347
-15.4568775914
26.6627420176
-7.49985743132
-43.5790461024
18.2891243209
47.3826648623
-23.2047249637
9.36305606804
18.1242104627
0.97368232631
-54.819092975
-3.15475885909
20.0435342607
-21.5405920066
9.86278083502
-34.9775143645
30.6247101308
19.3082883002
18.376637789
-33.0124702925
19.1083274939
11.812285627
40.601887162
-44.937924188
-10.9051018368
-9.85216666106
29.8693914812
10.5984449786
15.3511612384
10.041150883
5.38442343146
67.2364780953
23.0825065241
-37.2966966783
5.82560497667
47.0666120818
-30.2690456455
23.6776168955
-19.4365123532
1.27345683757
-33.3140175567
12.3524786781
-58.7986132836
-21.0008618525
-37.6827544771
32.5171308429
-26.6265007553
-18.9944841039
33.0982963994
-50.7366017038
22.6788344871
-30.126564505
-34.5334098687
11.8247815546
-20.4216528719
38.3800630846
-1.22255206365
6.58293296077
21.6292504736
-23.1058894459
22.4550876751
21.2653902522
-49.7084541732
-22.5767103042
25.9602437565
47.6894305761
49.3352211153
32.8678796616
-10.562737257
14.7568842636
-16.3478129027
-6.18121583683
1.28815862291
-44.8139753685
32.8548010092
-0.664061521074
37.2789198944
-60.6067916055
10.5753980561
-24.4932853047
-20.8720296351
8.92520607285
3.56020405421
29.3801970617
-56.1715975634
41.2913909951
-6.48898475426
12.7455486513
2.80138501799
-25.04612094
-0.557365738316
35.4298986124
-41.6736380852
-13.5805407022
43.4958962251
-4.9032319283
5.40865613001
-13.6670491814
-43.1264604763
11.8708294545
-47.8069970405
17.2417663702
34.0979060838
48.3637930124
-60.6451238915
16.3449509082
1.67541742896
-51.7690236319
44.7636864386
17.1068599114
-14.4932947515
31.4762826131
36.1776174835
14.7667661222
-53.1853886501
0.770674357091
9.05419498705
15.3371643558
-26.1560816465
-20.0945397642
-8.18388112092
3.26277085177
-56.9778773723
31.6822927366
-34.1956582215
-7.65624455998
-12.4413604513
-14.8722505678
2.40803492181
9.7852922686
65.5641191428
36.2300962519
-7.7091512523
-69.711479094
-20.1000405851
-43.5230596448
58.3528075553
37.5943882774
-26.9959308558
-43.2661605355
-5.6501176349
-29.2598723125
28.0858593249
-31.1025245876
11.3556436487
-10.6358497428
-44.4862571996
47.9167307413
-52.3087315793
2.1909814938
-36.8002056591
5.21440668959
-8.76355935688
-18.9443842446
-28.188061419
-30.1755926195
-38.7616417661
27.1338378334
-31.6377304338
-29.86100038
10.2495738867
-2.23917694885
50.0631812067
-3.13150101488
-45.865152515
-31.6057434973
9.07147406254
8.13627841976
-1.42651700579
-33.1636804575
-14.200888816
-18.2542499604
30.5616759894
-26.9278269459
-24.2663448389
15.4399107927
-38.1689461155
-85.2263846547
-16.7762367067
53.1157012684
10.4777938946
-57.8597816377
-50.9237676786
-36.4947982965
40.6356326459
-1.61677108761
-26.6827076117
14.1253254491
-43.8129775028
53.2881256757
-17.6077451156
23.9551929971
3.29135884502
-79.5144467117
-19.3916694839
21.044429277
-23.4523384048
22.4731089338
-6.18560411586
-28.9687697162
-27.2489343118
-59.2799203725
13.2049156654
-4.98149703201
-0.802015078981
32.0883878414
3.11138585355
-6.8755473403
10.532649536
-32.2984283622
18.3168052992
-55.839736729
15.3270392531
-70.1061598165
18.40073759
-70.9017816748
-53.2035117449
9.77515847046
6.20884859828
-14.1256549635
3.25343318962
31.2785612263
29.0311854886
26.6854499982
21.7281293154
72.1167362698
-30.4858130751
13.2585617652
-10.4853263657
-8.43850172791
-21.7095988233
8.20179654131
17.3747482796
-14.3177012356
-17.9465670133
-4.9584614794
38.2855276383
24.8370050645
-13.9617668364
-23.768416659
70.0821812422
67.6588223963
-15.2914276765
53.2205763691
17.5280746429
-16.3861307383
24.9115682586
-18.6601202186
-15.6457489683
-10.2312754136
-35.8048902646
-24.9126331696
-11.0231926358
-35.078939279
26.7565131744
-39.5690376766
-18.2397551353
-11.3792424944
30.3663075522
48.1194986047
-11.1570718903
-14.8746612683
-2.93265878382
5.44004309191
16.5198055856
-25.3722352599
31.9279888373
1.82174664596
-17.1872585065
-25.888743702
16.8580129408
9.6669984422
-65.6391591889
-35.1149532863
35.5190223665
-9.19615551423
7.83283358961
-14.1573767702
9.74063309567
10.9335976455
-39.6816527596
-50.3325291758
50.6646392593
8.31301511187
-27.2119190055
-10.7158453031
-5.60814144629
40.910485582
35.7117494303
41.2447712868
-21.8296434739
-15.0344863141
-18.4549904883
-13.0144328317
-42.2594138002
3.26660845982
-7.68461032698
64.4063876284
25.7713235429
25.5912267399
2.52900803107
-31.1756308429
25.3110805208
-50.5199327587
28.2222584093
47.0810575954
1.30488677329
-9.5676318479
25.9562471965
6.75477243209
-42.5597055774
29.826414128
49.5493009288
-24.3340675661
14.5525230955
12.4011571385
0.0306478742821
-26.0022196193
24.4685654826
27.8509714273
-29.5348677203
21.4475634037
7.52763552168
1.5426215528
8.92391831216
-13.2957832943
-7.89992930335
13.7401946277
12.8568497932
17.8912929884
26.4161254827
-6.37817759821
-4.69928045499
-24.0360520995
49.4490222958
-53.5082968379
34.2865403734
-72.6526542289
-19.0804401584
47.8762393281
-13.2722990472
26.3638884238
53.9624204423
-37.1543678905
22.5976163238
29.5448079603
87.4007460687
54.7446330043
0.0437790477287
0.226236264764
-3.063868793
6.23783627001
23.5480290486
13.5279830906
-51.8159558416
23.643740907
-14.9726720636
23.8256446096
-43.4947074978
-29.5755895775
11.3020959724
-59.2392838802
23.6961622983
-25.6663193086
10.9430581435
-18.4865260159
3.13470165844
5.02896647808
4.72723922941
39.337986069
-30.3971244224
-50.9533238699
-72.1578698579
-33.2750155881
-56.8501649321
68.8323633078
21.6296361623
-58.6884740207
3.19713703494
-10.534861915
3.21280438819
19.4112411422
7.86190025814
1.8858919908
-26.6866130262
36.6902965458
20.7977582987
5.33982809219
-37.8611559745
-38.1214480715
-5.10569786427
-1.64336083492
-26.7468443491
-44.7421635702
0.157592486314
-2.4064122888
-28.3089764473
3.67057908494
-0.468676616427
-28.8563263431
-45.7858410311
10.8717270877
-32.2916891155
-25.1500637744
29.5663204676
-41.404996746
-46.6932549094
-5.92564902233
7.50442603923
-24.5669971036
-16.4588693464
-14.957241184
-66.6103502279
-20.925996563
26.9039123776
-10.3110545726
-8.01262747886
19.8465225725
-10.9552195862
9.11091425542
10.9309958678
-7.07786673964
-16.1315162473
-8.07628273471
-11.6528484371
41.888446643
37.6080810967
38.3445850074
29.4136378792
9.94343714166
9.12560843694
60.6761525535
-13.5249580472
-27.9634639205
-46.2617253545
20.2042558308
-5.80996531506
-33.3234601969
-24.6405600823
-18.2314438593
69.0058607888
-39.4517147192
-22.7023335294
-7.81013482303
14.0845945776
49.8871117365
0.468333041136
-24.2104245228
16.2817522562
21.9924441044
-17.3501491826
-19.1509228391
-31.1540586182
-54.5073609181
27.6699102916
-32.0886635229
11.0523736738
-22.675139379
-10.0239801639
-9.61973644476
-0.124672773935
-13.4412828858
-15.9484859104
30.9409650936
18.881123202
-24.8955027021
-25.6489549622
-19.5467145205
-57.5583007221
-29.472716609
15.3841623875
-1.50554920447
-4.08099184371
8.46114306908
-21.43235526
-11.6385923149
23.6228744767
38.3526257864
6.90629842763
28.1200519127
-14.7179151429
-37.4851970111
25.1526968549
-43.9201799873
1.2110621631
18.6504987203
31.4185793901
-14.8820269378
-11.516741142
1.45655973648
-48.7615242765
22.2781028168
-20.7488522402
-17.0164673794
-49.5514293331
38.593798792
40.0786963856
-49.7968827518
-1.79638139036
15.1642523223
-1.31356509845
-44.4794107481
-29.7809235899
-43.2110806957
-9.65620748892
-0.851629900771
-15.0265517344
34.5989649292
-55.0439458198
66.3930780221
-25.6087955569
37.8700202625
36.7941849474
-45.3220844849
60.0564156908
62.9078249657
61.3405175433
11.1290717691
13.195202739
-27.1190889857
-30.2280197084
8.5979132697
-9.92402839321
11.1397573897
-42.0472978296
-16.7615456422
-13.683572698
46.9657062991
6.6843627211
32.6489711647
-29.6343952749
-1.93487831582
-3.0949734937
-46.0415183053
-33.8508278656
23.0690543052
-29.2503848259
-39.6522878783
-38.4189587817
0.258527329895
-17.3637942373
69.5450036146
46.4334021294
-45.9348959382
16.7810195988
-4.38437158027
24.6846332206
37.4202387099
-20.6320030126
-13.9870527972
-46.375010402
10.5619838704
32.6042641539
-5.30531263494
-3.96362410324
-44.8254675385
3.48057399959
-26.2872201844
53.5551699393
25.7537058204
36.4119201113
-52.345105086
-20.6420041655
-51.1039076145
-44.9625422039
-20.5641875683
-36.4706999692
-4.77330571925
35.6020661742
3.97183291169
-7.85864200718
-0.270555699417
-19.7024954284
-27.4877206928
-11.6144481751
19.5107654686
-39.9961995888
5.20597733821
18.7060233524
-8.92423913771
32.0812795512
38.5046555435
-43.5609118466
30.7069357658
-5.91786629099
32.5844682821
-5.41562316778
40.4885100703
3.17742162009
25.1962937323
-45.2623400749
0.0397489332259
-59.2837081267
-65.076825076
4.6983424539
-36.6588029351
4.37805825821
22.5609764565
6.18745655857
-1.70743395946
29.1343547538
18.1242734119
51.4106804197
-3.75436144552
10.2825990858
99.2264499281
-20.0236299594
-13.3994778006
-44.4790935716
-26.7703188206
46.5429004158
-17.1583896847
7.2074735584
14.2394501532
-3.29258768938
-54.5348497189
51.202313728
-20.8082498863
47.1232317252
-46.2609148608
48.741378003
9.05180722449
19.0622474371
-43.3976093097
37.14091353
61.5648918659
-26.6566077373
-27.5499963987
-22.0145222124
-9.80480216703
-11.1220103829
-69.9497024361
-19.1509949738
25.4133799362
-46.0741145044
33.5445841619
-24.1178640752
55.465403514
9.70901085929
63.8526823207
-13.7702969291
-17.088765992
-2.09604936448
-43.9275032272
-13.1661693078
-22.1920340599
-23.8311148762
-67.8198262179
-0.764222058383
30.9550825792
-26.955535742
9.77514243597
56.0878540579
10.7078776382
35.4559329492
-44.9909949801
-52.9511216132
-11.7637116339
-11.3307268792
51.3335707661
3.02274261229
4.56358852876
-29.7922789901
-5.2327428505
-1.50672464718
1.03546486927
-20.0987664378
10.7487221271
24.5637433178
18.8244464092
-44.6544334743
-79.99243209
-8.76305309511
-0.47507875389
-18.4731731886
-1.66342717093
-23.5779120575
46.0003443313
66.7323982617
39.3933927056
-51.6608616003
4.2750339963
15.9384143531
-27.5892247303
35.5441980063
-10.3204931306
-36.4720480694
-32.8231322812
-8.49804101029
3.71637007176
24.4654238235
-20.4574999677
22.005898659
72.3970304582
-25.3833345079
-57.2800860962
-6.50674785129
-4.8433419987
16.3215547819
-11.4076245136
-0.828015857682
7.6492493615
-20.4339784905
4.50448616933
-39.2260078053
8.29060248952
-0.757607065265
3.2976400496
22.20500952
34.4320406873
25.3929817359
-74.4922704036
-5.45807345658
22.0405515726
-13.9493938568
1.36058802538
-15.9818142461
34.4385775972
11.2489938376
23.1058226666
23.893036851
-2.12099101468
8.93793785537
13.0920534346
28.142077999
-14.4412547791
9.05787799426
29.5002143899
11.025916234
44.8480105004
-33.0075203956
11.0669702662
10.0338822342
51.077163694
-28.9217302045
-6.84830149223
-0.424681585942
-35.8786724808
-9.32514430487
42.2893411263
-7.77018160982
-49.7982718263
18.3838189595
-20.2200390538
27.9663749191
19.0589970835
19.3083600133
27.2809373568
24.2518688129
-38.1485929334
27.6331950294
-42.3466489429
-37.3287454076
-12.0861524084
-11.9462743155
-37.132739465
-23.2441264031
-9.71922080437
36.666919666
49.9019723687
0.543189067393
4.89332152079
0.281615166118
-30.6883403304
-34.4224082797
2.88137376238
13.9923323435
6.77211376179
-5.20207116865
-14.8593023721
17.8480998616
45.3807525782
32.1545361359
21.6139002017
21.4729543694
-42.1708016999
-46.7389297678
25.1982912232
40.7881603704
-37.4331033438
-8.22914324597
9.44454243417
-0.972468395769
-45.3973962127
15.8157744064
24.8845381637
5.40386889986
9.95097213276
-13.0965918146
-14.2558291354
-3.05164790813
9.47292281253
32.8564228729
12.194272011
53.6613487515
19.9556644317
1.8379869955
-4.47958169395
27.6173925011
1.37797182652
17.5254678696
-55.3847813883
44.1928299432
-8.98999790087
68.6498464037
13.522051561
24.7000302452
8.71222886677
28.7238644719
29.3140539483
-31.3646819798
-21.4380979872
-15.6887316178
41.2024895937
47.7778460206
34.5491572416
-51.0471991597
36.1208615008
-8.20845792301
10.4391361295
58.9472986899
16.8437417835
3.17660514155
42.4876072683
-40.5487144356
-32.1472951639
-20.3903861275
53.2196053668
-5.14693657919
-18.2506639044
4.99257127844
22.6831480371
46.6280817305
-69.0587145926
-37.7893082028
-40.0063569574
17.3582082031
-6.6171409724
10.2042657764
14.5530369766
-18.348709085
-33.9084155494
-16.6107601782
-16.5522917805
-20.0089009269
-17.9690579515
15.3162400826
11.9911502571
56.4244471385
36.6251293523
6.7616172292
-8.84165460242
-31.9253640852
29.0940234367
-66.2490393234
-0.0759607635203
-16.6061723928
-7.29721239136
11.2863028469
27.7080103535
2.86283223607
-22.288749405
-40.9631544148
16.8588337841
-22.8222558377
29.4691203839
21.7006399341
-48.3238830847
10.2315770894
20.0631540138
2.64234881191
14.4358374268
-21.4800416257
-1.91830474201
2.47805644291
-25.2585316262
-3.8819312104
2.63906693419
-19.6792301123
15.9466882637
29.2251238585
-32.545224323
-22.2307895895
2.99578176313
-17.613267311
-33.7340424086
-44.7876811923
18.8858637669
5.62805951632
7.77186887756
17.424932601
-17.7819579973
40.6676053015
22.8951325743
14.8048678209
55.4587852921
-17.4830051974
-4.07517636854
-2.06205058263
-4.47799441019
5.61064223861
-22.5711839505
5.61303966789
23.7940242562
-42.6241348276
63.7101502188
29.3872381541
6.42721183344
16.312586432
-9.42278487106
-20.0776457826
40.4206893424
55.7752288982
-34.1834645188
25.3585192605
-35.2968868486
-49.2295568901
-25.8752707744
10.5424158939
