-5.97509678855
-9.33293923205
-6.94220207942
-20.3910772285
-12.5561420738
37.2810365435
13.9615934057
-33.1500128466
1.68341958286
-26.9647828627
35.5476118739
-3.85094466166
-20.8261617687
21.630859077
21.7647491808
14.9649044325
11.1667701016
-6.20744975681
-12.4042178801
29.0388754781
29.04498156
-23.6225330418
-0.590360031935
-16.6642998138
17.0206714624
2.56950112973
17.6579109609
-17.0585221635
15.7386755753
-11.6941857535
-15.3879667535
-4.05464644357
-7.63775495941
-19.9111003591
-26.1338387948
12.6017625996
-3.71253912811
6.37122600372
-44.8975316875
16.0786185906
-24.9228407062
-6.10300720402
32.0016826224
-2.80240001586
-10.1953778268
2.36992116653
0.387881316169
30.4915245418
26.9324730617
-0.40841676655
1.61926982603
-23.266967889
7.64740700065
-1.88005605196
10.2002576375
35.7939577819
-11.7238323118
-30.0728179229
-0.115392276541
-11.5526965207
2.81092883284
-11.5157100941
-29.2982447433
14.5951025852
26.7791827877
24.5710310234
23.6319872917
1.9774901597
13.0560497051
-16.9491677819
-13.6447562652
-9.91161517221
5.18015071495
-32.0338536438
-25.2676127935
-36.1510410408
-37.2765758829
-0.469934254746
-8.90036133242
20.5336337517
1.1041912139
9.78599238978
0.439198529958
0.741293989574
-8.43946020795
9.13296568994
4.21363736064
-15.38567132
26.737737816
1.11829181155
6.33340369152
-8.75602773213
23.9619858103
1.85680329294
-30.8850289772
-16.19578412
22.8089602847
-2.10128678561
3.63417577655
0.984667739604
-16.1227917439
23.7072565077
-9.40451109471
18.8797393515
28.5332842759
12.7885388554
26.369388757
-4.60833863785
-39.9851099922
-15.8509428604
-6.34241868089
-3.54427635274
6.70518213702
-19.9180657819
-7.89663371521
-5.43884785497
17.3715308708
27.3873398179
5.85815426852
8.17758317667
-9.23318822314
8.48464271839
-3.67542994498
-6.68166570573
-6.18743678282
10.1299845584
-16.8211170112
8.6877123824
30.6809313247
-3.37421288442
36.0620507946
-8.51493548869
5.72407325913
0.428586473608
10.5951948766
-13.3042064702
15.5253508631
-10.9947516759
-36.6279080338
-5.14975471995
-13.5347191068
10.1932534131
-28.3010397147
-7.35390593252
16.4140872339
-4.90507651457
-10.1461640229
-26.267007662
-34.4251678628
5.21923480289
-10.4919533352
20.8436372879
-1.18729005363
-24.0578068241
21.6640312377
16.9832870855
18.3196866143
17.9992412554
5.84785031509
-0.717885064927
-8.8426969892
4.03986973347
-15.7933645405
4.39263309179
40.0505792021
28.2544692515
-32.4225067718
2.30542283722
-34.8597831682
-13.2550540897
6.52405563214
-10.6765944542
-21.6168128651
-10.2967479744
8.26068768491
1.74402290181
-37.994298861
-2.7997059176
35.0770336366
-44.3609960308
-42.7391388182
-42.110653034
-0.181059100484
-10.4484292578
-14.6204839675
-4.23524657259
-26.9638738254
0.767461721109
-10.1392349422
27.0841933256
14.2185342246
-6.86601622474
16.5981245587
30.7520969363
-4.31565330812
-22.1202308202
-13.6308443134
24.3516144598
-10.8155565521
-0.300235910281
18.2224459209
-4.99102757264
3.82374947695
14.4433856022
-29.6825442823
-16.4651311461
-12.0589455626
14.7853452681
-15.8550641013
3.35906251153
-3.72782781005
-8.31201591595
2.94684547091
-13.3502951195
12.6970380099
-10.5037538046
-9.88270463939
31.3511458643
0.889575476467
17.6316065735
4.02624464636
-30.9947125416
36.1398936973
-3.55410009843
-14.0157793891
0.189060519377
-27.1613173222
-5.043033656
12.4949682122
-6.01211164797
-11.6501491343
4.08059958076
-0.0761820679144
-15.442258868
-17.5183468395
11.8479327915
5.54385560026
5.14935626334
15.5783543152
-17.3937594323
-5.73252185692
19.291728682
-5.08541626824
0.486684907228
-7.962197874
16.3594564921
-22.8020744331
17.3190146428
9.85086366862
-30.4637213049
-19.2306906507
-42.5180557137
-8.42955770826
-6.84779647831
-13.3529651212
-23.3534788697
28.4467282313
-7.79626096604
-0.475894079416
-22.4839546084
20.3322498191
19.2436498069
-20.4888737328
-2.78337016675
-3.96999737297
17.1207756708
-9.75169164079
5.43342587858
-4.82695720885
-6.74622217556
-14.2642100139
-2.76034370962
-1.40829254603
-4.35497584521
-14.198797811
-7.99523757037
21.7875102823
-11.9295284094
5.55827924714
-19.6168806804
-2.7398012922
22.5235567788
-25.4277038733
-13.8379988584
-22.635560833
-15.4210256978
-3.80789204949
9.10990538447
-12.6225503476
9.20780530006
14.5520022813
3.31541052411
18.7872323104
-28.5638782095
-21.0094624425
0.812075458846
18.7994390342
-8.53823083393
2.61137662173
-11.8253567415
3.15430314586
-30.0820808274
15.8450641254
-25.1549288808
-51.9575786129
-2.10587003606
-23.6922262814
9.10807980317
-6.66163953782
-2.56076050332
7.13381856434
22.0464915656
-34.6533730401
-23.3685974452
-20.6916447245
2.44521251834
27.4911229424
15.5987575045
-55.6926877087
-21.5110521224
-22.0390440276
-28.7413539018
-7.44091928617
-22.5068054297
-14.9228441873
-21.9665142198
32.7416466077
-31.4810293824
-14.4624403476
-15.1962282772
6.44817802438
10.4030618826
-28.6564183656
-8.18957995088
-32.5421484149
-2.59763171759
15.3751488136
-35.4640458967
-0.0381558797967
8.43404257985
-23.219577474
27.5146780834
25.8967854296
-20.6626206986
5.07347233415
-23.1690503256
-12.1699387528
39.2309812655
13.780791909
36.9922511344
23.3649144746
-1.02074918936
-4.0339023622
-21.5251026136
-3.76377080619
-21.7714639866
0.66388248857
-7.80694974332
21.1339383092
13.0691978296
-23.3467265621
19.0976416685
-15.192459559
2.73468193481
-9.92453536348
-22.5840166151
12.9382290553
20.6323241129
5.45043384149
47.0641180271
-8.6263876531
23.9793827868
17.1729958016
-27.9273655684
9.94311989296
25.6643160181
-8.68318615742
-1.76165403496
-19.8396011498
17.4396886058
-4.23733168646
24.5061412606
-11.9945115651
34.1915234616
4.63390072191
9.55033519148
-0.304981939804
-8.78687627045
32.1954713261
-14.6304301222
1.90104532633
-21.5035132251
-15.8920403952
-1.727166122
30.7585700972
0.0566935637229
34.6816893411
-20.7329648611
7.07035799537
-10.41716227
4.36107060541
-29.0453028083
-29.0442882465
31.1308946188
28.2256948313
4.96695017285
22.8312206305
-25.271651419
-13.1699828842
-18.5491808203
7.4901809878
4.76650208701
10.5869420271
-0.172427518032
22.5240189469
10.6968887362
29.0685641717
23.7489948239
21.2283302448
2.76410085296
-7.59752964135
-7.6228698538
5.07408430603
-28.3325268336
12.6426505661
12.4845635059
-23.7843854882
14.3859204887
19.9259515149
47.7414575051
-17.0672541311
-7.79147672604
-9.02314720662
-27.5469672452
5.59569930803
-1.27999108185
0.511179950313
-10.7065919808
-0.464103378769
-1.62668705403
21.9773593914
6.83899355488
-15.1387013817
22.3300144793
30.5524054561
-1.18438171878
-9.56688831204
-16.7475432168
7.80825101213
-25.2664518242
24.5914647144
29.5078221325
-3.48032205259
50.5276787247
2.27208748039
-21.4355494669
41.901862087
17.3487331882
-4.14276942866
-35.4457908478
12.6361804949
0.656735032047
-1.16662560597
-6.36184925904
-4.79049443485
13.9357108027
16.2635021582
25.7834886783
-9.06776490243
-21.3856793075
0.83133835881
-3.90339869619
23.282103924
-7.50271579698
31.7278197019
-9.80709385107
4.53099734968
-7.90490210587
1.34562122514
-5.35004002483
-32.745604848
4.82428583083
-1.79640944345
-15.7526118293
-2.80091730946
-4.29231307248
-19.0940261929
-4.80064784607
-23.7184942612
-2.58292260485
14.6509003096
-12.8342551271
5.8842054452
3.87259067915
-12.8716607885
9.30174554323
3.02179247355
16.1361504374
-8.8296964397
-3.48608732822
-15.3082915768
4.24703141292
-7.82240197088
-14.9336021194
4.40990762904
11.5522719146
19.6143638714
-16.8122363296
-38.3277424397
-7.13034370229
9.56004135852
-0.607571513695
-28.4909331588
18.8738470461
4.59940787098
-5.13903224138
-38.8587517326
6.55667243142
3.99090794455
-30.8055500415
2.08665391697
10.095705564
26.8321919998
-12.4768771463
26.5287740711
-10.8733773022
15.4333431986
30.4278257017
9.92497632269
26.0744218043
4.07075113512
24.6233956993
38.7525071167
-3.77403947066
-7.62111430842
17.4607177108
12.1105219119
-6.97583581528
10.1875771776
12.0094637899
2.93518950876
17.1471024698
12.3406922973
8.87031135015
-15.2105357714
20.8488466123
-34.3053987847
32.7642156612
-15.705400271
44.400831058
-62.982990072
-13.7072657413
-28.4021495117
26.7291953058
21.3681948724
16.9048533477
23.868398459
-27.7821619338
-13.5329188309
-28.700114452
-15.8771297179
-12.6376933744
-4.36919425071
-18.8427140931
20.2947620709
-0.555275551625
-8.39289704027
23.0298454819
-20.7813343519
-19.3663758242
9.92865939288
-11.9366583156
-9.67302443868
38.8858791189
23.8814611103
-12.3815420642
-17.5392113193
6.34918232861
-24.5350106854
-12.4546184896
-8.94765608313
5.87600954872
23.9948434328
-6.74990830932
3.86381938571
-8.90475896976
21.6907776138
5.85939867622
4.38759506613
-11.6787443519
-8.86983895925
-11.5374110632
4.48897723604
8.36560449683
-12.5565949877
10.7956278512
-21.3657865817
-13.5547071807
8.77639963288
16.4117162642
-7.11166662641
22.6511510651
16.3462284022
-0.830097014662
-10.7142936695
14.143830884
3.15346042981
7.35449201064
21.4034640194
-14.5435288867
-28.6582558808
-14.8303074544
19.7426432255
-13.4211535875
3.15471825555
3.5728218708
8.87202541409
5.00913938793
14.7864295618
-11.660383921
-21.4752335306
10.2578849762
-31.836598115
-6.77293488099
-12.408239018
15.3029143891
-11.6423328274
0.515786221385
6.45718194461
5.62121553311
-5.33557151492
-3.42911930382
16.0253945735
4.66511823576
27.435628658
-4.75879154885
10.2288759319
38.0527120153
5.31179424218
21.8962791281
22.3324891478
-6.56739610442
-14.5418827127
-10.1591196636
2.57460157671
-4.12772963474
-3.21594621845
-0.434927944462
-18.2289418348
-23.2085709359
0.92038433545
23.3962781148
2.29159648761
-35.1965370024
24.9649029325
-10.7889471533
15.5846251038
-3.75558242713
19.8434608126
16.7604716372
-5.30438698109
23.453997355
-36.2477114708
-9.55787103009
-2.00001530194
31.3990344271
12.4087501277
7.34987488708
19.2937700589
-17.0564228435
-25.3007325389
-14.0278571243
-17.3086843936
-15.4373279557
25.8891103295
-10.0421055123
34.4454531226
-19.1634845013
-4.42157573521
34.8010125666
-13.1421602319
-0.241461250259
-9.68752644019
-8.95541196282
-13.8153300567
25.9049198757
1.63427455877
-12.7528533962
-2.43460656905
-1.10757141148
-12.7589542853
9.35647440139
5.39531252118
1.59329253749
-23.5451122195
9.48291900264
3.60591212208
11.7943814343
-5.51438286298
17.2178211165
5.30055912343
-5.0422449067
0.34829134188
4.30133306012
-21.8694551662
3.31361205688
-9.15190039344
-3.74976073003
7.80598113008
-1.96008594376
27.3507145837
-3.26811807611
-23.4160746301
16.7201822616
11.4379603208
-3.54493229835
-2.59863601122
30.3575827931
11.509843443
-32.8362178012
23.8579237967
0.601390216202
-19.4754363116
17.6923829515
-18.2510443908
21.2428686069
21.1134074803
-5.12101330993
-5.26230500126
-4.74841630324
4.65070134814
-10.2457729376
-25.9944453124
-25.8859129262
24.3657088193
-12.4230828569
24.3903517011
0.594265743252
-7.27506071155
-24.0149611415
-26.2668324753
25.522547749
-5.48412275135
-14.7688987441
11.8482133015
-11.4049355544
-30.7970412352
38.0236532435
-0.489573623099
-1.26412493005
-2.40623359707
1.27022956221
28.5674656772
17.629282758
6.12037503264
5.10608639211
12.4753924734
-10.5929274737
7.19044755012
39.5491412759
2.62303170967
-17.6174747562
6.46473739293
32.7242761692
-7.72657516124
45.2633151259
2.3598220441
-25.0120827166
21.4753050549
3.74512573336
14.1639459129
-13.5860179358
5.24886071391
-28.6121351337
-2.70582204936
-2.36227454294
0.895228272893
-3.22348970931
9.02621115546
-4.6060968949
-0.0820992550085
-6.00442119731
8.39495588687
-9.65377751088
-0.867049002586
26.20080703
-0.330972062964
4.28025401191
10.1891853662
-12.8564163836
0.818511895734
9.08137755343
-1.71117634827
8.407884776
-9.19031253106
29.6244407235
19.7102585861
-40.0605361567
-15.5597619515
-8.18510774657
-1.32840400622
6.48452939642
12.0678311542
-19.5394556843
-48.4868389717
19.3993648239
5.73404695171
37.7544360025
25.4603488313
1.50057121935
4.01378550098
0.34875049171
7.8188965053
2.00655282349
-7.35874205011
13.7244874918
-10.5584008516
3.40744472869
-11.5669436865
28.2842574959
-19.4311611856
12.4084923736
-10.3197420861
-18.0628032816
-55.849930497
11.7230355902
15.6245484212
-11.0074787881
19.772722723
17.3635458613
19.7584530919
35.8664179519
2.42852707612
-19.9583562021
18.2999879377
10.2788597749
-32.0036790388
5.80319125701
-33.0405844498
4.11383137981
6.08591011616
4.48645763559
21.2175629379
-19.3595691968
20.7012940059
8.12420651772
31.8762840922
-8.40550962531
7.68375262194
20.1144148334
18.5747439245
-10.9656127672
-18.3291009999
-8.80314187564
-24.2588836246
-11.3104676259
-30.2421927629
4.94509379982
10.0647369103
-29.0226861332
50.5898290447
8.33145057435
-8.54570926969
-25.3300807756
6.63117152715
-5.54396350462
-22.3256756415
22.5351638467
-18.2652677359
10.6700274382
30.6255775678
-34.1679066782
-18.5864318505
4.72795119278
4.71549600009
20.114297397
9.47641147063
-19.9319428024
4.21382086057
1.09448284821
-5.20038412315
-5.51205395794
-34.9277260163
-25.8393837748
-9.33410829017
-15.5372533028
-17.4089519426
33.6108842442
-9.37453315838
7.91209257694
18.2811168489
3.02120507176
-4.48691513137
-33.7454159032
8.85242088379
4.77625076898
-18.0886468219
1.98093472189
-32.6192434614
8.46942198667
-16.5579773247
-5.78195835787
9.13098098487
1.72804375301
-2.92353799811
9.42845739056
1.24636376365
6.91800344561
-8.56798648472
18.6875188366
-17.0807296914
19.0616638576
0.147930187444
-12.5173558104
27.570628125
18.5769706861
33.0937376883
18.5358231734
-13.4365588847
-17.8123785171
-3.21796591966
4.5800517045
3.22681977003
3.30252809513
-9.90054835425
-9.83261646293
29.7701116858
10.3559848192
20.1300763628
-4.36794547427
18.284711245
3.87756561363
34.3052860782
3.41831789054
3.614450763
-7.92856343938
10.6880104744
-10.2831624403
20.8154942059
8.28195626483
-39.426482564
4.2519710306
-3.07779792726
-7.91913331598
4.2202912529
10.0244320371
9.23116137117
40.1335659171
1.38902274978
-13.4943180536
-4.65581040004
2.29033675579
-11.3835575602
3.66511404527
-7.32793694799
-8.89422230082
-32.9459914218
-37.4740736322
8.80381208673
-30.0136749249
-19.1756613406
15.5069209255
-14.1356735766
7.99456433937
13.6232173225
-5.79450122362
-23.083016874
-16.7582649031
0.720424769588
21.3376534183
23.8462958869
-18.5470038446
17.8604071294
-27.0580047878
-29.9557247212
26.267953085
1.52668257438
-29.355240998
5.51582395359
-20.1629800069
-21.9351247804
22.3979464572
7.60440088429
14.8467806819
27.8649759387
11.6044147495
-21.617269355
3.20867348386
13.6774864315
-0.215885472098
-3.86949415894
-10.4518168954
-2.91571128548
-1.9986243971
-9.38352586119
-6.24190846682
25.8373593487
9.10059678512
31.7610496261
0.537720967467
-23.1229476506
-9.61927776231
-0.483620581299
18.7810899457
11.8377635845
-5.84074441925
20.4152227935
21.8814204697
-20.6375179673
-3.86413888171
-6.18372843628
4.32969406272
1.06737741119
-36.4706470423
-12.0380620895
10.4300184351
-26.1947136868
-2.66039256553
23.0856259401
25.6783213775
-5.78058083121
-12.0880900148
-0.828044556929
-40.9226761817
14.1136914415
27.8751116253
-14.8059991893
-5.93583336403
-2.85662040409
34.5715105818
-8.90688565457
2.24037279114
5.8891332437
-10.9600992232
6.05239618108
-10.5195442439
28.3033369852
-4.91072717938
-15.1647113483
-12.61239486
16.0096749019
49.5565809381
-7.35606358798
3.17254155048
25.4606517113
-21.4986212545
-24.8200457633
-4.23244623913
-2.9796493772
-8.18242687679
-33.1900362936
-3.4118721082
17.4121838243
-19.454238972
10.7544437014
-3.27312814148
23.2954163374
0.699785257935
-18.8358035934
-30.2687124359
-0.0174224147931
16.1114997595
-18.9465954818
-8.38199965088
24.402353852
-9.58769120503
-31.5748932609
-7.85807423378
23.2251485523
20.0191526344
-20.2158910401
-10.7688059109
-19.5722038188
-5.19583495534
-4.47362829187
4.88812906938
4.15286295122
-2.26921810377
0.525683466137
-28.0925702434
-5.93589072437
18.3851233693
-24.9000999731
17.3670689871
-6.85688827069
7.45935568666
-17.3557239137
3.43552471185
18.5465933269
16.6607403632
0.409230336714
2.87347935956
-7.80392526693
6.27080204808
-4.00045830092
15.1424687225
-15.371231851
-0.488461023918
-3.37904457467
-13.1201225203
-9.09382354835
18.5124030256
13.6154561815
-36.1182219323
-16.8745968224
26.8460134054
-12.2885580514
-8.24601463364
-1.17821656541
25.7953047627
29.4013101185
-2.61836212982
33.3559981668
4.62802301228
-1.36237018156
24.3816252215
-23.6769470282
-27.3686693133
44.0244847704
4.62213256882
5.21936920652
28.3255762077
-10.1504080921
-29.2585395904
12.4282918665
4.39685708746
20.9673898984
20.524762098
37.7140008494
0.445192814911
22.9001847533
-12.8661338586
-2.18540406971
-5.71188452403
-6.48184886165
-14.2400445044
11.4769426575
11.8992168638
-11.5681567028
7.89486433332
28.7484945659
27.3084999009
29.5441366698
0.530571034683
-43.7811675776
11.8887536741
-8.89999581669
-6.75183105462
-34.0226491515
-22.7237239304
29.8737252532
-46.312648808
1.58034777244
-28.7612803451
15.9101731071
-14.0994542537
2.13243673166
9.08506735518
-14.0170162746
3.18503816611
-14.271748256
-23.0505469014
-5.10841230759
-24.7740158899
3.29827528039
-3.04579604217
-13.9551409385
-9.04771249354
12.5984467363
10.9915711643
-4.52341178991
-27.1466147695
2.35610259749
16.1896624275
-3.50278201206
-37.0039907844
-15.7619447914
-16.6554453839
-0.597557041896
1.75782636009
-12.1590309808
-3.31827983251
12.201629151
12.1974953201
20.669470668
1.38088162043
-9.14144855993
11.3561181384
-8.98874000273
-23.4262262276
10.7944162897
-21.4740393874
10.6101669569
-20.825551137
4.85876051073
-18.8164994845
-2.91183618788
3.63558826592
-15.6111085581
-16.6933291561
-0.133338768717
14.2221067859
-17.8047889968
4.33502317363
-0.943390228011
-17.2998563373
-0.934311077147
-13.4617063711
-9.64429670442
21.7334245186
-20.5573093815
19.8409721113
7.52600349321
21.7164670963
44.0989241469
-8.61036601439
-10.0186680165
-16.2084837316
-12.237779442
-6.64794632856
-2.03014577552
-6.7297634629
14.3183605061
-18.1451429698
3.18861562458
12.5710781272
12.8819154014
-23.4067361488
50.1587089744
-19.3705754857
-16.4406326947
14.7250011443
12.2585091653
25.379289835
-5.59253105093
-1.72081168656
-19.7601846454
1.78213234478
16.7694289921
-36.2220880646
31.0871899103
10.8498116505
18.811341541
-7.98609716133
44.5044014846
1.23896894111
4.31060273429
5.12780136321
11.8824764293
-11.6577557539
24.5867958375
-5.2781382307
-3.86330542799
21.9082115116
8.5577545154
13.5328838577
14.1761768265
-9.8087888168
-18.2194117834
16.3131769317
-2.2714884165
-8.4807991519
-3.95186211875
12.3863499474
-12.4800130885
27.361059159
5.56711861631
-10.7897879815
-10.3120796194
22.1013564768
0.134603405319
-1.80282720305
-7.08476700705
2.75379056263
-20.7574882275
-5.67836490696
21.1651239635
-20.7268932558
19.6842688723
-26.234260953
-0.139966152303
2.34710675432
8.65516265917
23.2502578898
2.07846855556
8.75690657711
24.3202670734
-4.81420671763
23.2961757631
15.4497561332
-34.9753761207
3.45102348273
-11.9782529435
25.8724232715
10.4995160092
9.24588377072
-7.35942297762
-23.507380627
18.5457955425
-25.7719867826
16.0800271407
-17.5030269715
-20.2594874068
8.19830903359
49.506662999
18.5595223838
-24.09729088
-0.296601132099
11.9866401145
-27.8960523098
-4.27958530628
-27.4644716925
3.83412564433
6.40752234397
-7.93532907277
-3.29581760537
-32.9397848157
-13.5398560399
-9.43144921712
-3.62671978501
-10.9992281383
30.6182905306
-7.6834309935
10.3003931754
-44.0490261498
10.7045840873
-9.55884301847
3.50201779261
23.0018033127
5.02321645224
14.0958161532
-28.985664525
0.0155224140714
6.8121309469
-23.1179091464
-17.0450958626
8.56453936983
15.2588468724
5.51991122851
-17.5073357794
-18.0945468581
5.63358092876
13.5066790791
26.9785892869
6.38530706765
29.9570700129
-20.6481298028
-17.3398038663
-8.39379861182
-35.6416508093
33.5182626128
19.7092223964
6.41470812566
19.7692864942
4.62573725773
0.117750374774
24.3214254036
-27.190961783
3.66833021958
34.7206742684
5.54540784969
-10.8926069712
-12.4512076704
26.0897860768
2.92659204369
-18.0901418586
11.4308489902
7.13872746103
-0.983546395326
-2.60218777966
10.0818377662
0.182157448914
22.2529142889
-3.61177666755
-16.2629375597
4.30179623214
11.910752858
7.9509139041
-36.0110682327
16.6230766758
9.28424291833
4.57578182064
32.0873708259
-29.6586607021
9.12602821033
-4.42994649687
9.72546346454
-0.626910465455
-24.9152225728
5.77063255192
-8.31630296569
15.3732220039
7.21407566237
9.42885444564
15.1913758962
-22.3064163136
37.7461996003
-2.1420330255
-16.2982992303
-17.265880923
-3.57323618449
-5.19449587155
30.0247579102
-1.49520148103
2.3880872374
-33.0516370445
-14.6357835334
24.2117363791
9.35794032871
-31.0036527866
7.41492409617
0.491672070033
-34.7206869473
10.736005316
-16.7025272971
-5.85445756856
4.74501690958
-7.1058778302
-6.69594240926
-7.75936166689
7.31751292869
13.8244638416
-13.2949047032
-0.979920654297
1.12643422879
2.62981980608
26.0835653968
13.6135764088
9.38065880986
-6.38744695221
53.3589382961
9.11607048799
-0.670579164114
1.19746797649
2.73986944096
-23.8896909246
9.3447552961
29.2787132013
-5.85313393339
0.163690609246
-14.8314392366
-16.8403180469
8.54638160541
-2.50943778219
4.35969498512
1.9899027705
-0.520038943132
7.48433433495
-0.16194357748
38.7743778149
16.5240680823
18.0430048837
7.14237560172
2.78190082989
1.08070752381
-16.8915933075
-19.2277942639
20.5104237874
3.46944931731
-4.27410449877
-15.5765106061
-10.2810319021
-5.8512985964
-4.51434544516
-4.22526108453
-4.91666200308
12.1047974349
1.55354220099
19.73137293
2.56310702546
7.95656012483
-8.80228484198
7.62454707558
-20.5673531983
7.36875683807
3.26397192175
-5.41663066766
-4.21819693349
-19.4402093516
-12.6899240578
-25.8880058303
-17.8469235555
-16.5320789404
15.8350062347
-23.2379068139
4.43299509357
28.7952290004
21.3686926918
-7.31537708152
26.6372408814
23.2137603173
-26.3286915373
0.886480220838
-15.9549633089
2.95779636935
11.0618505868
-20.0850620385
14.6824780161
12.3361505804
14.7728646323
-8.17363861229
-4.00125701671
13.964938293
-12.3275679164
-13.983689132
-18.4159926064
20.6185411058
0.489585652878
1.21907957178
3.98266562929
-42.4987956892
-4.82702738747
18.511801158
9.00487924355
-32.3913052715
-25.5655723375
8.12220156057
16.1294000444
-7.41104174801
-13.232710272
-4.04980568592
-3.90099414163
-1.42596137707
17.092535254
42.2427161754
3.04916017187
35.0105613554
-6.53231013942
-32.5426628616
4.87069176296
-16.8778954013
-3.08716970371
-7.53806307293
-4.28147575055
1.19769035685
-14.8929318331
14.5251985959
-1.28126194789
8.57398855975
-25.5952626754
-18.1856424401
0.094554158148
-6.63782770959
41.6493163874
-11.2130104607
-13.7554432997
-2.08157847625
42.7617487177
-6.21452714552
32.6011852842
-25.1038701938
2.04778780636
-32.9162359631
12.7405787105
12.180041289
-10.0320366585
10.3388176552
-13.2118732748
14.4794568444
11.0822343889
-9.35197854908
-8.27103163734
-1.87747019966
1.64416978328
30.7429984094
30.0203899715
14.5308941936
25.3136646188
-13.813326003
-9.7692582306
-31.224148355
-7.60850179887
9.00966340542
-34.3387873669
-13.4938150136
-11.0822425057
-25.4160722264
-3.8760617423
17.7510753724
-3.02542007065
-2.46724254033
-4.64395133589
14.6193330572
12.1152260143
20.9612635351
3.4269530686
24.0048799482
-10.2701444731
-1.26008871276
2.87480400748
2.10732450784
20.3272881458
1.26550340312
-2.88913692248
8.89840017131
-4.77078696328
3.69685633563
-23.2003377709
-16.8256538289
2.86346211649
-1.8230666338
13.020718481
8.69756715269
-8.99840612019
-2.12913650354
-7.49355917221
-25.3670728526
21.1732715445
13.8904621314
-1.15575841904
-22.4674927738
-1.29664864723
23.0939781899
11.0299803709
16.7853722549
6.74346462809
27.0699645486
17.4186996331
4.89697799706
13.3851721264
-12.556059567
3.84199422473
4.05776152703
18.2479678959
10.4576741094
32.3091027191
12.0048304958
-16.5983377786
-3.6288879383
3.07810125244
13.6895986017
-21.3658754206
30.7294065709
22.6852730671
11.1004687057
27.1045788798
3.65118309311
43.7972083314
-8.93656224596
-17.1473428031
13.8949580678
7.37809929147
28.160441831
15.5926640735
11.5235967163
32.8283750747
4.36211281573
-16.5275643558
-11.2281457285
15.4469283364
-28.6735209536
0.32256340171
25.1922334589
-12.3136871643
-1.60696600777
-21.1660318694
19.2752259884
21.1764968478
3.94651697048
-40.3811742823
3.61185262417
-17.5088593232
-25.4557736539
-0.359526252129
27.9338270739
-24.8371237867
5.35754699028
-18.2801456819
-11.7805071356
3.6525225797
25.94623735
-3.68423924013
-17.4051603577
-14.7862663287
5.79165578099
7.83707757275
3.37537339568
-10.6689501514
21.1537695304
-12.5602764939
-8.89805090547
1.77319224522
22.2164650831
20.6175500024
-23.8302698049
-1.58795744872
9.1304542113
7.9263810702
-3.24825726247
31.2989434105
-0.184546317796
-21.9636534114
10.5584568475
-8.50693539516
-5.3298765159
40.7967891555
-9.57267068123
29.5471279475
-21.2840847528
-7.69789336359
17.2978822779
-18.4699493562
3.16375981675
-2.48249780981
2.06823712808
13.3966189346
-17.6059824637
3.56174381284
-8.30947143312
13.2145774358
2.73807312745
-3.25172212498
2.68151567078
20.7530309479
-0.977576874498
-15.1013388861
7.4045847061
-4.92778322051
24.7347584317
-9.88972429085
-9.03460034729
-31.027352015
10.2872582454
2.02550371385
-4.47939771411
16.7766225676
-21.0054372991
-4.36798824875
-12.0172880315
-0.840822444126
1.16199461437
8.91394621244
12.4621161128
-1.84859909498
-1.34820351215
-32.8715168332
27.7792387064
24.2557414243
0.163318728494
3.81742165325
22.1525144593
5.5134255133
-12.5122846715
32.2926092031
2.11360793258
18.1832056738
6.8454977
-22.206461492
-5.10486775936
35.0248935035
-27.1740060537
45.0307808928
2.44025033427
16.1044728476
-21.3062996174
-2.56721308937
2.2281430939
-22.4017657832
6.37918931328
10.0160881438
3.88597763762
14.9379844152
-7.68930711095
2.84112198795
13.6784502584
23.2172237096
-14.2808064507
-7.00181334255
23.2573502114
2.93064511598
7.27335175094
-19.19649034
17.0220142345
8.50853856195
22.6634190459
40.0198100716
40.4508784411
-7.76661825191
10.1384550405
4.57843445115
17.3632756574
7.4176030166
-7.25779395741
0.944966014126
1.54550852902
-13.5370211257
-1.2960024484
14.3128863296
66.1887929197
-6.12832274295
10.3992899608
-15.1923072998
0.290147563714
-13.1836893235
34.2346894318
-12.8663084268
26.1078083982
2.63449140653
-7.62441232956
-10.2621231484
11.390876848
3.34526877033
30.4017937966
-20.9382584545
13.5195686506
20.385162969
17.9622472589
-22.7516798629
-10.2214706419
-13.8091233888
9.7185239317
-11.5188118768
-6.26676606054
-34.2400415425
13.940847456
-6.11849775999
-12.3624865784
-28.1453981963
-23.3835348801
12.72022927
3.33949429601
3.81252001466
11.0016251308
4.177684419
-7.92440626234
33.0185050798
-21.5432788401
-1.44114762213
3.39660270353
-34.2452061044
19.0495999245
7.50495063375
13.3975143911
-8.88830121361
-23.0678054628
-4.95340677122
-0.589611057449
25.8422352042
-6.14390159034
-16.0644396662
-5.59404559939
3.41280181871
-10.9626481815
-11.6200029135
-30.4823952321
42.37535025
13.5932002223
2.55136808956
18.6410137483
-6.95567559255
-0.954085933656
1.54569533064
5.91742092867
21.8486882225
3.19792341742
-34.5248077407
0.980435827045
18.5777431847
34.0707515474
19.4865335704
-11.4579498836
14.1188002666
-8.97101108771
-29.7798075592
-18.6032399412
-17.1691769512
3.83425841346
-23.3097700129
12.8818974217
15.0077387481
2.01041149297
-8.15208784242
8.24155816726
3.82639128656
6.70139369076
16.6504003446
2.82552331893
-6.1284844532
7.00039024243
-18.4534995307
-11.893564897
-14.7597535512
-15.1538562371
11.066642757
-36.7924196321
-0.275106193521
9.28789232598
8.31586754068
12.5883137065
-2.42414295757
-21.3494394922
-12.5457647917
9.50841585018
1.37156830563
14.1863797633
43.8632562155
-31.6121801579
-2.97881560744
38.8974860692
-10.217959692
-13.0347710208
8.35370034105
-2.29510472557
2.45646089441
-5.96867068591
7.1255064601
16.5637064412
27.6451118726
9.66452642639
-5.90402022442
-6.68159053438
6.09214188656
-9.9870983202
-2.69573611572
-5.4047760397
-0.250441579035
16.7300577271
-25.1514689726
33.6698666998
8.0934299513
-11.0481040912
-11.1889555918
11.3673008672
12.380593333
-3.10152004514
17.5573390807
-3.79545436932
-2.11700073049
-22.063473323
7.44865954085
-5.31473145784
14.0333383388
9.08824445583
3.7377355969
36.9248429722
21.4339701827
-0.933849203467
17.8219922871
16.6384001764
-29.9090023858
7.21730796525
10.3612332526
-7.95204775714
15.0146098422
6.71575882092
-23.6774921556
11.5990709693
-18.0156712545
10.6050155487
20.4879930879
-2.82918096952
-6.81492245899
-48.164314729
5.56341472938
-0.85844595134
15.617033425
-0.535447220958
0.158003946387
-1.47168038345
17.7207525509
-5.7554476691
0.957210953182
-13.2989992183
-16.9268260588
4.35308769463
20.6126720551
-24.8865536453
15.2499499988
-1.82012268205
1.0610874439
-16.9633441106
-9.34400596503
-20.4486938994
6.01124753139
-4.99695362329
-6.90209540189
0.0184623112991
20.6967276878
12.9582758007
-2.39822306639
-3.67992156022
5.36253080319
9.66149565198
25.996104905
1.84844678531
8.76288413872
-12.1463933182
-13.2159061392
-19.6375675169
7.85117179778
-9.96379878518
30.1869030373
-4.67353106687
3.18276894677
-8.02276315417
-18.5868140503
21.852505402
-4.57523782323
-19.4621049873
11.7927488488
5.33595059661
25.0056599119
33.6547193396
46.6832764935
-19.5182355692
24.1417701858
-5.67656594743
34.4241689866
15.48629782
9.74845715695
-8.82151287569
-11.3007548601
-7.9598006658
-13.0207621578
-18.7520375359
5.87326081638
-32.81670738
-23.8084981479
6.88585521215
43.8104314371
1.36655970547
25.5688041566
16.2565420745
-15.5239815316
-13.4300215796
29.6203656646
2.88348449523
25.5933044777
10.6276593418
-9.60224739912
-23.8816505834
-37.5572059395
-1.97435414575
18.6160179887
3.18168658223
-7.79752610335
-28.4602867903
13.8726276546
14.5019248875
-13.2757153615
22.6141739347
30.6281583094
-14.1307426377
-22.7346560832
14.2756895449
10.8924864756
-9.99958891616
-7.80037825388
15.7445926183
-44.9078025907
-0.487797747422
-26.6698194594
15.1904756321
6.01652861781
32.6500119142
20.7570571926
-28.0235403268
-11.1194105158
21.9877235051
12.862701383
-17.0297206856
-10.0643542589
9.49549873365
-3.2859218981
-17.514738208
-20.5780102232
19.0925477945
-5.66383296142
0.356375749237
3.4092914813
-18.5929381527
3.8359881845
-7.20621509655
-32.0690066137
-29.215992154
-4.52236522872
-21.8488057141
0.959884568577
7.50407110697
38.1368845893
6.79333434884
-24.8759053183
5.87153734151
-17.0330883538
-1.22635415565
-9.65551376546
12.5094473583
13.5352983775
-0.160109034159
3.00075656241
-21.5518114293
10.5350471983
18.3030429753
-16.231128823
-0.809047092706
6.8070894849
22.0427828989
-13.5733640225
-2.76278842671
-28.768257435
38.940713532
13.6614770499
26.6694675541
-14.5354687821
28.5614388913
-16.6613998557
19.4199739258
-15.1365621584
-31.1565165346
19.0652587339
15.5512110246
18.5523076204
-24.0443047267
-4.42785169107
4.03144904975
9.23035033584
9.98848653605
-30.0675975348
-0.884667472643
-18.2886536021
3.33679750461
16.1502701543
-12.0530703474
11.7328420072
-7.82148732041
-42.0097296172
19.9148630218
-8.17759060261
13.3242892598
70.6037661216
8.8084039498
8.77734389276
-3.61166937402
8.66952269504
28.3236109262
-0.126836612013
-15.704152543
-27.4831340634
-29.7820535909
-12.5870187666
12.1516576575
3.41036960648
16.847183075
12.5615392033
46.9195613878
14.4271801876
5.39857468471
-27.1343017284
-4.77662275437
40.4146662789
15.4938724237
-47.2760024823
22.6640866526
-8.71650253354
-6.58782791214
-6.84942706288
27.0757688216
-18.4265845601
-0.67642054077
3.13160234406
28.9034207897
13.425437621
2.24444681029
23.2930825104
3.87775262481
-7.86634504691
3.47750818189
13.8748253623
-19.4631009437
-5.52126567924
-8.34052497901
8.43624085654
-20.7307387047
-26.1788758316
19.5988581257
1.19445514198
15.0851764953
-4.66726473659
25.5279248415
-25.2800811623
1.55464448289
6.52555333536
0.431650815528
0.080015636365
3.66316995797
25.6039440431
28.4113744482
15.8662829357
-9.37591890514
11.4857402231
6.63066877711
-3.13923143718
-13.8222204664
-14.5080146414
-8.52078630337
14.1377238833
7.44476602006
16.0556149179
-21.4658258049
14.0728920183
1.54739854705
17.1020717206
3.02956803602
26.4170578441
4.75809851163
16.417485823
-11.0117089933
27.4398327599
31.8420097318
16.8882708593
0.785330804587
-2.9629811455
3.28843460512
8.75255938454
2.85470242233
-19.4833422575
-20.8018506553
28.1367567663
4.79837351685
-24.4608919655
-13.3780384103
-26.3671502609
-8.31482122106
16.6975587507
-0.648101000072
-8.73810732824
-6.83016078405
14.2962236309
-21.1076072747
-21.0298602379
-18.0303547377
-22.7785244741
-9.82700413874
-3.01864638698
5.59554714066
-11.5702593919
-21.8208354907
6.2310246744
11.1989559788
-16.4447001534
11.5198770242
20.7161248515
-45.0372111131
20.6146950615
-4.12710203817
-6.28175749958
-1.43031755056
-1.60874895066
-29.2401344361
-38.3965852477
26.7490411525
-21.0557144773
-11.9721700021
5.59450575985
-15.6891303368
19.5183250656
51.1209271789
-22.3405184265
3.94372608683
23.9089872766
19.1015232343
8.41233917152
18.2031110196
-1.94390384131
5.51186023415
10.0946935388
-5.96204422695
26.8959414232
-12.6480222427
15.1005154821
21.5302195488
-26.4603045622
17.1328473808
-24.6680450698
9.7891928666
5.05810502424
-12.777350214
4.20028149658
25.599476387
7.91990725979
-12.1061447014
-21.7774641931
21.8667953074
-16.4093786044
7.45949666713
7.3177011865
-54.1410377321
-30.5898939019
15.3003516733
34.1098827065
-16.0157227738
3.59124493902
2.4260417361
-17.2635658835
18.0560341705
-16.8986416762
2.31092895382
13.6129409292
21.3056542187
-0.284632997561
-9.87864649648
49.6421932052
-23.8767436252
-12.2429564796
9.11322104966
28.6929643209
-12.2711696092
1.73386800018
13.3151151983
14.1923357069
3.04613491878
2.55004811517
-18.5195842592
52.053192831
3.23523967872
33.5120282139
-5.26215996472
40.6947519227
-14.6592160726
8.82947129741
-12.5001195994
-40.0698018037
11.6525607722
26.3493285666
-3.60765864743
24.6564019083
-22.4943688196
16.8521433033
-8.73094197834
7.74808822083
13.1244255126
7.9566319007
-27.4808672233
1.79851442133
20.1921563029
-3.39646961893
15.9392110129
7.21249671698
-14.1182596337
-5.63725320683
-9.09473561119
-2.18246798651
-24.9507918156
7.93678384729
10.0769755555
10.0810699694
31.0838054781
15.9128729427
17.6434498597
22.4124281506
11.3637910266
-8.92487785485
8.60069587966
-4.36159685901
-27.9269396216
4.77915434346
-12.7250739974
-17.2433740923
-25.6155248854
10.4086265977
-8.23810593147
-7.47916045391
-10.1137333562
15.5949959856
23.9256906154
-15.8945452434
-1.33378370278
-4.55951001219
12.1065548276
4.98018502514
-12.7669954194
0.531079912707
36.7396422617
15.5161066773
-7.78977641645
22.8845851609
-4.58184243125
-2.58697170685
-10.2663093425
-12.7642188424
-13.9098647937
-3.37548472453
-5.63829296928
-1.01659876446
-2.74988329422
9.50532821106
-12.5473618383
28.9030214569
8.71098004953
-26.3970056156
-21.8664962967
23.1210314965
-12.2702846815
-10.8331478727
-31.9518365819
34.8930885553
32.4372374172
-2.72795918675
7.90378233579
27.5502624507
-16.057558978
-22.1465643922
-11.0287809643
-26.1649168589
-11.1119638539
15.4010208488
15.6863617622
-0.96662470364
15.7016209598
16.7733854384
13.4118316807
29.6304591835
30.0449977641
-25.41500795
5.2017431192
-10.1373824081
11.9457261975
16.6260962581
-2.66975553583
-10.0845928062
0.894189675155
-9.24604083943
36.6754763895
0.601351769323
-0.0354231134794
26.5783584421
20.1172535225
-15.7240553501
-20.699576152
-1.97192872823
6.43352448122
45.2128468356
-8.43446601916
-10.9686359207
-20.2306465764
-0.617387736956
-0.896305917023
17.9743714016
-8.19371791912
37.4319963458
-30.1709372662
23.9221192803
-10.09793435
-37.1428032476
-32.4769330088
14.353061523
26.3172449536
12.8127077035
-17.7570714081
-30.1106102224
32.7966985508
50.3130137042
25.4765527852
30.717743505
-29.9763528863
12.8809222554
0.462745608178
-13.3499009922
20.6155915068
-7.20203817849
-11.0029319446
31.6221341687
0.211781759234
43.5114008929
3.43627955701
-2.75531803458
-0.237966610008
-16.2863511088
-17.2571376606
0.356009635101
8.72270714759
-32.336905917
-5.27571632229
17.5799765463
-19.6904708397
5.04496506062
-42.2041386987
-6.94220322181
-7.51797404087
7.94386589797
-6.70903158109
-1.39473327087
-5.19068905639
9.78383736495
-2.05148500134
-6.32341499942
-33.7213222931
-9.01480024483
-30.5743652419
6.40406111509
6.44875512913
-7.0861886583
35.7111499123
-7.21056827199
14.4727629059
-15.9088023834
7.10743255744
-1.34492537574
11.0224141011
19.4411221248
-21.7543096469
7.69609508662
19.4599596757
16.7262480836
5.83984641436
-16.5194611709
-5.02809925303
5.91855792136
-11.491779477
5.65487658396
-4.77969240972
-5.89546552407
10.0551148714
24.5777270199
9.76417316061
23.1334055494
-14.0189119895
-2.84143158191
19.7395005955
19.0945457645
4.14163239137
-9.96488871409
2.04011742957
13.9152053657
4.30090778165
-17.3555165644
-24.4354952559
-6.50456693256
-4.8022504177
1.96706956756
18.0831957989
21.3556132611
5.71275072581
-12.7587416467
-2.32842675718
-27.0243444681
12.5789190439
1.29148227129
-12.7910213155
-13.9416867973
-8.62227970537
-37.508833774
-1.87301646777
-3.93626644663
2.85858430445
6.90145142671
14.2737019319
-17.7433908843
32.6144254748
-9.33957359209
-0.0790701034465
-4.81446706144
16.8072323409
1.90895232367
-10.01484371
-23.9448962788
-13.9071503142
-4.92658006008
23.5719746567
-15.6257388675
-37.2647216368
-7.92017650364
-10.3862565252
5.31896892436
-9.44113871336
-6.17346087041
26.2442993684
20.9539511713
-17.9330785945
-37.4735542317
-9.54582756326
-1.3191599057
35.1831591931
-4.06156014566
-19.6982127471
20.1791666464
41.6044906164
-12.0926449969
-41.283638654
-3.46957259632
-19.8735765086
10.389140374
21.5020443016
1.09061329399
0.885656679795
-10.6486620531
-27.2657164209
-12.1165169538
0.916622252206
1.9563913141
-15.8395121799
20.5241031281
-20.9808787388
-0.256088768116
14.7777499416
-14.4771047124
15.6599898875
-1.9142321012
3.92213062526
-6.06185967233
-8.35584131625
16.5130389183
-14.0442016757
14.0763707407
17.3814035332
-12.9228377206
-4.89838652679
-11.1524275315
11.8032601593
6.33788637584
-4.35466357865
-3.52911392913
5.07693347877
-3.25674693616
12.0725848997
22.4863740616
-7.8174062924
17.9249560632
-9.9213750219
4.88978570475
-24.3564880314
-33.8068819594
-10.697585884
-11.1321228455
10.61066789
-10.7131918494
4.41128687648
9.09090250059
2.185072725
4.19827168976
-5.71089450318
-33.2402293082
-7.27896015409
9.74443618878
20.6742271014
6.49622736582
1.7951119675
-37.5611193615
7.13147420629
-13.9351726786
-21.9097433137
-18.7332442996
-3.63866908043
-17.7884361421
-12.7960612332
-5.51938912028
-28.0836165516
29.4009855346
0.344430502104
6.63456189213
13.2133791048
-20.3712415156
6.84762595557
-9.7300184605
9.24469382116
-4.4150833375
18.3297046157
-2.19087049535
-8.3339034771
-7.34898723461
-15.2137835467
7.21355370787
-22.848368442
-11.5314382243
-7.99656536497
-8.56034906025
-6.66205753272
26.8574447289
8.15301459382
-10.3148693394
0.441337619668
-2.00448813021
-11.6358695292
-14.7998837356
-22.001407515
-30.1274532796
22.3036011114
0.675723235566
9.59115273494
-15.1006740845
14.841758889
12.6878842054
-13.5393716718
-21.1332646821
3.7392079806
14.6400951513
15.1205615382
0.0900667537053
43.4395589019
-24.0690020144
-12.6905991963
-8.77685021988
-35.9475647168
-21.367325714
1.38547047122
-15.077023336
-13.1466550033
2.20664363087
3.64014008905
7.93643439928
25.6186240589
9.1612096737
5.58526454213
15.3522824522
-2.02847456433
-26.1012946877
-1.5221841753
12.9928956218
-17.4121625706
2.25121869238
-7.62533884657
14.4509545605
-6.91616858584
-18.8666616519
-12.6705368798
22.2532833538
-18.7295823959
-13.4720302205
12.8916370442
17.5597857344
30.9586736462
-3.68807566996
6.06432495139
9.11528308656
-20.4862202886
21.7543134406
-21.6766857233
-0.174409825495
-2.34777690507
-3.02538781264
7.91138684159
-0.813424682398
4.98235703726
-14.4516791749
-25.0095774043
-19.697475937
-23.1831834113
9.60840883162
-19.7327818589
19.4108018156
15.7884098682
-3.98705091264
-4.52258856093
24.9316385648
-1.14565142072
-9.06660220649
-12.5062472892
-33.9024498394
-13.1569713758
-18.5178754586
-12.6595040294
-5.00685761282
1.90282327327
3.75008481204
10.3574736837
2.43651123375
-3.54635262611
6.81826782761
1.37760286943
29.0141384026
-2.09450949789
33.998234844
18.9133881656
2.6510267899
-15.1115728316
-23.3009720069
-3.54745249813
24.7956263981
2.20811507019
-2.06050310044
14.2795104111
-6.75187034301
8.1729035891
23.585123765
13.9748646965
1.24999676499
-38.5932442701
-2.75585710787
-31.7768018341
-1.52371088042
-15.9631261179
-31.9547903578
-3.76676712063
-39.733391581
6.14211611856
11.179191208
14.2028505646
-1.16425838031
9.93168493047
-21.7611478557
-17.6697165027
27.3035854877
3.06056413083
8.14762508819
-3.94143960127
20.2488972908
8.86838853602
6.17886261208
2.24239269405
6.80778800425
-5.09384989294
-33.0520595338
-0.258272517958
-25.6005644649
-4.14750568395
-2.28523487523
-10.5023273593
17.0829241916
13.9057692002
6.00932331191
-14.1695965076
12.4247064024
21.2318625472
-33.5204724565
26.6803016485
-19.1158585646
-4.97097811692
-4.84815713203
0.627876535742
-12.3085618136
-9.0617263538
-2.8346133981
-3.98495347206
-16.4233027203
-4.02800878538
20.1491600247
59.7220364017
44.8485073509
31.8232733715
-3.65137571323
-10.0837526539
17.6051735844
15.9598273481
-11.9951030578
-24.4010850345
19.5080901311
-0.410533806117
-3.45262417383
11.03579409
7.79441902822
-16.9104250276
12.8823208324
-12.2311179234
19.5395180631
6.13252274671
21.4769983313
-4.9700199799
-24.2405651059
7.39661548844
-32.6589922426
12.3173127496
6.39397629569
-4.64279299072
15.9521568262
28.2784847953
-6.90942867358
1.22997632091
28.5404424309
18.1347975206
14.8205747749
6.87946342058
-12.0223422937
-22.0852171861
4.97341002487
3.66183975202
-1.53067598412
16.9169858106
12.7860346355
-16.0071993432
32.335256168
-8.36579774967
11.8893764508
5.76813445039
-5.28834245707
-11.8089200224
-1.37086426149
-25.4655104318
-23.4545140238
-13.4316298666
20.6960118731
18.7050885355
32.0152458892
-16.2544549685
-15.1553786033
9.66844802326
-23.83147399
13.5377572481
-15.2798222256
-3.13678550077
-13.2451805254
6.99510629816
-0.100728161545
37.4621044094
31.2270048385
-14.2963782438
-3.07663063341
-28.4044290258
1.87364083502
-5.06771060487
20.4121795085
-10.671896137
17.816963529
-22.0756458689
-14.0849420072
-33.3141328013
-16.6575074089
-9.90741071648
-8.92097607493
14.2718875071
-0.925599672413
1.42738542459
-16.4371404538
-16.4331457569
-17.6860560957
2.19629922198
-21.6952786653
-5.40439231068
-10.4839701602
13.4002083123
-36.0754437308
-31.5795863364
-11.7429674987
-11.1568157754
9.19436433672
-11.4696201472
3.91978761553
19.8062742286
-17.7386364748
18.9028179209
-0.485796079654
58.4112363839
-6.84343347919
17.4529362124
7.02369877036
-18.3459970393
27.9935895401
2.04874641062
-11.5681847112
-24.6142899036
30.4109958747
-24.7424502591
-4.55078285424
10.4736466657
-48.6683058697
8.32095437427
-6.61642426582
-22.9421933716
0.832645359758
-22.2278264423
-2.20632372118
7.75472832072
24.7755450958
9.74668879173
23.3301565942
7.77746716205
16.8216458345
-3.33405995318
25.0927980734
-0.310959204196
14.3440899313
-6.17246646716
30.7941164121
15.5355626556
22.4351375972
5.58921784439
-6.36258640257
-7.98316571028
-6.98453925266
-11.4460829794
-3.87141081986
-17.2997650196
7.95287655248
-8.3943907913
13.0815299559
12.8465697924
13.4139716891
8.68366795488
10.9105812416
35.6879093743
-2.8070898199
-27.0197420057
0.697157934181
-37.4093491432
-17.8812358496
-1.15864586037
33.7302435088
20.1471120161
-6.57214359931
-5.18883917315
-2.16847038346
-20.6901471974
-8.31740639152
-7.21954554676
7.56846925629
19.9125540555
-4.4783279873
4.83893679707
10.6910149359
9.85027074898
2.72695155811
-3.83204257766
-6.31544120725
38.2935782363
11.8661709255
13.4086108151
-34.4817143306
-13.6457499831
-7.39960287121
-17.3118044413
37.5150953835
-3.98974993578
-35.1904730317
-14.0878259157
-3.40074696408
28.4966222375
-36.1227900849
-6.08064518108
-7.03547192168
-9.39429931081
8.775021522
12.7740487896
-23.7777954278
-33.6307500881
-20.7773552221
13.1066587456
-4.32833613882
6.03140830219
-3.02820179509
7.07075420458
-6.02654842262
-23.9287481149
0.0680744685358
-4.26172648139
-3.49282690723
-1.18951952192
3.78692753768
6.46050565812
-14.5153091771
-12.3500467273
7.65042510997
13.4580693229
6.00441324535
16.8961371508
14.6228512273
31.2890977637
-14.8456766103
15.8150401213
-0.380631550793
8.92938889972
9.38648533636
-10.3398492341
-4.75531730174
20.0209931229
10.4313366099
-23.5549616861
-36.7676450392
-4.58452750703
-4.40128577361
4.83432997104
-22.6995579794
-5.52924331374
9.69184170297
-10.0232982573
-14.0912055421
-4.30064390075
-25.0747823687
-5.02348834314
-3.62551994533
12.2872878346
7.98177343262
21.3061090566
17.763452928
-1.14974792659
-8.1212882277
-24.4849479572
-2.40612776036
-9.95117231066
-3.86144688127
12.3651901459
34.7656926742
22.0912840775
11.1073408784
26.451453882
-0.178593612051
-20.7139043409
33.3458214189
20.9817555894
-1.93229081956
2.80022136893
-40.7474062045
-20.9866809643
-2.50566321554
-18.25002205
14.2998162164
8.65449400123
-13.6653263725
-14.2874129576
-26.6565944039
5.70136403995
35.5133110979
-30.4336355735
21.21122625
11.6619083854
-11.9824066919
17.8578439554
2.07568560631
-17.1259783865
1.35425625464
-10.4399823725
-24.4222645363
-12.0006187484
-11.6995399678
-13.9040215864
22.3194744147
11.7103627412
18.8854351812
3.45988529129
8.45629017099
16.8902376603
33.6545304938
2.52940004069
-35.9798118619
-14.5402454401
-5.17588119456
8.79033926781
-0.599959233236
-19.8685007076
-12.1635385547
28.4386781479
30.1249338022
-17.9981106411
-8.64726971882
-8.6783517038
-14.3693633714
28.9053695475
-17.3004864739
-44.1151756492
13.2636710154
8.81057257482
-9.56442163949
-6.76394768979
-28.1789359276
5.28742553521
34.9706050427
-36.5854005223
-21.1323365178
-20.2109935631
-5.9698863786
24.6582628467
-25.6905326115
-10.1589242008
3.5690920352
15.4793329634
-24.3788829613
2.24185551823
-5.58878665753
10.6503092367
-42.3097148824
1.89645453757
-27.0797888273
-17.0153693585
25.0484985395
17.9506119348
-4.11275660166
-7.65444982334
-24.6720762419
-1.01549227661
-0.27518235023
4.24345168414
9.6780233868
9.91031407863
-3.1606394511
-19.2650537057
9.37846551864
-3.34394856089
12.6254127941
-6.98717982705
26.6053025873
11.9705102809
-16.3803780399
10.6961490278
0.566030434662
-3.23071800424
-6.3225872598
-30.5677212847
-25.504414079
35.1302097698
-5.39147219096
47.8660926467
-4.25571272817
0.43751194599
-4.49893605593
3.85564686766
14.8193742863
7.88276984767
-26.9316502079
-6.51027141816
9.79632836659
2.1490523411
2.83792254527
34.6478666474
-24.6943752142
-9.11762389888
5.84581914879
4.86911482069
12.7570994052
-29.8125711457
9.80204268106
-2.86268840476
0.236636532415
11.2837540387
3.93626412901
-5.53598940705
9.12581647784
-60.6807128509
-7.26804123115
-29.7187086481
3.1726194459
-0.00845993234401
11.7480402687
12.3098750725
7.0594318831
-12.2661887331
9.02739139779
30.897725536
-17.9600360112
11.7541952046
-13.5611531261
13.4689872692
-6.42563954613
0.489926655864
-0.873011740459
-2.51811684812
-39.3598153437
-9.15784551999
-16.4772856077
-8.28617716602
-17.8198424568
23.9346249274
-3.4564424085
-0.452892803511
14.6454604007
6.53102423637
16.9997565901
-5.71573296469
14.0564182766
1.825661461
-1.62970548303
-30.9197661401
38.8183105009
-5.10192740667
-11.6424929518
17.143527603
37.6495667291
-2.88647981241
-37.665433716
-6.49334960931
7.08161932908
20.649301884
8.48623834009
23.276563399
-25.1142571074
24.1200638709
18.8770906879
-4.80888214514
5.18637222145
7.48824388163
-10.9288374811
16.535447609
-6.46401763323
24.2205874569
9.17447221951
-11.1600080874
61.7226998996
0.80841167226
-33.5622058398
14.0839335469
12.5945782191
-12.101475943
15.8671415977
-8.95165916409
5.99204643379
20.5325659771
-2.02946549012
26.2157452429
-49.8563201629
-1.60684738253
-10.0344474351
7.38025827488
25.6928069582
-3.24005711321
-2.28899795966
-10.218621995
-4.15788507405
-27.2140850098
0.436029520376
16.9681654483
49.0037191317
-12.2548980554
-0.687878932024
21.8454983236
-22.2159737801
-9.02078787839
20.6028894468
-32.6885804428
-18.1015431429
0.43080952872
-8.17307964135
6.41884686208
7.55708220787
19.3862295729
-62.2742280872
-9.39927579675
-3.87828419797
-17.8757604528
-14.7091196651
-4.03585370816
-15.1619082285
16.4099380681
26.7504791904
2.23282179351
-26.8889113628
21.5629611585
5.23882317813
-0.708462535349
-16.0487058924
-14.8128189146
9.2861294491
-3.27149086499
-32.8337856114
-27.8311088085
-37.1297455695
0.780461631484
-1.80115194331
-11.0711506262
-17.8880014561
0.641761456037
10.1882276184
4.25392176203
-35.1434468997
3.1663302576
-26.9390434509
0.22450259759
17.1692189725
17.6320987933
-3.2477441038
9.83428632783
4.27975113278
-46.0620434767
7.77289559806
26.5170852254
4.23241525814
35.0510313207
17.8198944161
-3.39391691014
-19.8951518391
36.1291787885
14.9120528183
15.2718887917
-8.16301673855
45.9760121145
-27.8288546824
23.7485900194
-1.87840923562
-20.4995624975
-12.6296574556
15.5849119203
9.35759868909
-26.0541973647
12.324910961
39.3306723513
6.23453597563
-5.15880559253
1.00162808052
2.64068100074
-12.787920618
1.72805282923
-0.249367045814
28.460592342
12.7680775289
-28.2828036303
1.29486462519
-1.97797227984
-20.886526844
4.99436698052
21.2489559506
18.9434183851
-1.02080547871
17.2809388322
1.3229296159
-8.56231061833
20.5913829374
6.42018446479
1.87605842398
4.26658378651
-3.10881755378
-9.10434056926
-4.38400540899
24.0686927497
10.6776795236
-10.0515989923
4.96891775158
-22.5602952319
29.3625998987
-25.4316313851
12.0661059971
-26.6357126046
25.4134890065
-19.6128317734
8.80021162626
-5.08200453946
11.5600111205
-17.7433148668
6.70492682265
7.5781225926
-8.50908813707
19.0898841459
40.8889437306
-6.70376861865
15.4194605245
14.3814913106
14.9339834299
-7.58881600679
21.1461008956
-10.7660599986
12.5975767617
-14.4394145009
-25.6290176496
0.603063718312
19.9350792872
-22.1022504053
-15.2565991185
5.90527115177
7.29370947091
-2.62334569777
-27.8764201351
26.5596996762
14.8701040025
7.56069976437
-27.0724321528
14.1282725907
7.91907990026
-34.9756453103
5.67545902115
15.300919152
-15.4936014553
10.364666469
3.03554678661
-9.09165383062
11.1521186309
10.5280379092
-18.9381561995
-22.4829936369
6.90458346519
-2.66259760474
-17.0934718142
13.2795779087
5.9719931978
7.51739912475
-4.58225314685
-21.0536649576
-7.32937690351
-32.2334340234
25.6656014473
37.0773259807
-15.4042109794
1.81944472405
-12.0867356863
10.7803074858
-6.77983388004
-8.45364188321
-1.83586282855
-22.0069874011
26.180512547
21.9690354985
13.8933174746
-26.1039821804
-19.3698707457
8.47043616023
-12.3908200967
-15.9591618616
-10.6424459786
5.37897819964
-11.1268672747
19.9291426685
-14.3326793764
-32.5115114579
28.225753831
-8.1478389303
7.97777748666
34.1853271142
-11.8210631331
22.0490309618
5.05606367228
6.84838373326
-17.0409100617
13.9315400273
11.9288568906
-10.4025778717
-1.55682267347
-3.49450123766
-28.4745078478
51.7254577336
-19.5719183745
-9.21090259932
-13.2417915742
-2.05136420946
-21.3943846843
-22.5234481521
-8.82794723637
4.35635634971
-9.10170396285
11.3611553504
-17.6141815579
-15.6404209783
0.00557737182026
32.3949846461
-0.656709754282
-25.4939345576
7.76531115278
-18.2275125517
-19.0907456652
-5.1114952869
-0.519350246778
-12.3136513662
4.32053622962
7.62441961531
16.5109619097
18.6048063607
24.1458038779
6.08208932701
18.4228907615
15.916403909
18.066047138
-6.2113789323
-31.9168641607
31.612528309
-1.62707500582
10.7766839559
16.8297209809
-1.37059477762
8.86946488215
13.7030602614
6.59729692115
14.6509015621
-8.30020834993
-15.3695701621
-5.12184319097
-6.73864258814
18.4885419919
16.0358390447
-19.1689099265
11.6974523036
29.4133491779
4.43365392867
0.185809038307
6.34109125032
8.59014925543
17.4585070533
11.0436456625
10.9850892794
21.5909846906
11.8139258416
7.36068463705
-8.30110054665
24.9887606098
3.407601189
0.819639325276
-21.5724265683
2.59067341271
26.3255501379
20.2644583628
0.472176317102
-18.7744885337
10.6690961093
-4.8558165253
23.6120800966
-26.7688924909
13.9574099036
1.31063154952
-28.0668659276
-3.2011785455
0.863877432916
2.87496722229
-25.717963067
-24.3591852592
-2.43887946539
16.4929848193
6.58328359733
15.4176410822
31.4552924564
8.46742368086
-11.6264090646
2.58295412915
11.7221905409
-17.6891477927
8.09863636438
-2.98724797162
33.8432681863
3.36460924283
6.7873287762
-8.75438812369
10.4426501331
-22.7538756785
-2.56949898025
6.03227547737
2.00792534142
11.7727379932
-13.7313296438
1.52869658835
-16.5991814115
-4.49298244308
-21.9512856374
-6.90931365154
-10.2911899829
26.923285238
23.8770767471
-19.5256860545
-7.57795856571
-13.3880048476
-16.4353768782
18.4400956681
5.51668272951
-6.6849298359
7.71737300893
-20.9753588857
10.8646807452
-21.4310987602
-26.5207363834
-21.662929325
-0.592451489765
18.5817158604
14.6794042371
-14.0979598499
5.4230322441
17.0189669564
19.214949278
6.39468024406
-3.87018198203
14.6692533794
16.5561501089
15.0452463336
14.7381477436
14.875751429
-7.70876839083
11.2167987431
11.4172442287
0.234950226656
7.33074329016
3.44282942267
-29.8659382075
-4.20512308633
16.3733479401
-8.33708752861
-3.76678194528
-16.1809209407
-14.9228795443
-27.7374158304
12.821206355
-10.3171774077
10.3454378722
9.80507541359
21.3517823371
-4.83256603955
-11.3230492337
-19.1799479588
-3.76782188263
-12.0885491379
-21.7737311933
3.88007040012
52.6338071279
4.15388319733
-21.4491148869
-24.9591318595
4.78457953864
19.975223961
11.329741514
-4.61394032038
25.9966147298
-6.45812155553
12.7084131165
-16.892243757
37.4633268606
-11.6032109358
4.62769486622
-24.0950705437
-22.7426640694
25.4367143251
8.30936880631
13.2024263346
41.7016349657
0.311287712752
-15.7570224808
-10.0257509363
-18.1767328027
11.6391989192
-15.4746612959
-33.1235150078
21.8905761434
16.5304022428
-17.8858815192
16.261770821
7.41878385229
-37.7581127098
-2.32735333216
-2.86053732299
-11.0364602564
-25.2783766819
-4.70092434952
26.0863030814
-2.37937993339
-8.64566292204
-8.67072790908
18.1441087402
3.76401230645
16.4315507604
15.4256941586
-0.25142681376
18.9269524979
-1.15794278152
28.4567629491
27.1624651401
-22.8221240043
-26.4055895625
-8.73640333066
15.5693480133
-32.2743419915
-2.6292650443
-16.3754277254
11.9449261699
-44.0922539352
28.9874874427
-31.3931566879
-12.8631520566
4.53454971076
15.0968550405
0.942380771035
-12.718099997
36.3797932627
-5.29989267801
-33.9641872207
-1.00025609804
-0.252488519583
-73.6186790814
-18.7770172071
3.4592434249
-3.01846143514
-16.5497011886
9.42559229516
18.6820595997
14.0580110954
-1.23911004526
-19.1362943867
14.7379986969
25.4908461913
1.49239980099
-23.2313830369
-23.9503671032
-2.84190829212
7.51307659309
-7.33949767295
39.092543243
-10.1575010388
-11.2344951907
6.71714256213
2.1997761624
19.6275626453
-20.1990251062
-4.69352449913
-22.7653383588
15.4885435135
-16.0099846371
-13.7999162336
-12.119869251
-14.3621206735
-26.9035384801
2.95662447282
32.3144050674
-26.6172759691
13.8261735641
9.30273400271
8.78762204322
5.77938357657
-12.5199785795
-4.36665132956
6.54445265789
13.7945918703
-15.606952706
4.57322791544
-3.97445230626
5.06471425816
-3.90081206898
-4.12249860986
-17.287749793
15.5993910114
-26.1645701729
6.802930177
11.7543908943
-12.6098479841
32.0717568686
-9.11567317207
9.6918602475
-2.0900424819
8.88403711277
7.75064974737
-22.3622142822
-8.70399467283
11.2174523511
-5.26041955514
7.5139425102
-33.2637647246
-8.69499326818
17.3853548523
5.47680271132
-22.3860810069
-3.76905279287
28.7621746282
-21.0049511085
24.1588910639
-4.58030195911
-17.8685116969
24.1633938875
16.6171299831
-3.2517235989
7.42226657609
21.5741084382
6.14823506216
-5.79163477761
-10.4662634546
10.7562435222
1.42880321527
-38.4777667439
3.48760075187
-14.8494966184
14.4352612667
23.4130948797
-24.2409585308
6.8678684932
29.09630966
-10.0539055779
-12.617029026
-1.75761670143
-24.3481054917
21.7992539297
-10.4883792426
-6.63590614868
10.5362124468
-0.771298551828
-0.413845468672
-9.49273328133
-39.2056515809
21.0012030293
-14.0987728684
-9.91375813477
-26.0848241479
-4.2785109791
-8.64776779016
7.94136173163
4.23419784086
6.17249838999
18.8859240482
2.12279920509
0.802609734196
3.95012144041
-19.5246519254
27.2586346499
-5.91856295697
13.6392488499
-31.1917625114
-10.0281824529
2.67936084988
-25.7171336574
-6.96213268024
7.99723788478
6.587483327
14.3378978174
51.8446612438
16.9706198079
-7.35496648951
17.9294059782
-5.28218108243
13.0107292681
10.6650742747
10.7168565527
-20.0898114156
12.1988030143
-11.2420898162
-9.36258335573
0.0658256544527
-13.7012039153
-10.5712517066
7.40360399278
15.0581074296
23.7715682874
0.71596899766
-8.09599206256
28.5102438677
4.22362118772
8.29264324846
-17.1448679168
3.7111356908
-1.95756195213
-28.1540326882
-16.4849442936
17.5135870466
17.4765671182
15.411831055
-13.0910481069
27.2319013347
11.3700889545
-4.42273128629
-4.6169078875
0.741411054034
-5.24597653292
12.8838495615
8.89404870015
-25.3474552287
-5.50303789696
3.06890586806
3.57811316579
1.4048267763
-13.0746462727
7.87309249603
-18.3155778705
-11.3404015111
-8.96447241391
-40.175591866
-18.5171989937
23.0138092006
-21.9107163373
6.02075703291
-9.63147750098
21.1453202427
-12.8888057511
9.7615846708
-14.564080271
-20.7135578092
-15.7887472765
18.9231761071
-6.30958481717
-41.5623183836
2.14439392751
18.8900037801
-30.4428271796
-12.1108015444
-21.4490906964
-4.96897556319
-11.0539238972
-6.04653470198
6.17881588898
-6.00827105048
7.12297888703
12.3919347824
24.1980421
-21.5779003928
1.07424527724
16.1230743269
-14.4699262715
9.29865430212
32.9419206498
27.4803842364
-15.9699315933
6.62386643459
-18.8951043953
-16.6774240753
-6.29916877896
24.4954245171
-25.9856541882
-13.8836053333
15.9396657558
43.2103902645
12.7220076175
-2.98019592236
13.774601183
-4.56922082613
-10.3887455894
37.4626617589
-16.6258685205
-13.1718395765
-32.5241211758
10.4086267581
-15.7650810884
19.031966617
-2.04292821743
8.63800127413
-33.1677179364
-1.95289146171
8.08170965973
-0.312484203289
24.4720607959
-32.6064505947
13.5089575733
-20.0611828494
-7.26290179793
19.6042284487
17.707829881
-23.6326868981
15.1828981191
-3.68203202408
-17.3028274076
-6.15541007507
-3.52636897258
8.49853334866
27.3043253275
9.99853313345
4.55621718331
-23.2895109012
6.49919226876
4.04817404435
35.5694187914
1.56432911763
43.158690323
-11.1865252049
-8.5865921709
22.1114583458
-3.01898012174
38.0112942085
10.4046032849
-5.06885667084
56.1879091205
-16.6903819641
-12.9446162229
-13.7294609965
-11.2658082896
-14.6493346927
-23.7840812979
-19.8078740867
20.5231698784
-16.9308450947
-20.0502048013
-33.1381467468
17.4192654296
-9.79693588316
7.55211386058
23.8551386864
6.2414109477
-13.1289005754
2.68960678643
-27.3403037752
4.18623364272
3.30467121053
17.5205219763
24.9416345076
8.26482961641
13.7299718507
-8.99548153259
-10.8370088693
-6.22922466778
-13.2266681693
21.1023906403
23.0828470385
-23.9098963626
32.4737142003
21.0863067971
7.65867855302
-15.1734020648
-7.30747890176
8.07187362044
25.6380761766
12.5832758505
15.7015097983
19.4809372972
16.1945283732
21.607019866
11.2816454365
-3.83227653855
-22.2364692944
19.1642160754
-14.9594034653
-17.2462626761
3.40075219303
6.37704555928
-2.22966581229
-10.9888132472
-28.7113374063
11.1434309448
-6.38591416897
-3.45767549623
-0.265989685346
-23.5691296992
5.80410179601
20.1649024038
11.65858943
1.32878892194
45.3324543222
11.5569152689
-26.7834868472
-18.4819906557
20.2224486416
18.603782904
3.14737916227
-38.1475832936
-16.7487366568
2.77026657489
-12.3302636399
-14.3882623927
31.0292341858
20.8330153976
24.560823654
-3.47684552787
0.263589496895
-13.3678663867
-3.57498310965
-7.73671082425
45.4240750828
21.9631951789
-8.48761321485
-31.3744664319
-19.8915442572
9.70247036817
14.1116744932
4.0411000332
20.4031873382
-0.43621075191
-14.1874326069
-15.5224598291
-34.0860827604
5.33279236913
0.234783556788
-32.2965660096
10.9499050913
-16.4428737571
12.5595451038
-25.8753871858
-1.64372943664
-4.83994864993
-41.6313802506
-2.7753557685
-9.66145268977
5.40957688192
-23.1980623035
-34.8757007683
16.3159334136
-5.32065122228
-2.94568796203
16.1225577254
4.44913177791
23.6157188079
-8.53489108272
-40.8343367007
-32.2896692404
-13.1903752757
-15.8167134916
-1.44179498069
-9.8948112861
22.9694806933
8.4136093755
-7.28946657663
-5.25362420342
-11.5426029649
29.8307367463
23.0089733871
28.8545649677
26.0256468497
55.150907121
-19.3549568359
-23.0119133306
16.4193644278
-15.9034511961
-26.0078276555
3.35440053513
-22.1596704903
5.33773561162
-19.9895464252
9.3060358284
12.6599147542
6.29713438285
-6.73717615984
2.52844253419
-24.9641586503
10.2136324145
-11.6000252738
-10.4966863067
-26.5801426101
10.8027582868
-33.7461639746
-13.7421568046
13.248890629
38.3293883802
16.8790246173
3.97667742229
-33.9268747612
-17.3119727953
28.8815616296
4.34225794649
21.6744836396
16.9956485587
10.553290482
-12.4514558352
13.7819707485
27.3506581599
28.5321625547
-12.2938596261
-6.71658621517
0.853831245141
-12.6340170863
23.3155628703
16.2469922512
-26.4208885744
-49.5310849016
15.4375340241
5.8812901545
13.3938867024
14.2441443749
6.10426099805
-5.84893021632
10.3953613944
4.32309769294
-2.83521242655
-7.62065159739
22.9591644112
-11.0608335975
3.9956802626
7.7164224372
10.0887016091
2.87612115801
40.6438497577
3.86039575789
15.2126917702
15.4790519699
-6.10819274368
12.4326643342
9.54119834663
-31.8683846712
-34.8789488872
-3.95157182042
11.0971658268
-15.0491899915
-8.4741090964
-7.1472853921
-19.6539031061
-25.198028651
1.60908434029
-14.5149412699
-9.94615287089
-20.3830751442
13.9572142904
-14.6295724125
35.5377347038
12.5089264209
25.8532359875
30.4058013394
-0.814787617121
-30.5385238693
-18.8190939824
-23.672329619
14.001168907
-30.9971656267
-48.1241511188
9.55679629285
-8.22454434176
-22.9080872577
3.35216833786
-7.71051611701
13.8063227138
-13.5688150777
-8.86003942333
0.849967377851
1.9379657682
37.9495885237
5.67926147789
-16.6951983826
-24.3282978588
-32.2931938899
-27.7142521767
-33.0056112764
-8.41689245329
-10.964274246
7.39661273207
10.0564656937
-8.45855284915
13.5679720404
-10.1317340539
9.02950975129
-7.57921786275
18.5643297899
-38.4417930168
-24.4701819356
-43.0593597522
-26.8244926846
40.607256022
2.48356391736
6.35133401134
-3.64648071163
-39.8854222215
3.25231557867
18.5823036528
-32.3346213527
21.7116482269
2.6928803557
20.0383001708
-15.2732575778
23.9136064292
-5.27379501101
-8.06132940751
-3.95226853496
-3.65620529637
-22.516432493
14.9528142428
-13.4646781497
-29.8964934413
-47.6266559603
29.3361394146
-2.95549438782
2.21919452347
-30.3208302253
13.8560938511
18.3525993525
5.42429666671
17.5124351194
-18.5248910429
-5.4154935857
8.46558023878
2.67135791086
-17.2316715888
-4.62426623341
5.38679192678
4.17373365088
-40.3410281609
18.0014980951
4.57908402334
-16.1852226103
-4.07291823706
2.62367482741
-5.98187321121
-5.88776433099
2.20480951777
18.2308219158
11.5966725947
-7.35797424256
34.9377057168
-48.3760365431
2.46831222912
-10.2736811709
26.3391692727
24.1717293307
-20.1483416738
-5.38201934933
-24.6964269169
-6.23030562796
5.0672915269
12.5035055598
-13.6782421464
-17.5291287862
-1.6867428342
30.3766937997
6.29531432107
-12.0394908478
2.773621443
11.6884508708
3.10745491188
-8.84740650666
7.1197400008
8.10697043223
19.5685145646
-21.2908961101
5.2275091491
-4.04918073621
-0.405458206565
21.9174532315
10.8458855565
-18.6215141501
2.53272166339
3.84408204711
-0.627443120776
11.8798763203
-34.9768439286
2.62154595574
11.9885061037
-24.2338642779
-37.8930364694
-0.485493418721
-25.2427691247
-14.1993051759
-30.7552813442
3.43089986508
3.80312817463
7.9445124155
1.90520894668
9.10534081697
0.413787743216
11.8542141798
-30.3782600285
8.38119922927
-1.72721924038
-9.38489306873
-27.9309238946
-7.08019339677
20.9482934202
3.91105398691
3.56245316849
5.10511293281
-1.71005126468
18.8992873674
-6.52494761208
-0.563344150426
-16.5570319891
-4.27543411909
19.0920967501
-7.28506392998
-6.25417447545
12.9099409432
19.5581724656
-3.58148744528
-24.6701308422
3.86410387871
5.79929685809
-22.1341746643
14.5877991156
-7.79201710767
-18.7310627175
5.2348436102
0.884819577646
-10.4994238005
-16.5706121433
-19.7665603524
20.1517343305
18.6184724411
5.06191564529
-7.47887129161
1.8406247433
10.2166027925
19.7868402113
-38.0365529666
-1.54449113117
17.1066215224
2.21798981974
10.0073679186
-21.1690900797
16.0647606272
0.990286750385
18.5157651796
-24.4632104666
13.8345083042
-19.8218624981
-18.7166365519
-10.1042191275
-2.42765584202
-9.2974777139
9.8692589281
11.5158746363
-7.00305504556
20.1631907508
-10.3179093589
12.2175145723
-17.5877371859
0.373152613272
21.3921773714
-47.6124029674
14.6469728981
20.7805183347
20.1379552362
-19.8241013764
-7.16635404187
12.1685462478
5.53470027401
-27.7739386708
-5.35256616424
-20.2652729721
-25.8994767267
-5.61546710375
-0.467718974844
10.1821591867
2.85777478592
-4.82622081167
-12.0911381897
3.69467432364
36.8238617729
-2.44319473397
-1.15740981822
4.29960025891
-7.16306649224
12.5459350015
29.0164000034
5.46351533941
5.97599573038
-6.25658624749
28.0609254743
27.4236892063
-37.7334904629
-10.2813058201
-47.2501849869
-6.07218647948
3.4079819918
-13.7451752692
-26.8708701397
26.4980532745
-26.7970915891
-6.89968648514
40.1115528967
1.11353059187
-18.3645736836
4.05238936518
10.9008100917
8.46313296288
-6.89972726093
-12.8609804403
-22.6810865519
-14.3812045846
34.5933641703
18.7247341071
-5.24326571327
-30.8030604239
1.52872879381
-8.69541349328
-15.9126363271
4.84167447391
12.4558497496
3.4274478677
-26.013018537
17.7686605221
20.7474569508
-9.7978706128
8.5267865803
5.24920368702
-10.2900772596
-28.3055640613
-15.0926417048
21.2957748329
7.91536255576
9.87198630877
27.1034745579
4.78032444817
17.3041017849
18.9244780707
24.3077000763
-8.14314684575
-17.0726081315
8.33756756066
-11.2936564405
2.98910244978
0.151447093581
-48.0613789927
-2.09800105353
-3.82922464661
-4.08810673066
6.03684494049
-22.9357739999
-30.0729597668
5.90325330185
7.02667037419
-34.1998746903
-8.18461423815
8.62888064383
-8.26622514426
11.9378592786
10.0120847361
13.3856853309
34.5939630398
0.38947620772
-5.01776978903
29.8913264564
-15.6077234013
-33.5630363153
-0.0555202378287
25.4419792563
-14.9524697602
4.90255158879
31.5916397706
49.9112246259
9.89044169308
-36.3398281888
17.2436181878
-13.6702432146
3.30350518261
19.35945531
7.75389046761
-8.51866560304
11.2576305613
-7.35906790375
-7.03471134039
16.3649227201
4.5019643428
-31.8528612325
13.0680290316
-9.62404897648
-3.92210953059
-15.8801019186
-45.1476193506
-10.7035503766
-17.5237719766
-0.914783299497
25.5732322322
-5.80336831636
-20.4049419208
-4.28420887711
10.4788535388
-14.9067621064
-11.8139722588
18.6678314585
-12.7511563902
5.79524759601
-13.654666754
33.075203124
8.34383953489
7.65979735539
40.2394103342
10.8794941112
14.4356570499
-12.042329103
19.7629653903
9.76732718604
18.697963558
-23.3597119687
-14.223457315
-31.6533830928
12.0092201174
35.0679230211
-20.6486503807
-18.6481541446
3.98915550796
16.1691235703
-10.2904700302
-43.344043446
65.5848002905
24.0001661232
-24.6700716964
10.895552919
-24.7586090604
39.8768932774
-21.3820162081
-33.2377967046
-3.71021002643
11.1603481158
-10.9449734534
9.04758921187
-16.2726725552
52.0839244188
16.3873894055
12.1105856146
-6.70299461577
0.491089938945
28.6810855297
14.0346485042
-7.64231279779
-13.5547915638
23.6687261788
4.83849336111
16.1853828196
-11.4489952765
-6.44320979206
-5.83262600312
5.98946151924
-17.2185282509
-25.7019570318
-60.2343279923
25.7887940176
-0.53612453877
6.86828054121
3.44262686897
13.4394502971
-0.6160651126
-7.79556064085
-1.58651570241
8.2894476983
5.57141917857
11.2697300049
-3.99378381801
3.06013098194
30.6213389799
-19.2373427702
15.5502898678
-21.3097593596
-10.7919753053
-4.77123785533
32.0694127712
-2.50879256652
22.9986252669
15.6085992675
-3.55319296047
25.9254050562
-14.1122473184
12.3713320543
-27.6611824213
13.6838073458
-9.29113314216
12.6198138643
12.8505147127
-11.7067939452
30.2465712628
37.2151192112
4.87259976824
13.3559379117
20.2184521048
27.6295082601
24.1889377485
8.49689705461
-28.4430962773
-24.2394341339
7.01464126827
19.3134513364
-12.622010683
23.7986001238
-21.289907042
-28.8356617979
-3.44366714718
-0.271085974514
9.89011859022
31.0033891111
-10.2852039694
12.1247556531
-45.2531500543
-5.36369328461
10.510517754
9.19953591507
-0.982739411992
-9.88759879842
-6.19883876522
11.9477410031
12.5251099538
19.3600860761
-34.1579108872
-1.33339697469
4.30955124861
-43.6448314698
-35.1115567686
-14.9327577185
33.0888537144
0.0915338722028
22.3971640378
13.6129583687
26.9097630613
10.2873814483
9.26482012721
-9.95572664446
-0.57208341013
-8.20862846346
17.5453039132
-8.08053393672
-8.97869026207
1.03668689574
11.7481057423
42.7878549848
-5.7988269361
-16.1175235329
30.9395947588
-47.9170707952
19.1531824566
23.2421084218
13.8613861063
-10.0862784585
-0.606207106198
6.99042256515
5.6150451191
-28.6434593037
18.641410288
20.6294854416
7.31533976616
-4.95440413109
22.5730709234
-11.7890649243
-2.39825334273
-11.7222474237
-26.8629951661
22.7945338921
-11.771352291
13.8086644544
15.6637127557
2.26053288654
-16.0594875007
-8.57890660367
-9.90918093328
23.3662805346
-53.5064452033
25.6698143625
3.71492832585
-26.8524014571
-16.1539878537
-8.16657240765
-35.5613323993
-25.8853494907
14.1272124578
-12.7788619521
16.6322146374
-5.74430292018
6.38434007485
31.7819873687
3.45235410211
-6.98327505474
46.3607005557
-36.4109508694
24.2014863302
28.6829691147
-0.55735754532
33.2142468123
-23.7682970094
26.6084837372
15.712528557
7.08355312252
9.26417554072
-9.33664721253
-13.3511533488
-43.8816540365
12.3259258002
13.286821034
5.95252745713
-19.9533859302
-19.2286912856
-4.18662125891
19.2223319099
29.2568985957
35.0734574658
-7.58448638631
18.3749942882
-2.22627795292
17.7060293468
11.5622131869
9.56260827092
-23.3683137383
-4.78375874081
15.4665103927
34.9823122326
1.62875465539
-34.720692678
14.1314287323
4.67086545513
-0.125108015382
6.31582328476
12.8999401989
-18.6583251174
-6.18728066218
-1.79532665155
16.578289862
-7.54753996379
-11.3643080303
-5.15204339076
-9.67856093709
35.2886738611
-13.7303195195
-30.8012155205
9.98780781345
-18.4706783402
-27.2717750601
-16.2260411596
-29.1499038524
14.8744739348
15.2499966113
-22.0707995737
-19.7883846375
-3.34531649683
2.10507564743
-13.9586958207
36.5163119718
-6.93049594678
5.48078683496
20.8733092338
-16.8808844704
5.80751437044
-2.00293085774
-3.39543722267
-12.0695269976
-6.38932136368
-10.5567186645
-0.886032370115
-8.47751762556
-7.66834158115
26.2230593331
8.0191224362
17.4910252475
-7.82678914017
-9.2283094115
23.2309775794
4.13605253577
12.474973887
24.3840324844
24.772437336
-2.08742007633
-14.3206498192
6.7025921785
-19.665460016
4.81897288613
-16.8517631603
-6.02613717145
20.9253224266
-9.62284152311
-13.7229596676
-10.9725274317
-1.36226595249
-8.10968458393
16.9475024045
1.53635988688
6.78206359059
-19.4616786392
5.57158249854
-16.2621117759
-27.4078958014
-14.9660395278
8.94604241334
-27.8296111669
4.37932195374
11.3582678193
1.69886024865
28.2087198398
10.7519837634
8.58778498049
9.52351649959
-32.038794557
26.2428797
-34.8244006101
-15.1003669389
-19.2390449438
1.75127982034
13.9724585392
-2.91850753716
12.9042292597
-3.3207346922
18.318853716
-23.5904579416
12.5710378147
1.64538263332
-24.6880722949
17.6817254717
17.1681050367
6.21634998593
-19.2176632865
-1.49587449341
-59.1312592835
-27.5913271412
-7.93049284788
12.8610441074
-13.9506265116
46.064746451
6.42763401523
-5.80763386027
-17.698668934
10.3696271518
-10.46522892
-4.51398285083
-6.73867907611
-20.2901626342
4.74466946505
-4.75176240815
12.6203090855
23.4488946964
-25.9617816293
8.47901277667
11.1329329538
11.1445323467
-25.5017418481
-10.9221348258
-9.01533930362
-29.4434737514
10.757477114
-3.40941110515
-6.97947847633
-8.0236740038
-30.0167699946
-21.7585371058
-9.13045736019
1.05262488838
-8.27513715305
-8.80970290033
-10.254246411
6.90189284031
-13.4987318394
24.0960693306
-0.845730509073
-17.2154883203
8.39778050565
4.79153622376
6.86190054026
28.7000192031
36.534466954
-8.80944216858
-3.04614743353
-8.56804077438
10.1714196453
-43.0034845828
-22.9284753252
15.7247575753
1.48175863368
-10.2433800153
11.1596858502
22.9586954164
-10.4039903903
-13.7414042515
-20.5285585808
-4.4394574475
-10.0836313907
-37.8936509216
-14.368149069
-40.4130064874
1.37218021823
-13.3571587419
-1.72794126403
28.4316022428
-24.4832424642
5.09196330828
1.75723298629
6.54783937826
-13.7399031518
8.34066833497
9.31410379383
53.4259455885
18.2203314608
-5.53705651114
-4.62315077706
-21.1985243768
-29.2779386916
-10.3146291846
9.46725846718
