23.68
-47.872
94.55
-12.878
-42.97
43.043
116.01
-32.287
94.967
-3.0759
-89.258
-23.704
36.059
-46.694
18.531
-45.864
59.508
-25.66
-20.72
1.2347
4.3611
121.11
18.473
-112.38
13.096
31.73
-29.446
-18.644
30.943
-28.382
44.993
23.152
12.113
36.584
-62.704
38.685
51.394
20.764
24.063
-5.052
66.103
0.11634
-32.098
-23.911
-67.407
-81.373
-83.653
-36.701
85.27
-80.955
-29.154
92.009
-76.798
45.29
-52.979
40.185
-4.2754
-9.6091
31.586
-91.647
-7.2984
80.522
45.984
73.71
43.074
-10.746
-97.834
-4.2323
-72.094
-41.461
22.062
3.4034
-68.943
-4.9293
-11.203
-2.0933
-25.057
-35.815
-22.492
-91.464
-30.682
-41.376
12.299
15.008
-21.35
-17.339
46.305
61.861
-13.878
-6.537
1.3409
12.457
50.082
87.836
23.129
-2.9613
28.92
16.961
-31.675
-58.227
-30.445
-49.17
-31.384
-13.373
79.315
37.376
46.895
-51.35
-15.457
-20.496
-23.904
32.581
-21.601
-96.287
48.771
-9.6073
-77.799
15.045
67.412
27.352
-11.001
-3.9449
19.34
-14.702
45.748
-47.743
-94.519
-0.52842
-8.7145
-16.102
8.2052
-63.81
37.107
-18.453
29.513
60.461
141.38
35.821
26.02
-24.015
-36.484
-166.12
45.569
4.0585
-0.82956
130.11
-35.081
3.2818
54.342
90.854
94.596
65.359
21.473
-67.572
-65.621
-59.748
-16.907
-17.199
22.166
-66.064
-45.531
47.263
16.775
59.057
58.631
44.46
-9.4714
16.802
-10.541
-131.39
39.282
70.149
-13.752
8.7351
-35.149
-29.981
-0.2701
-19.056
-45.41
-22.926
53.342
-79.22
-95.425
12.871
-63.827
13.894
-64.439
35.282
-84.818
-30.109
25.679
-40.346
34.772
68.928
-5.1421
45.294
-19.012
-61.919
-9.0257
-59.558
34.111
53.775
-107.15
-46.018
-20.904
-39.041
-78.716
-34.812
30.879
33.744
14.251
39.155
-58.665
17.052
-56.31
-65.882
112.78
-121.91
56.077
-3.6217
0.47713
3.8747
20.531
-27.164
2.1836
-44.4
8.374
0.35144
-42.646
5.5907
74.568
55.41
2.3448
57.105
-109.89
-54.49
-12.038
-38.857
-11.153
10.994
82.915
61.789
106.98
30.02
0.014617
-11.068
-18.575
42.52
112.63
-6.7453
-55.09
-21.424
12.79
-84.816
-2.6351
4.7141
77.413
-20.675
21.947
-22.199
-17.218
-63.392
0.33108
-26.638
-32.232
77.261
-26.807
76.339
37.265
-78.843
-44.366
-7.2158
72.661
80.975
-41.989
-19.517
-38.395
28.687
111.63
-0.27225
59.158
52.149
54.957
-25.239
-19.944
84.58
79.185
-49.083
25.722
-63.193
78.65
-96.371
-20.154
-42.067
-34.009
5.5365
-81.952
8.5327
-13.09
7.8298
-85.606
-4.9841
-20.164
-8.6912
102.08
-73.097
-96.958
29.548
45.064
8.1872
57.413
-8.1459
43.594
-18.354
4.9947
68.369
0.068419
17.849
-1.0499
60.187
52.352
4.8192
-8.2908
27.339
-22.27
23.545
2.3916
-98.767
-77.031
72.342
-26.84
4.0184
52.73
84.056
-45.871
53.298
0.7135
58.611
-37.272
41.962
-11.644
32.805
-59.342
30.774
-102.53
-76.974
-81.419
-37.501
-15.491
101.7
-27.524
-90.81
8.7602
91.544
91.955
55.675
81.096
-16.151
-66.26
16.429
-140.67
36.632
-4.586
4.003
86.092
3.0864
-21.325
76.993
-22.462
61.582
-42.547
23.131
-79.889
23.267
19.118
-3.5619
-11.75
-56.244
-2.4043
32.169
34.585
-38.856
68.215
44.941
-13.637
25.406
-55.556
-32.885
-1.0973
59.016
-91.871
-65.223
10.991
-4.5117
-31.618
5.1974
-45.716
-25.675
47.258
57.921
-9.6106
-32.768
32.191
-21.414
-11.564
48.632
15.016
14.978
-69.165
66.866
-76.977
38.186
-23.47
-123.35
-25.189
33.814
19.488
-18.689
-67.991
-102.54
-56.435
-163.1
75.817
35.965
-134.3
26.933
34.3
-33.935
13.957
-15.427
-78.485
-9.5194
72.659
-77.421
-88.645
15.759
2.9333
47.392
-76.964
-38.282
8.8894
62.453
-53.382
20.659
-89.944
55.155
-45.767
51.363
2.9301
-143.11
106.99
79.459
-18.457
-3.3297
-3.6389
-13.871
-7.3743
38.111
-57.92
-33.44
-22.474
-52.323
22.462
-5.9213
-9.1133
-97.645
-66.359
-15.534
32.647
-23.356
51.431
28.826
-60.385
6.0586
-96.376
51.906
94.666
-36.526
-31.385
-130.56
35.443
7.9269
-16.547
68.577
29.583
36.621
-26.724
58.911
-30.762
49.104
141.75
-6.1465
-7.3012
69.141
-94
58.467
-0.82546
-31.063
8.1885
-8.3864
13.576
-15.497
-4.763
96.301
-64.612
-29.3
101.23
28.588
-35.746
-8.2359
-67.533
70.907
9.8631
-24.97
53.098
32.91
-13.583
-70.93
-108.31
26.653
29.58
-32.133
36.064
-34.925
-40.589
-66.357
-5.1353
40.738
68.047
19.787
9.6076
-27.4
-48.711
-23.671
-30.923
-84.719
-7.3041
-8.9404
-10.416
-48.329
113.66
-46.964
28.014
-44.827
13.242
-49.797
-2.877
9.9913
-6.4541
35.951
-8.5684
-13.058
-100.24
31.035
-29.682
-14.001
-23.932
-25.265
18.538
-71.869
-51.675
-22.835
-66.066
-28.642
-53.104
101.62
33.681
-23.255
-59.106
-56.663
50.731
-61.109
-22.454
-16.044
13.835
-60.317
-35.965
42.023
8.9147
-67.012
-113.17
41.447
8.5221
-19.981
-47.143
15.533
-7.0998
74.226
34.998
-33.597
-54.762
-13.889
-10.285
89.684
-2.6734
81.34
-91.595
-13.647
77.965
57.26
6.6314
-24.992
-95.851
-19.496
-76.689
76.757
51.442
51.503
-3.5301
-28.319
3.0535
-44.273
26.231
80.51
-2.8483
3.0923
-38.393
40.294
-12.442
-101.51
-97.194
-16.837
-82.597
34.369
-17.65
51.522
-36.438
-46
-43.143
73.815
63.442
22.908
77.735
105.2
-0.43811
-25.148
-53.723
-42.249
-13.082
-14.234
-0.25799
34.258
20.693
-35.009
-70.835
64.011
23.526
-24.42
-71.75
38.213
-13.63
-65.428
75.214
-114.1
18.246
19.228
72.674
-31.982
34.642
-15.746
-41.548
-43.196
-25.085
13.005
60.174
56.71
-52.001
33.491
-100.32
-83.033
-88.775
-60.931
38.706
13.651
35.992
24.401
-50.263
101.62
17.003
-51.259
15.872
6.4263
-28.589
6.895
-31.294
-24.594
8.6238
-116.72
90.491
96.826
11.652
-49.8
-22.462
6.5328
-14.188
-21.271
-84.677
13.279
-84.442
52.756
-19.142
-23.652
-52.281
-87.697
11.896
51.069
-38.048
-26.07
-45.164
-15.266
-9.7556
-12.081
31.318
-11.905
61.994
-75.191
1.4297
24.166
-57.297
51.329
40.958
17.914
77.509
13.343
2.8965
56.711
11.317
0.17967
51.721
-58.398
-33.322
-7.7313
12.93
3.5575
26.873
34.339
-130.67
7.8751
90.948
-14.505
38.786
29.164
-19.134
-7.201
-101.63
-14.789
-82.087
-6.536
-0.61102
-75.949
-57.905
92.966
-98.542
-74.691
-88.862
-10.116
-16.915
-11.861
33.47
17.689
-12.305
14.789
29.981
-30.22
52.054
88.358
-95.773
-57.495
-60.611
-70.014
-0.66038
10.858
-14.719
-53.461
-32.276
6.1674
1.8539
-8.7817
44.836
-5.5491
43.513
2.4566
89.508
31.756
-51.429
5.6748
11.89
-14.546
2.6498
-18.84
-27.452
32.072
10.497
-30.887
91.854
28.007
-12.547
0.41936
-15.515
49.011
36.615
12.121
38.53
-56.726
1.0873
-4.1123
66.306
-7.1578
-56.484
-16.379
-62.768
65.606
130.82
26.71
-128.8
-111.05
138.28
-4.2603
-68.208
-13.829
1.436
-82.236
50.453
-8.1787
14.263
-39.852
-23.941
56.493
43.368
25.446
30.23
25.276
57.326
-31.822
-70.769
-56.078
5.9244
-138.72
-120.76
-15.419
40.742
-25.126
-43.613
-79.528
-41.225
-29.892
-57.377
53.702
-10.09
12.453
34.535
83.759
77.959
21.448
-8.8593
-32.361
48.821
0.1266
40.565
-71.707
46.76
-48.751
86.338
23.498
25.072
-21.639
11.879
-16.87
-51.647
-57.489
-82.115
-31.497
16.932
-70.997
101.61
55.074
-67.829
-31.739
-7.4907
-15.444
0.37964
89.451
33.267
-11.535
-67.132
46.688
-27.999
1.4951
-37.265
40.127
-24.785
-89.261
8.6065
65.459
29.257
65.614
5.2015
-26.642
21.437
35.477
-32.737
-11.001
-25.907
-106.34
-15.717
1.574
-60.153
16.273
46.655
-16.053
89.055
-54.962
9.5958
38.542
-18.601
-37.232
73.24
-2.8025
34.325
31.228
-63.545
-65.875
59.14
-4.4232
23.933
7.6836
-18.904
-27.635
18.19
9.2227
-13.921
31.846
-65.451
57.206
40.071
-14.093
-9.0471
39.036
-10.936
-28.948
13.759
65.643
21.539
-19.522
26.305
-13.862
116.29
38.738
10.552
-38.824
29.379
-33.459
12.4
62.796
32.084
-61.521
3.7949
-22.934
47.783
-17.522
-31.808
51.118
-83.06
-44.548
2.6751
-41.85
-10.093
-48.439
-87.033
-42.963
0.54213
46.604
-10.272
-136.27
54.442
-79.087
3.215
-12.748
-13.387
81.305
104.01
-16.291
-31.203
-20.751
53.656
-23.483
15.948
51.307
91.654
14.337
-93.821
103.17
-22.379
-77.629
27.181
10.764
-69.623
-77.228
-5.5078
74.148
34.598
