3.7703
1.1013
2.1989
2.9995
3.9581
7.5286
-4.8824
2.2454
0.49881
0.1902
3.2486
2.3113
-0.78535
-4.0171
2.8044
2.9313
-1.8191
2.5434
-0.32884
8.2428
0.34692
2.328
5.123
-2.1059
1.0431
2.9216
0.16747
-3.3078
-3.9337
-1.8334
-7.8971
3.5048
-0.00075368
-3.8653
3.3521
9.3541
-4.4879
-5.5055
4.3924
2.3231
0.6994
-2.0494
6.5748
0.25427
2.9071
-0.77859
4.4717
-0.50364
-4.4576
-5.1886
-0.090363
-1.7361
-4.0607
-4.2464
3.4853
2.3962
0.65453
4.2452
4.4263
1.7082
4.7543
7.2144
-3.1076
-7.7986
0.32975
2.4644
5.7637
-2.115
0.18211
-1.4043
-0.046936
8.5331
0.26196
0.3796
-0.055566
-0.78083
0.43601
-0.83276
1.8578
-2.6957
0.36084
-3.3706
-2.7663
4.3982
0.7397
-4.6102
-5.8265
-2.4963
-1.3114
-4.9039
-2.1684
-0.95936
-0.21511
-0.0048042
-4.3893
-2.2713
-0.47564
-0.58777
-3.6285
-1.5083
4.709
1.3116
4.3856
6.5011
0.76598
6.1561
3.9762
3.5364
-2.2721
-2.8466
3.2007
-1.021
-5.1961
-3.7172
-2.9616
0.082934
-3.1808
2.3362
3.7939
-1.9792
2.7445
-0.43897
-0.19694
-0.19739
-2.1546
-0.10933
0.88269
-3.2098
-3.6405
-1.2264
1.2888
1.4901
-0.34934
0.64853
3.3502
-0.80043
0.44096
2.5548
9.2567
-4.8435
0.61917
-2.4918
-2.954
3.2189
-4.2883
-5.4359
-0.39267
0.42788
0.69391
6.6614
5.6276
-3.1328
-2.1046
4.5335
-0.14261
-0.6497
-3.5298
0.1904
1.693
-0.91539
-0.8744
2.0681
2.7433
-0.62972
0.50976
1.7166
-4.5909
2.4868
-2.4835
-4.2401
-0.13746
-2.6498
-2.503
-2.8106
-7.2856
-0.64944
9.6186
-7.2234
0.81801
2.166
-1.4622
-7.7246
5.1605
-2.5233
-0.41258
-0.090366
1.5881
-7.7354
-3.9435
-1.4163
0.65153
-1.9039
-3.5562
3.6783
1.8987
-5.259
1.5643
-0.091975
0.88634
-8.0348
3.4402
2.7734
-1.5455
4.8897
1.2602
2.1846
-1.922
2.0337
2.8731
-0.87521
1.1323
4.9812
-5.1398
-3.227
0.10839
-0.14838
0.60457
3.6434
3.714
-5.9788
-1.2103
-0.45936
1.0597
-0.52289
2.1971
-3.5395
1.2923
2.4395
-3.7245
-5.4078
0.31385
-2.2858
0.4124
1.2464
-3.712
-0.49435
-3.8356
1.2635
-5.3867
0.83382
-1.0279
2.1784
-3.9007
0.20312
3.1047
0.61231
1.5438
0.40325
-4.5207
2.4693
3.6198
2.3694
1.2991
1.132
-0.98841
-0.32513
0.37343
2.3219
-2.2482
4.0028
-0.0047878
5.0734
-2.4317
1.482
-1.7315
1.355
0.18727
-0.83153
6.0937
1.1129
-4.783
1.2885
2.2994
3.1896
0.44267
1.3116
3.8711
-2.0417
-1.9856
4.9092
1.4878
1.8446
-2.5185
-2.9636
0.86719
-0.14979
-2.6529
3.3752
-5.9524
-5.0041
-1.1673
3.4932
-1.0436
4.8973
-3.6221
4.8835
4.2411
1.0406
-1.2607
5.1637
-0.38659
-3.3215
3.9472
1.0456
2.226
8.3639
-4.0311
-4.5284
0.71769
-1.623
-1.6724
3.7991
2.8741
0.42
3.2751
-0.63019
2.8833
0.97073
0.72417
-5.8083
5.3368
-0.62386
3.0161
-8.879
-3.2889
0.37318
3.5287
5.8295
-0.35636
5.0103
-0.58873
-1.7211
0.063497
-2.4003
-2.0988
1.1903
-2.5915
-0.74151
4.3852
2.9488
-3.8712
1.3798
-2.4776
-3.264
-8.4267
3.7582
8.1586
-1.0335
7.3083
-2.0196
-0.70384
-3.4159
-5.4284
5.562
-0.26996
1.8873
2.5365
4.193
1.4778
-1.868
-3.0522
0.31043
-1.6996
-8.1294
-1.4638
-1.3766
-1.6008
0.75169
5.6867
-4.0524
0.009733
5.0776
5.5471
-0.73639
5.2014
-2.2015
0.52276
2.0289
-3.1535
2.5412
-2.5819
0.58623
2.6924
0.52814
5.6773
0.90971
-4.0068
4.9165
3.3796
-6.1962
-0.64356
5.7424
-1.2336
4.9105
-0.32439
1.1097
0.95727
-3.4619
2.1935
-3.5676
3.4668
-0.23324
1.3152
4.7326
4.6556
-1.5266
5.8712
3.42
-4.9046
3.5688
9.6323
1.4064
-0.38925
-0.77004
2.835
1.9108
-0.095495
2.1066
-2.8086
-0.80877
6.2025
-0.3048
1.2828
0.28956
-1.5121
-3.42
2.3759
-3.6733
2.9703
1.1514
-1.1293
-2.521
3.0633
1.8338
5.0674
1.6728
5.236
2.5802
6.7897
0.6151
3.8083
-4.1548
1.5001
-5.1827
2.2597
-1.8198
2.9643
-0.46864
1.1719
5.0907
2.6518
-0.87813
-6.3992
-2.2048
-1.6414
2.0456
-1.8505
-2.1186
-1.889
0.14614
1.8861
0.17919
3.9361
-0.35926
8.6688
4.5818
-5.5763
1.4323
-1.978
-1.4723
1.0983
-2.9412
2.618
1.3152
4.3066
0.652
1.8255
-1.5896
-2.1586
1.5107
1.599
-7.295
1.1066
2.8621
-8.3881
0.030541
5.1126
-3.7738
2.5568
0.93484
6.4163
-3.2361
-1.48
-2.7895
0.89899
0.41158
-3.606
4.5442
1.7667
2.7933
1.2509
4.6668
-1.9311
-0.25672
-1.1901
-7.1869
5.5485
-0.25894
-0.64602
-1.2901
-4.839
2.9812
0.73569
3.3791
-4.1153
1.1072
-0.088209
1.8555
-3.4222
1.082
1.0565
3.7904
-0.55214
-0.603
3.9071
0.62858
-0.093227
-0.76325
-2.101
-1.4578
4.1711
-3.2902
2.8917
4.8367
3.6
1.09
-2.6988
-0.68192
2.6495
-1.3317
1.9242
-9.7062
1.152
2.3563
2.8802
3.6569
-1.9039
4.5934
0.21454
-0.52895
-0.95942
-0.25928
1.709
3.6147
0.3587
-4.9832
-0.52092
3.0936
5.7163
0.066213
-2.7747
-3.3192
-0.27363
-4.5774
4.0484
3.8886
-0.21565
0.34026
-4.0113
0.77736
7.6738
-4.5636
-1.3635
2.5134
-5.2768
-0.77333
4.4099
6.8255
-2.8323
-1.1871
-0.95476
0.2263
1.6184
6.3972
1.6154
-0.015879
0.14917
0.090421
-3.9201
-2.4522
-1.8607
2.4042
3.0025
-2.0546
2.4343
-2.9209
-1.2829
-3.0988
0.0038712
-3.5365
-4.9245
-0.20596
1.9983
-0.53231
0.031938
-1.1814
3.3678
-1.9446
2.2498
1.5256
-0.37462
0.76897
2.5408
4.2869
5.9892
5.2555
3.9215
-1.8786
-0.68357
0.76898
-0.46793
1.6032
-0.10528
1.5614
-4.1303
-0.75338
0.62664
-2.8549
1.3686
0.80027
-4.2115
2.5071
4.2029
-4.4748
-0.26703
3.8802
-1.4435
3.0168
-1.1949
-1.0153
-0.38232
1.9451
3.6686
-1.3145
-0.19622
2.2477
-3.0846
-1.0547
-4.3716
-2.1593
-1.0753
-0.09975
-5.527
2.1267
3.0315
4.033
-0.55868
0.2955
0.0090758
6.2563
-0.83099
-0.89178
-7.1931
1.1568
2.8578
-0.25427
-0.18053
0.28057
7.2028
3.1746
-3.7835
-9.8847
-1.9194
2.6963
3.2781
2.8396
4.1064
4.8531
5.0579
-4.0415
-4.2668
-0.67157
1.8685
3.5621
-5.9022
0.4861
0.9564
-1.4443
2.5714
1.8433
-0.43748
-6.5502
-0.42773
0.67904
2.4582
1.6175
-3.9537
5.2066
-0.80808
4.7832
5.6271
4.5543
3.8502
-4.4458
-0.415
3.0378
-3.3873
0.58984
-3.1932
1.7985
-2.4055
-1.7883
-1.0064
0.016211
-0.97255
-0.20971
-1.415
-2.0183
1.5491
5.736
1.7468
2.9228
-1.4499
0.12438
-0.45321
-5.9421
-0.10261
3.3707
2.2015
-0.39992
0.99617
-3.6241
4.3599
5.8012
4.9611
-2.5666
2.982
0.63828
0.82233
3.5666
-1.1975
0.45967
-1.1461
0.70645
0.25407
0.32686
2.0939
5.4032
-0.61164
0.87118
-0.55645
3.7586
1.0104
-3.4341
-3.109
-3
4.2999
4.012
-1.9516
-1.0958
2.7548
-3.3136
0.47282
0.46363
1.646
-1.5903
-4.3453
-0.40074
-4.1192
3.6572
1.502
0.7
1.0983
-2.0554
-1.0894
-1.4578
-3.8281
-3.7054
0.16181
-3.0902
-0.7533
-6.9721
3.7497
0.42646
4.3582
3.0132
-2.9087
-0.8382
4.439
-0.72907
-1.1488
4.5033
0.50779
-0.39756
-4.5974
-5.079
5.9279
-1.5766
2.63
0.90616
4.3535
3.585
3.0313
5.1373
1.8192
1.2032
5.3537
-2.7322
9.5512
-1.8818
-3.0856
-4.3197
3.125
0.20232
-3.4548
0.018798
-2.7705
2.9373
-0.97478
-4.4233
2.5847
3.1476
-6.0168
4.8041
-5.1112
2.972
-6.6927
4.2451
-0.68023
2.701
-1.0748
0.61038
4.4527
-1.2705
-5.1086
0.24255
3.3137
2.973
3.4403
-4.3133
4.013
2.8393
-0.02605
-2.1171
-3.7084
1.0518
3.7916
-1.1729
2.7272
3.8839
3.5995
-3.921
0.43052
-2.7293
1.115
1.3156
3.0144
-7.8987
0.62713
1.3292
0.6321
0.58628
3.3424
0.0087744
1.9988
-0.11233
-8.1383
-7.3891
-2.6135
-2.6558
7.4934
2.1547
-5.0494
-4.6633
-1.4877
-2.786
5.5113
-2.8087
4.625
7.0717
1.5692
-3.3783
3.4624
3.1733
5.417
-5.3739
-4.9508
-0.09289
-0.97951
-5.7054
-0.48241
-1.4796
-0.25587
-2.751
6.1718
-3.1716
5.1585
-4.4925
2.4892
-4.504
-3.4134
7.3755
-1.1842
1.7808
-3.4916
-1.8359
3.2377
3.5647
1.8079
-6.484
-1.6311
1.5714
5.7136
-1.7634
0.19318
-3.1576
-2.8856
-3.1271
-9.6507
-1.9943
3.0172
-12.14
-4.5338
5.9904
-4.4136
1.0024
1.8425
3.5382
2.7253
-4.556
-1.7761
3.6682
-1.3189
5.2522
-3.4325
-2.5184
-4.7345
-4.1644
-1.2742
-0.45671
0.44765
-5.3468
-2.6185
2.8594
-3.5016
5.3255
1.0767
2.4001
5.3705
-4.4613
1.8274
-2.5378
-3.9732
1.2654
4.076
4.8475
-1.6576
-1.5462
-3.3568
6.3943
8.6441
-2.7514
-1.8841
-4.9525
-4.2979
0.051743
2.1723
-1.758
-1.2699
1.3814
-1.6432
1.9779
-1.4979
-2.2532
2.8482
-0.12096
-4.1174
2.0223
-3.4067
2.401
-2.054
1.7425
-4.2049
3.1356
3.7339
2.2315
-2.5517
-0.98659
1.4466
0.66778
-1.378
0.36024
2.4992
-2.3447
3.1842
-5.1479
0.91374
-2.1459
-0.68194
5.2658
-2.5587
