15.631
24.159
0.16229
17.699
-16.27
47.898
-0.95682
20.373
-37.835
-32.915
-5.528
-11.318
80.874
-7.8076
36.061
26.777
-18.435
-0.036895
-6.1158
-4.3555
54.239
25.132
-5.0249
-12.925
6.3947
-55.219
8.4573
-30.912
22.206
23.047
18.458
35.028
-15.495
-19.523
-37.603
-1.004
18.744
26.113
-29.481
17.734
64.519
15.151
25.157
-31.547
17.287
-37.028
-3.1215
-37.92
2.7469
-4.461
-0.20231
22.034
-29.529
-16.39
-23.535
-43.194
-19.532
44.232
39.907
-0.99271
-46.545
-16.292
18.085
6.5421
52.515
-48.129
16.897
14.465
-65.262
37.937
-14.776
35.551
-84.16
-21.767
6.855
-36.89
-63.657
-22.608
1.1506
-39.346
-0.67469
-19.638
-4.7801
11.916
10.673
33.872
2.5919
2.2595
-9.1688
-67.178
33.492
15.374
-5.1217
-2.3185
16.637
-11.76
-13.367
-13.763
2.2624
14.088
34.112
-6.0552
3.3963
-5.1698
-4.5324
19.768
25.825
-19.737
-1.7986
1.895
52.493
-7.8278
-46.568
17.949
33.513
-0.73794
-16.602
34.068
34.248
3.0597
44.929
3.9065
-42.684
31.252
-36
-25.511
22.057
41.911
-39.877
-16.658
8.0288
-22.482
-19.239
-29.173
5.2447
19.929
2.6242
-52.001
-13.764
3.191
-9.2748
33.466
-49.672
1.7397
3.2525
-0.32472
-39.603
-12.549
22.383
37.53
8.2755
-19.628
28.991
-11.433
-10.158
-18.609
-1.5876
-15.684
8.4644
-31.807
9.8876
-39.151
12.221
-9.3847
1.6762
-35.456
-43.046
-48.241
54.587
70.737
-75.045
3.1735
-30.149
8.6025
-66.124
-61.154
11.704
10.001
10.766
-0.2273
78.345
-50.044
-35.123
-1.9375
-30.492
45.071
5.1289
43.743
37.943
-4.2046
-38.744
-57.9
11.382
-25.107
0.394
14.461
-26.021
-18.552
-37.031
-80.984
34.91
25.109
-4.0283
-70.798
-34.875
-10.548
-3.7802
13.873
16.375
60.986
15.129
7.3861
7.1148
0.1791
44.62
39.839
21.865
5.6825
-19.681
1.2186
-58.795
8.4485
11.602
8.9767
-4.9988
44.361
45.944
-10.354
23.577
-9.0328
-6.5689
-12.918
14.393
-56.902
-101.08
29.733
-23.016
33.396
22.395
19.706
30.674
-13.767
38.896
13.468
17.469
-3.2011
-32.05
24.428
30.463
-16.114
-44.413
-18.972
-1.7357
9.5273
-8.2654
27.912
20.245
-49.255
38.06
-24.591
-8.8113
-37.902
-18.532
4.304
29.479
7.2683
-74.115
63.633
1.6282
22.562
6.0054
0.78657
-17.535
-22.033
-3.9205
12.954
18.31
19.714
-58.327
-31.317
27.751
-88.527
-37.57
-18.1
-6.3864
0.023546
1.0297
9.8692
-3.3628
22.594
-6.4748
37.167
26.889
-21.14
73.554
31.594
59.525
-17.598
30.244
-33.158
-4.6793
-30.942
40.334
-27.213
-0.44916
-26.532
46.607
2.0483
46.809
17.59
-21.011
-37.789
3.9848
-2.2796
-16.118
-25.879
-44.345
-14.345
-5.8305
-3.7578
39.553
-9.7402
13.844
64.254
67.946
-23.558
-7.6509
-55.321
42.547
-22.193
0.11006
-35.341
58.45
47.783
-51.334
-20.789
22.641
21.596
17.124
-6.3593
19.365
45.816
23.099
-21.708
60.756
24.495
-28.961
-95.515
8.0146
-20.442
-26.618
-26.387
13.952
-69.802
7.6512
-0.11211
0.43934
22.95
3.5892
-7.8423
-20.905
36.016
-41.103
-26.219
22.047
-44.159
-3.2593
10.94
-47.167
4.2308
10.213
10.726
-29.652
13.496
25.893
-34.929
17.938
40.821
-48.607
7.624
-3.3463
19.794
28.655
27.308
23.248
-31.755
-47.322
-8.9222
-3.1303
37.6
-34.666
-36.25
-31.2
30.401
15.698
41.515
-34.617
-12.29
12.857
54.094
15.848
48.057
-22.439
25.729
-29.772
0.16625
6.5799
-11.314
0.33867
54.611
19.452
-16.813
-21.889
68.21
14.2
-25.162
40.17
-35.512
26.552
-24.486
0.016149
36.706
23.426
-13.888
49.894
1.5434
14.944
11.873
-53.48
3.4236
-33.793
8.0606
-9.0634
-55.848
-6.2398
33.293
10.752
4.1321
4.34
19.075
-85.186
22.093
-16.393
45.293
-24.302
1.8801
-3.5649
-34.319
54.432
-16.403
74.134
27.475
-3.9693
5.4322
57.963
-37.788
-4.2648
34.93
-9.7358
55.876
13.221
-48.291
-28.201
3.8043
-24.262
-7.015
-40.336
37.424
45.067
26.4
26.377
-90.557
-70.109
4.9386
-8.2501
59.422
3.8611
-22.405
-40.893
-74.076
45.796
-4.6862
57.37
68.204
10.489
1.6757
45.4
27.434
66.287
-2.4248
55.9
-36.809
-7.0554
29.613
38.435
3.955
-40.384
-11.968
-42.539
-32.036
-2.1004
22.005
33.691
-49.015
-28.866
-11.621
1.6164
-11.174
-5.5385
71.491
55.025
4.2342
-35.948
5.2972
-60.901
12.117
-33.925
-38.694
17.276
10.572
-65.087
-1.5084
-67.62
38.961
-47.869
-34.354
29.726
-44.319
-70.995
13.505
50.908
-10.603
-27.291
-6.6339
-2.0003
44.147
-52.985
-9.2024
13.539
22.999
-35.637
56.779
17.194
-59.19
0.42094
24.007
-60.701
20.903
-26.39
32.542
-31.698
19.574
16.777
39.956
2.5187
-16.638
-56.853
13.619
4.4808
-44.036
37.334
65.656
2.4644
-12.66
-11.65
-2.6276
12.302
4.0229
15.545
16.727
15.516
-8.2928
25.138
-52.65
37.363
9.7453
7.0583
78.401
-33.263
18.195
65.977
-39.146
44.216
57.125
32.837
-9.6326
48.276
-47.022
-36.833
1.806
17.14
16.145
-16.325
-37.935
20.245
30.12
-16.446
22.143
-15.542
5.1401
17.213
-16.033
14.087
29.703
-1.6281
8.5909
-39.537
43.1
-48.169
-35.657
10.794
-14.286
-38.712
-39.491
-31.046
5.5284
-61.618
-4.779
17.81
45.877
35.961
21.447
-13.527
29.733
42.232
-25.642
3.7062
4.7512
64.102
71.614
-46.039
9.4505
-27.278
10.285
42.083
-5.3994
4.2484
16.659
-55.078
-14.179
31.888
27.218
9.245
11.727
-3.3356
-8.4518
62.278
9.5915
8.6107
41.878
-18.603
-1.5964
45.253
43.812
16.89
24.774
-29.649
29.988
9.6544
11.863
1.6957
-47.435
15.79
-24.496
25.21
10.091
2.3175
-37.971
54.085
16.924
30.002
16.663
23.545
21.038
53.281
-11.455
36.144
-24.056
40.35
59.307
5.3868
24.835
-24.164
-48.054
25.472
16.105
-3.2513
28.517
4.9758
0.31594
2.0216
7.0288
-38.744
-3.1331
-22.207
17.176
-68.262
-53.011
23.522
-7.328
25.814
-19.242
0.62717
-37.106
4.4398
-56.98
-35.845
86.69
25
-5.0318
-9.5298
-26.63
10.138
-48.704
-5.6548
22.082
-46.22
-16.342
12.007
18.668
0.50367
7.2067
-39.324
21.907
-16.057
22.324
36.155
14.774
31.951
-16.689
19.862
-12.349
-20.358
-11.959
62.438
-24.865
39.617
14.972
12.299
7.6085
-2.5422
-20.866
-19.148
-63.294
-20.254
18.172
-11.845
-33.637
27.25
10.234
-53.579
-27.735
-31.032
-36.239
18.177
106.93
-68.017
-5.0294
-24.207
41.602
58.134
-12.527
16.87
26.502
-29.23
21.649
31.404
-18.456
-11.788
-45.383
10.192
-26.921
34.433
5.0225
-18.18
-6.4729
30.839
-21.872
28.932
15.205
25.273
-37.001
27.973
13.501
-37.422
-8.6702
35.826
32.862
-1.4391
40.408
23.96
-9.4845
2.0702
-44.827
-33.959
1.1053
-35.353
-11.477
-65.976
13.703
21.336
-14.013
-7.2827
-29.737
9.471
-49.289
-1.5817
1.0755
-14.026
-42.835
43.378
-37.194
-36.459
32.157
62.388
-5.3897
-39.983
4.4746
-12.642
10.232
6.1921
1.4539
15.465
-54.988
-30.675
-35.591
-23.221
-16.327
4.3453
10.952
-1.6363
-34.878
-20.173
9.0935
28.389
16.429
-8.6884
31.449
12.4
-4.9512
-36.106
-16.329
41.631
-48.532
25.813
68.344
28.762
-7.8525
52.833
8.0084
-0.31648
0.99913
34.657
5.1205
-45.911
-31.44
20.215
-37.983
42.179
-2.0477
11.416
-89.64
11.631
17.64
-46.439
9.5767
30.069
-11.641
43.95
-12.166
30.441
16.375
-98.21
-13.093
13.42
-1.7747
9.826
-41.459
-45.576
18.266
41.201
53.787
-35.396
-23.114
5.8892
-52.296
13.668
-27.818
-14.295
-23.507
0.67265
-32.826
28.39
-12.961
35.037
-21.838
-29.461
25.144
23.912
-3.8013
-52.288
27.445
13.416
-21.032
-20.594
-8.9487
-25.646
1.2877
22.037
-36.372
-13.936
-67.429
80.514
-26.107
1.4911
-84.063
4.976
-5.8465
37.747
5.6795
-62.624
-26.486
10.679
45.117
-35.38
-28.67
4.1393
-3.2037
-34.96
-18.143
-0.02364
10.112
-42.291
-64.149
-25.874
2.9575
-3.7356
-17.906
-14.281
42.49
-35.304
-21.642
-0.63969
-56.136
12.946
-29.214
-4.1646
10.254
-13.279
-12.308
36.63
6.0434
1.3953
18.436
-12.233
26.583
-4.0613
33.323
-3.5819
-28.388
-26.757
-22.217
33.971
44.109
-14.526
22.416
-7.3789
3.7313
7.7448
17.157
-4.5126
-18.875
30.4
53.813
15.432
8.8838
6.0593
32.197
6.029
-59.831
1.8189
6.3789
-9.0673
2.7494
0.25989
-11.153
-12.685
15.205
-21.112
-17.241
16.996
71.003
24.662
38.246
9.2561
8.2856
21.704
24.678
-8.3393
-48.044
-1.5346
-8.4056
-29.568
-74.149
-22.719
-12.272
-23.616
27.606
24.826
-16.087
-30.84
-19.747
4.0682
9.9826
-1.2461
-28.252
-1.176
29.344
42.172
30.438
41.081
-57.353
22.169
56.154
-88.704
1.2389
7.7471
-13.132
-4.4784
-34.657
2.4894
-47.567
-14.859
-68.964
-61.435
-9.9258
-14.375
2.1638
-0.87847
-35.46
7.0481
42.825
45.864
-44.032
-36.648
-8.249
56.06
16.328
9.8144
-25.571
-3.5674
77.134
-2.1652
-12.355
31.02
-3.7069
8.7988
-53.767
33.164
53.97
51.276
22.794
-54.936
-24.994
-16.647
22.857
-47.92
61.783
36.544
-37.589
11.494
-50.944
-5.7798
42.768
3.5005
16.853
14.745
15.002
6.3627
-12.645
2.2108
-46.572
18.005
-2.1154
-54.842
-63.975
47.295
0.83773
-84.595
17.615
54.785
0.134
9.3225
-10.315
3.7326
-21.738
-65.957
4.1665
19.72
-61.564
-30.321
-19.575
-0.8068
-6.5131
11.99
32.253
-12.741
31.61
23.488
-18.6
-5.5697
0.46135
0.86223
12.581
64.424
-26.544
13.909
-65.466
-17.713
-56.066
2.4085
1.0142
28.125
11.335
-13.6
47.715
-10.431
-32.132
-1.7678
18.956
-27.387
54.072
12.28
-44.039
73.971
36.126
14.442
4.5862
57.517
17.863
-3.9366
25.863
17.059
0.18057
-5.1848
-10
-36.332
-34.588
47.62
-1.2861
-4.014
-2.4087
53.328
-26.362
23.798
-10.529
53.754
55.782
20.148
2.8173
-64.124
-2.346
-22.048
68.24
21.79
-40.737
-23.094
39.146
23.423
44.317
4.2486
12.693
32.001
12.095
-18.633
-17.99
-20.97
6.0383
-4.2361
34.063
-93.074
-10.583
-5.5698
-52.83
-18.178
-5.7322
0.68012
-25.608
66.758
-18.364
42.789
26.708
3.2887
-3.7135
55.552
11.278
-36.688
-34.718
44.406
-15.814
46.663
-36.345
-26.694
51.085
-22.141
-29.365
-2.1897
42.291
-0.52619
-58.035
29.782
-37.213
30.961
-6.7831
-53.784
-33.393
0.29068
-25.084
-19.273
-24.731
13.501
14.869
40.37
6.4115
18.065
74.695
39.73
-2.8675
36.843
22.146
10.106
36.65
-56.87
-10.011
-17.26
24.27
50.59
-84.147
-22
-35.46
61.549
31.763
-3.0947
-24.624
-35.608
64.121
61.527
-13.011
35.671
-45.812
4.7457
7.9023
-0.99257
25.132
37.665
86.303
-10.001
1.6047
45.793
36.301
-11.289
0.64246
45.097
10.24
-20.012
9.4338
-18.115
-49.906
17.086
-19.927
-0.18659
1.9423
42.389
6.8096
0.50488
30.612
-38.191
-15.353
51.613
-41.356
14.368
-31.301
-2.1033
18.685
-26.884
-42.893
54.058
4.1923
-35.441
16.735
-22.61
-25.971
-49.879
-31.567
-1.3878
-40.161
-0.24442
5.7285
51.16
74.835
-44.715
-90.21
35.118
55.032
80.622
-6.0782
23.651
-9.5051
-3.0511
-2.5394
-67.633
21.174
-18.192
33.522
-18.193
26.792
-36.956
-4.0551
-36.168
8.0003
-55.742
16.987
17.351
-22.236
10.315
-3.472
-23.918
36.684
49.623
-27.17
69.793
-21.179
-41.062
-6.1038
-40.527
4.6469
40.731
68.6
-0.55752
46.877
14.191
17.407
12.629
-50.3
25.859
-33.923
-2.319
-0.72386
27.981
3.522
2.7312
-13.383
70.888
-32.835
14.499
-18.568
-36.864
-17.383
12.358
-14.733
-13.221
-23.322
1.1726
6.6736
-20.461
-39.415
17.646
-28.384
73.478
41.612
2.0655
-30.17
39.205
-26.685
34.519
32.796
-66.793
-15.665
4.9961
23.451
-1.5961
1.3994
27.714
3.8638
-38.477
35.97
-15.815
-11.096
57.921
-11.604
-17.666
-48.712
27.603
8.585
41.489
-16.442
4.8601
26.498
-8.471
23.391
34.189
34.905
-78.738
37.423
0.38558
20.383
-37.028
-83.995
-2.1091
-24.151
18.145
-5.7821
16.596
39.498
-73.871
-30.651
5.8523
-4.7491
-16.426
48.079
-2.0539
-3.1693
-35.69
-42.877
-36.92
46.876
-37.322
-19.142
2.8058
22.337
21.343
-14.067
58.586
-23.853
3.4695
-8.9339
-45.411
-24.363
9.7775
-12.242
13.961
-16.897
6.1389
4.0421
24.121
-34.732
-17.075
-3.4196
-0.30972
-1.6573
-66.832
11.872
24.912
-5.0852
-11.973
24.399
48.894
46.496
-2.5967
-12.96
-3.7209
13.397
-54.842
-12.075
35.901
-19.799
2.6247
42.878
-1.9544
2.8955
4.3403
1.0451
-15.562
14.611
63.713
59.289
11.398
-4.7464
0.55167
1.1515
34.053
-70.943
-35.507
-8.0131
39.315
-42.083
-19.866
-12.545
-13.125
-8.7337
2.0667
18.552
26.548
12.744
54.805
37.532
4.9146
51.758
18.133
-10.105
-15.205
-5.97
-91.763
17.78
3.4019
-23.76
16.564
50.361
-20.607
-22.524
-22.922
15.682
36.29
9.7413
33.325
-16.474
-19.072
25.364
23.711
-11.356
3.8587
-32.719
-26.887
-12.658
-7.5693
-57.768
-8.5737
24.525
0.19269
-20.703
23.268
12.158
-9.8086
3.1779
11.382
38.775
10.117
42.156
-1.8339
-6.2175
14.39
-25.126
-27.486
-14.994
-51.773
3.0106
-34.487
-40.731
32.808
-38.78
-29.997
0.77794
-21.424
38.181
-22.096
-17.342
4.1912
24.602
4.4994
-39.53
19.389
-18.113
53.633
7.6037
26.976
-65.552
0.90345
13.284
-2.6562
-33.643
36.286
-53.559
-21.389
-27.931
34.031
68.891
5.3062
-15.228
-56.976
-18.144
3.4668
-19.021
-8.7187
-9.011
-75.415
-5.0406
-48.747
-5.1571
-13.033
-3.4517
-7.8281
60.507
-3.6907
55.838
46.992
14.557
-58.772
6.1643
4.7051
38.312
-20.096
-31.3
23.363
-19.024
-2.2194
43.021
-19.805
-7.1881
30.161
14.645
-8.5527
37.481
23.029
4.8958
-26.531
-7.9044
-2.4835
43.309
6.1061
39.84
31.399
-14.586
31.593
11.012
21.102
52.509
-36.246
-34.469
10.963
-27.214
23.887
12.417
-18.826
-50.285
20.655
-10.034
18.637
4.6762
14.12
2.5911
17.047
-25.685
-14.642
0.1488
37.22
1.9
-46.336
41.028
18.945
-35.564
-7.9222
-25.292
22.397
-26.104
2.1217
3.6381
-55.204
-45.288
-28.347
29.998
-35.697
47.549
-58.092
-83.912
28.928
-6.8724
64.957
-7.066
52.166
-44.273
-18.07
15.194
-16.895
-0.59217
-22.609
-5.6991
-39.299
-36.719
-7.7152
20.764
-23.156
-29.381
-44.066
19.148
-21.516
38.256
-24.985
-3.6842
-55.565
-21.909
-48.878
17.264
-31.99
-22.857
12.207
21.313
44.881
24.594
-73.297
0.70032
-77.692
-29.551
23.144
41.951
10.334
-3.2119
42.106
20.612
16.398
-12.2
25.241
-2.6167
6.0476
-28.482
8.1371
53.869
-21.35
51.146
-42.269
-24.545
15.438
4.3137
-45.812
-38.235
16.9
55.776
-35.051
24.305
-47.805
13.854
18.978
-22.221
-2.3792
63.379
55.179
22.835
-3.7748
-21.952
-32.952
23.912
-29.31
-4.2312
4.5187
-55.762
-40.415
-7.8482
-21.102
1.9742
38.092
35.851
-19.081
11.484
7.7139
-35.437
-46.407
-26.168
3.7249
2.3952
7.7599
16.418
-6.1096
41.045
43.6
46.847
8.8532
-25.137
50.391
0.13819
-13.007
-14.932
29.447
-44.5
-25.681
17.523
-1.8991
12.375
27.693
24.814
22.074
30.188
2.0583
35.64
-10.408
-41.969
-22.091
5.2851
38.815
29.147
-12.823
-21.807
-15.492
31.531
-11.635
-12.966
8.6724
-37.418
15.032
-16.999
34.364
25.275
16.392
-24.384
-20.583
5.604
66.893
-21.228
-8.1557
15.797
5.7447
45.44
2.3827
6.7757
11.03
7.8316
54.352
13.128
2.083
-18.262
11.742
-6.4822
-13.866
-2.0402
25.26
53.834
-38.746
-4.4651
3.3902
61.78
-21.574
-14.318
-42.381
-26.075
-1.3135
-25.628
26.818
-68.861
17.118
19.449
10.269
-31.974
20.952
35.802
-49.991
-15.693
-33.882
-0.40896
14.889
68.343
36.232
9.3114
-16.258
6.2804
14.723
-2.3323
33.169
-9.5238
-1.545
59.486
28.406
14.656
-3.0825
27.092
17.21
10.025
-34.633
-4.4646
-45.642
-27.914
14.164
-42.227
-0.87647
39.976
27.696
17.49
40.873
10.489
-14.594
-27.271
-28.252
12.79
-50.302
48.961
68.321
4.2824
-12.222
-22.51
45.297
19.063
18.989
56.806
-13.109
21.864
15.639
22.865
-17.477
1.2172
26.126
36.986
37.906
-41.229
15.287
-20.714
-1.9538
-1.6787
20.988
-21.485
8.1995
-58.374
-2.704
-40.274
19.016
-21.763
7.7078
25.499
28.592
-41.567
26.063
-21.087
15.444
-23.563
-95.342
-17.769
-32.907
13.769
-10.494
-26.729
-18.366
35.169
-9.1173
8.0127
-37.883
11.729
37.05
3.1093
23.048
25.216
-38.828
-14.481
-28.421
-24.588
-51.155
-6.8917
7.1721
29.745
-11.457
0.35707
79.72
-21.102
6.1662
20.184
-2.0635
28.215
-31.564
-32.834
-3.0258
-15.883
-13.415
7.7764
28.88
-19.801
19.266
-13.304
15.077
-5.6994
-18.266
-3.5087
18.647
11.731
31.07
-23.66
-4.1453
24.9
12.255
-15.939
-37.192
40.767
61.791
38.387
-36.528
-18.629
-22.5
43.531
27.122
5.8537
1.6966
29.19
-4.4576
-64.554
-16.114
-19.062
18.22
33.682
-8.1302
14.197
-19.665
-58.21
-2.4615
-2.861
35.623
-47.065
44.031
-11.479
-2.2137
37.151
-5.715
-22.338
2.2224
8.8599
30.279
48.904
-3.4959
37.755
30.202
3.3563
8.8846
-1.8082
41.564
-37.554
-38.128
6.0056
2.642
-14.383
-27.091
-8.8885
-9.8313
-21.481
42.359
66.588
8.8427
8.3142
-22.849
-8.8978
20.844
30.717
23.341
21.723
-38.408
32.827
-42.126
14.141
-12.193
26.429
-14.229
6.0049
-50.956
-1.0028
-18.623
12.634
-64.583
-20.896
35.348
19.67
-9.2197
3.6565
-2.1365
-24.79
12.088
-17.657
10.355
31.603
58.084
-11.402
-34.581
3.4887
-6.1728
11.915
-12.946
-42.131
21.442
0.52571
15.013
43.814
-0.78256
-52.487
23.17
0.4747
36.765
7.7595
26.968
-46.236
-11.506
13.423
6.9723
40.593
27.134
13.108
23.279
-39.627
0.068494
5.0239
7.5761
27.537
-42.467
34.806
-19.592
-6.9688
48.288
-7.4645
11.102
15.411
-0.34724
36.316
42.306
22.308
38.784
-9.0125
8.714
13.049
12.494
-1.358
52.014
-41.783
56.502
12.112
-12.598
-10.255
-24.841
55.578
45.715
29.681
-6.2412
-5.9339
13.901
4.5697
24.262
44.288
-45.432
10.266
4.6838
22.296
39.803
0.45133
-42.846
34.729
-42.832
21.608
1.4342
-10.373
-18.686
0.0095199
-25.692
-1.0457
2.9764
15.315
-10.606
-36.562
-16.301
-58.956
-48.649
-53.547
-1.0067
31.727
-10.821
3.4358
-0.62485
-48.427
6.9874
-32.319
-43.58
-32.96
-16.531
-2.28
33.227
57.16
-33.213
-5.5937
-0.5718
25.137
-0.96901
23.973
35.242
-0.20824
20.834
4.5554
-43.935
-17.282
19.643
-42.263
-10.286
9.3913
-1.9522
-25.284
21.877
8.6309
9.8853
8.2068
-20.485
-9.459
-42.946
37.229
27.933
69.966
28.58
19.564
-16.556
52.52
-17.615
-16.574
-23.936
-2.4982
50.076
-6.0669
1.2806
6.1481
-14.669
19.473
-13.147
-26.03
-21.931
9.4253
-14.708
-35.183
-13.168
17.863
32.246
-6.3661
20.083
-49.607
-39.778
37.191
11.456
-51.342
-36.782
0.51224
-14.331
41.003
-64.79
-43.298
10.823
-29.475
-6.9556
41.701
24.627
68.899
21.845
2.232
-55.663
-35.357
-13.708
-0.58108
7.6407
-26.212
-18.126
-4.1318
23.842
-12.133
-11.22
-33.465
71.575
-30.079
-37.298
-8.195
-25.698
-36.385
12.492
-25.404
8.9537
-35.161
0.13028
1.2176
-48.537
4.8884
-80.629
-7.1577
35.891
-24.967
2.3643
42.377
9.0119
-39.29
-13.112
18.705
31.477
4.7764
-39.363
45.88
-1.0691
-9.6752
-20.626
52.618
-37.649
25.645
-20.712
39.855
-2.5535
-22.42
-45.656
14.063
9.1354
-18.486
33.892
-4.4896
-18.146
-35.732
-19.17
-57.205
66.8
-0.15435
45.941
42.046
-31.936
2.9168
30.466
35.403
1.5458
-18.723
-31.446
-4.1213
-9.6537
14.809
-35.898
7.8932
12.037
33.885
-30.003
-32.504
24.132
-47.022
6.713
1.6486
14.179
12.115
45.747
21.459
21.544
11.363
1.1286
6.4138
-22.558
-9.6066
-28.159
-24.256
14.903
-10.512
-11.645
-66.062
-25.284
-18.862
-37.619
1.2201
-35.78
-8.413
-14.715
19.511
37.199
-66.028
26.602
-7.4856
-35.598
-3.4616
31.36
-7.3368
-40.978
-21.435
31.276
45.372
-1.2794
-2.7695
26.293
-18.043
-19.057
60.338
15.603
48.499
-46.719
34.069
-25.694
31.91
41.513
-21.556
-42.44
24.464
46.571
-11.89
-24.282
35.107
-73.289
37.718
11.213
-24.22
30.26
-31.941
-15.735
-32.558
3.4637
22.294
-6.2762
-92.856
-28.318
-24.153
67.319
-19.122
29.303
9.782
-7.2647
-31.722
8.3717
-44.245
-19.691
52.696
52.447
-10.734
6.804
4.3057
36.901
2.7639
54.758
-36.722
-6.0355
26.383
52.044
7.7606
66.627
49.495
43.912
-5.2631
8.8902
29.629
-36.689
3.0424
-20.183
-7.5634
20.511
28.098
-1.4753
-23.95
-15.638
-53.897
-45.271
17.362
48.976
-1.6157
-25.938
29.189
50.132
12.534
-63.915
-17.015
-36.363
52.381
0.92818
17.057
50.244
-29.119
-21.35
-6.9861
60.669
-61.198
0.68116
12.967
-30.875
-9.7884
28.996
0.9589
32.409
-46.996
25.446
62.872
-4.6056
-0.51152
-63.239
6.8566
54.602
-27.049
14.689
4.4087
29.472
9.407
34.694
-42.576
36.015
5.0056
-44.459
-56.281
13.429
8.1929
33.049
26.028
20.921
4.4593
-21.425
26.438
14.907
8.8606
-9.6571
10.535
-77.909
-24.455
-50.96
62.054
21.919
-9.2494
31.351
33.259
-20.67
25.232
-41.655
29.175
68.523
23.639
-8.2317
57.925
32.417
-39.785
21.644
-12.316
-9.0811
-20.3
-22.462
22.796
47.348
28.545
53.864
31.471
51.333
46.525
-30.638
15.644
49.967
18.758
-13.041
-68.582
-12.349
56.17
-18.267
40.818
-1.2879
59.521
-5.2388
44.364
-9.3527
19.334
10.409
7.4749
19.789
13.234
32.397
-31.172
-12.993
-9.2641
-36.826
8.9635
10.556
30.276
-3.1584
-13.429
16.397
-13.164
36.476
-53.913
23.92
34.853
36.544
-29.39
-21.503
-36.444
-9.926
-27.11
-22.867
3.996
25.647
6.154
43.244
22.426
-3.4138
-21.249
-14.374
-3.3804
-27.465
-26.03
27.843
-22.972
-4.8841
15.868
28.587
-45.832
2.8838
-29.628
1.584
-11.339
17.209
53.254
-17.343
82.666
17.083
-7.6097
-31.331
-16.435
10.541
-20.831
-12.351
25.891
-34.205
-16.802
40.143
-60.268
27.479
-7.5003
-2.1998
-40.555
-5.1406
-16.644
10.208
-33.683
9.1289
-30.919
-32.132
-26.548
36.468
-54.19
-13.422
-3.5048
-27.207
-0.04067
9.82
-6.1204
-42.181
-28.626
67.006
48.552
-49.13
-13.756
44.794
34.855
-4.851
17.67
16.693
9.1538
20.314
-21.074
51.645
-63.352
32.083
-22.512
-16.706
-69.615
-5.6172
-0.77831
-54.165
25.403
-2.4642
-17.23
-24.222
-2.3644
-45.323
-7.7972
-52.661
-36.138
-15.744
-36.819
-62.433
-3.8346
-13.117
51.962
27.893
-19.897
-24.504
-20.684
33.283
-1.8989
-6.9062
-25.66
-66.712
21.346
33.344
-31.812
52.912
-4.4854
39.811
13.135
22.835
-10.432
11.254
-27.721
13.664
12.724
-13.528
84.122
-16.889
-28.179
3.6892
65.116
31.834
-2.2303
25.475
-5.0475
38.19
-8.4313
12.69
-39.011
-8.5929
18.332
21.045
23.403
-17.753
15.96
-51.73
-64.79
31.061
6.3726
-53.812
-25.584
2.7319
24.998
24.576
-11.514
48.867
-31.005
19.777
26.374
38.233
47.722
-15.834
17.966
45.938
21.974
20.178
-2.3614
6.6593
12.848
2.8957
-35.421
-2.1409
-13.495
-36.298
20.657
16.535
-9.3658
25.742
5.9329
5.9235
1.3701
-18.225
53.346
-0.35498
7.0629
-16.832
-16.675
54.948
42.237
-14.39
-47.22
22.553
3.1576
-10.829
5.9294
2.1418
-36.133
28.176
-13.674
-13.822
13.15
12.377
48.374
-7.8012
-22.635
37.984
-10.411
15.18
-24.484
62.061
-30.243
29.953
-39.631
-7.4979
6.8607
15.547
-13.525
-37.25
-16.163
-7.3037
21.799
9.0995
-30.662
9.0899
58.325
12.871
53.271
-4.9021
4.9413
16.984
29.503
20.9
1.2762
11.503
89.033
22.493
-20.744
-5.9895
70.18
-21.28
-25.384
-51.605
47.681
22.916
30.263
12.193
35.122
49.029
1.7149
31.036
-4.5213
34.096
1.2946
-22.878
-32.445
0.70461
21.559
35.675
10.059
-17.332
-26.509
-5.8512
-7.8119
-24.543
5.3767
43.842
11.865
-19.254
8.005
-2.7986
16.384
-16.505
-11.95
9.4636
21.073
-16.35
1.0358
-6.4666
128.76
27.521
-37.581
6.8364
35.545
-14.779
-54.723
-35.057
-5.8844
6.0897
-23.147
-42.721
5.6205
58.298
-53.769
25.936
2.5326
-4.7264
-60.353
-65.007
3.4953
-1.3142
31.353
-21.14
3.5535
-24.117
4.0495
47.651
15.722
-25.042
8.8329
28.066
20.064
48.839
14.601
-10.188
-34.555
-8.796
14.575
33.593
-3.6647
43.808
22.931
17.009
-43.39
23.492
-47.24
96.36
16.235
-10.288
30.447
20.349
15.279
-0.67522
49.223
-15.438
-29.691
-43.458
33.225
11.47
26.171
29.411
-0.95633
1.6488
12.424
37.166
-23.421
-25.134
53.974
-12.949
-46.935
-8.0273
-11.937
-41.52
8.1552
0.62874
8.5587
-57.289
53.277
-3.8611
9.8919
21.68
24.329
46.322
22.518
39.434
-12.876
-23.278
6.0756
35.28
-41.389
40.636
-24.28
22.383
-1.5644
25.682
43.744
15.186
9.5885
-3.1616
-14.605
12.882
5.6396
14.556
30.201
0.43386
89.488
-17.044
-26.022
62.708
14.779
-13.012
5.8773
21.671
59.603
42.503
-22.273
48.217
-4.1115
-33.315
-21.612
-4.8861
-43.196
-5.8613
-66.074
20.42
-23.442
-5.6537
39.28
14.945
-28.227
35.094
32.293
-6.8902
11.875
-10.591
8.7859
12.27
-23.344
-2.1661
28.311
51.581
-18.502
4.7651
-14.672
-58.697
4.9309
24.282
-21.569
-8.2807
41.646
-8.9371
-14.472
-39.755
19.559
-28.209
-12.876
4.0423
-1.6681
-19.932
-19.859
37.531
48.482
-0.71715
48.061
-26.813
46.014
-31.27
-9.1331
16.02
7.8721
38.069
13.229
-19.277
-11.62
20.278
-11.923
11.701
24.562
21.751
32.232
17.867
-11.09
33.147
23.167
23.639
-24.746
-33.143
-26.077
7.5114
-61.124
10.429
21.58
-65.787
4.5471
1.8964
-75.651
-50.046
-8.5347
20.056
5.4059
-6.4433
33.855
-5.9019
-1.0595
-1.4741
-22.578
8.2479
-4.9771
-14.677
-17.831
0.1504
8.567
-21.605
-43.021
26.372
5.8576
-4.4581
56.133
-16.474
-19.39
24.981
-16.75
-27.107
-50.627
-39.068
-29.398
-1.3728
54.509
-8.858
-23.052
-63.968
-19.703
27.344
9.277
-73.766
-22.518
2.6893
14.181
4.6311
1.1944
-18.193
-10.485
-4.5357
-1.0513
15.914
-7.8948
-20.858
-20.247
1.4643
23.776
18.84
-14.726
-20.475
37.216
19.611
-3.9118
-44.243
-26.662
25.311
26.283
-37.859
7.6151
17.311
-42.955
-8.5158
-29.293
-14.54
17.463
-22.641
74.619
-14.177
25.15
-13.226
62.628
12.188
-5.9939
4.8697
-59.502
29.35
-2.9941
-22.594
12.82
62.593
21.738
45.475
52.992
35.934
-30.935
-42.977
8.7555
51.996
-13.155
42.206
-11.336
-35.753
43.854
-9.7034
10.362
-39.151
27.615
-75.804
11.997
-28.343
-1.9897
-56.242
-16.476
-30.641
72.4
88.278
60.802
3.1369
-1.5456
11.953
13.35
18.098
42.588
17.143
32.247
-39.337
43.899
-55.767
8.3624
-24.291
13.01
-36.196
-40.695
40.677
75.448
-35.514
-40.887
-8.7267
20.942
-1.1495
-33.82
14.641
-67.935
33.065
52.557
-10.703
-10.465
77.51
49.237
-23.679
-0.13451
34.467
0.96316
-1.0724
-34.956
-76.815
3.7174
19.598
51.001
-20.917
-15.232
57.155
5.1192
-21.288
6.807
-29.529
-16.268
59.53
6.7381
-38.323
15.079
-3.2632
69.081
-61.169
20.158
35.889
55.603
-18.928
17.908
37.073
22.921
16.324
-43.863
2.4239
24.417
48.655
26.543
34.932
-51.98
9.063
-35.219
-24.756
-33.511
-4.0201
-21.155
-35.371
72.774
-60.528
71.427
14.842
42.072
4.6729
-4.5746
21.977
15.301
3.3816
54.714
17.128
1.5955
47.596
-13.512
-2.6667
-10.728
14.451
-43.99
4.8638
29.771
42.293
41.444
-48.564
-66.646
26.846
-53.585
27.448
33.207
-5.9871
-11.798
1.2191
-0.47921
17.684
15.793
43.015
20.361
-16.621
-5.5112
20.907
4.042
-40.945
-5.2078
2.0325
-37.181
14.812
1.1344
55.668
-52.202
-20.294
36.07
10.406
-10.408
24.658
-25.802
16.54
-12.033
6.0096
22.064
-43.738
22.838
23.458
16.341
9.3744
41.007
35.35
-6.3193
38.956
29.568
18.529
9.4767
69.893
-68.382
7.0075
6.426
2.2019
35.036
-12.032
-64.723
-33.467
12.872
20.758
7.5883
-46.646
19.713
-7.1044
-13.773
-0.13127
-23.527
34.609
20.647
-50.892
-42.297
13.328
27.852
10.802
-88.348
-12.85
-9.5377
29.992
77.255
28.34
-58.987
63.779
-40.782
17.438
-64.502
1.0182
-39.365
-9.0738
-8.9286
-28.561
37.269
-8.7589
-15.863
-22.471
16.257
0.47586
11.995
3.3196
-6.2175
3.6417
-48.658
-6.0854
33.696
39.055
0.37781
-10.98
-8.6752
48.323
-29.809
-16.808
5.5083
20.793
5.651
33.284
21.771
-8.7145
-43.357
-22.493
75.818
-53.601
-18.305
-13.091
79.265
6.9708
-18.277
29.314
13.89
-17.574
-3.5083
4.3128
26.789
40.17
26.346
-47.963
-36.286
-31.422
58.36
-0.91855
13.71
8.5287
49.743
11.079
4.481
-20.081
-10.778
40.719
13.327
6.8464
33.621
12.07
-11.409
6.5697
22.563
40.037
38.801
-39.497
21.92
26.163
-12.964
-81.871
27.694
-40.578
-11.939
7.9924
19.386
-51.614
72.726
25.328
-0.14683
4.2679
13.14
-3.0772
20.121
-6.5425
60.879
-70.22
21.235
9.3038
15.227
-4.6515
61.539
4.7196
-28.237
-58.954
15.117
-8.1582
-26.118
-63.639
-22.029
-39.382
41.384
-54.294
7.0151
32.551
-22.046
26.012
-27.299
-7.9788
5.2863
-32.984
47.036
54.094
78.177
58.894
26.278
7.732
5.3292
25.858
26.168
36.076
37.739
-28.713
-20.961
-60.386
30.988
12.568
32.904
-5.8168
2.6508
-35.099
-62.488
29.127
6.3245
-24.728
10.996
31.715
-10.847
-41.006
55.06
0.58468
6.0151
-8.104
-13.828
-9.7917
45.195
2.8036
-3.8778
17.637
-28.697
45.393
60.408
6.4027
20.206
20.072
-45.335
9.4214
16.287
-1.7049
-1.6214
-0.37816
1.5644
-9.9491
45.08
14.085
0.45015
7.7671
-32.574
16.753
-15.309
89.682
-15.447
38.726
4.2032
-8.6755
7.22
4.9249
51.527
24.185
-9.1611
35.72
-60.124
76.648
46.251
-52.005
-16.114
0.84055
13.598
-33.064
3.5571
59.046
18.079
8.2383
-15.047
-11.617
-4.3892
-47.657
-19.724
-75.33
8.2267
-13.483
14.526
14.789
12.207
-48.329
-30.533
-15.859
-36.217
-9.689
2.5588
-18.031
-2.7589
10.868
20.831
-0.22042
18.891
29.754
-27.268
10.803
13.759
13.509
-8.6643
25.746
14.803
17.677
-10.299
45.487
14.945
-12.151
7.8303
-18.449
9.9266
-39.508
16.988
-23.107
1.1996
55.251
-10.921
-46.827
12.586
14.212
-16.389
-21.472
-3.9897
-28.962
-7.7617
-1.788
26.602
-29.216
-30.329
42.707
-4.0048
15.237
-51.114
3.8325
-41.899
27.033
36.953
-10.262
-40.577
21.258
11.429
-39.626
-4.047
31.718
-8.0747
22.772
-52.427
-35.65
-22.375
19.186
-16.822
-21.515
40.951
-3.7578
5.2086
-26.123
-3.5835
-46.77
21.622
-46.123
2.6108
-10.966
-14.865
49.228
-3.9178
-20.928
-63.22
-64.998
-15.732
-42.913
28.164
-15.677
-14.088
3.2545
27.797
-17.3
-62.154
-16.529
4.0629
-43.804
55.084
7.1872
68.301
-39.728
-36.428
-22.251
-32.69
34.652
17.515
-0.47823
-61.69
30.905
-26.271
-31.628
-49.997
-16.307
12.05
-45.219
-9.0491
33.758
-44.297
-12.19
3.4769
-3.9746
-63.528
-33.639
33.233
58.445
4.5975
9.9423
12.546
53.527
29.517
-19.755
-2.2247
-36.633
-20.146
-13.264
-14.395
-28.023
-0.71562
50.168
35.211
-5.0292
-13.276
-14.2
8.8548
33.211
25.19
88.584
28.775
11.585
16.037
-32.845
37.312
30.383
15.758
-17.566
10.098
-15.697
42.899
9.906
-34.9
-22.614
62.287
-1.9799
-13.432
-0.96936
2.2195
12.973
15.879
39.568
-20.382
-34.188
-7.3647
33.282
-14.538
9.1001
3.8048
20.449
62.236
73.1
-21.79
-29.429
57.781
-19.868
-19.508
5.4246
-18.938
-3.2384
-31.806
4.7555
44.298
17.253
-32.712
-12.985
61.507
9.2519
42.812
1.7565
-47.18
58.808
-21.469
29.783
-26.812
1.7406
-18.879
9.7937
48.984
11.393
17.962
20.507
-47.43
21.992
-10.138
6.4228
-54.757
-11.049
48.211
11.468
0.77398
-15.049
-10.4
-50.244
57.632
30.875
36.904
7.582
-37.997
-6.5051
70.21
48.175
4.7054
61.111
71.002
-50.907
-35.451
-7.9346
-5.0444
-39.96
-5.2069
22.653
40.45
-37.59
17.23
37.578
58.438
-10.64
1.0451
18.505
30.345
-2.7208
24.502
27.16
8.3632
6.0843
14.062
-1.5368
-16.107
4.3769
-74.893
1.3886
33.935
17.64
44.097
45.716
28.879
-38.287
-23.213
5.3336
9.5674
14.757
-19.184
-33.263
34.511
27.693
16.209
-33.919
48.358
-5.5176
18.414
12.892
-9.1858
36.2
-6.2094
17.06
77.85
71.623
-54.27
-28.025
38.432
-21.057
80.455
46.702
-27.987
-5.2551
30.811
-18.405
-19.728
-60.848
-4.2099
-6.1627
11.923
-34.424
20.483
-47.782
-13.716
10.386
-3.6512
-3.9034
62.266
-16.688
-17.997
45.594
-11.263
18.782
7.9016
37.295
45.618
-35.034
9.6426
-20.562
-27.036
29.913
-36.572
-15.804
12.085
-25.982
-31.792
-73.218
30.691
61.069
-7.6876
12.687
38.414
-3.7388
-35.339
-39.309
20.927
-54.125
-37.006
10.103
32.618
31.248
5.679
74.267
14.038
-35.422
-35.738
48.52
22.662
26.402
-14.632
82.175
-1.4151
62.351
18.013
5.0711
10.45
5.5543
11.036
-25.554
31.747
44.168
43.893
31.237
19.157
-38.101
-11.689
-5.8495
-13.181
-21.398
-9.8619
-23.993
13.936
47.743
88.742
-6.5058
-18.691
31.008
-9.5172
11.792
-34.081
-11.193
31.955
-18.885
-16.838
19.38
-19.598
-11.221
-0.9072
61.561
74.516
-13.799
32.624
12.995
-47.959
-52.452
32.393
77.291
-39.879
24.132
6.2263
-10.892
-2.6046
-25.454
-40.974
-7.2358
-18.655
-19.534
-67.82
26.585
-19.866
8.9965
-43.461
55.468
38.493
7.4573
-14.099
-52.699
30.825
7.7711
-22.983
114.35
32.722
-72.115
23.633
4.6805
-25.433
9.5802
17.51
-53.532
-19.482
33.44
-24.381
47.576
29.639
-33.046
-43.15
19.609
43.393
21.637
-10.189
3.6613
51.691
-21.616
1.7583
-24.318
21.738
20.771
21.922
6.249
23.389
-22.033
-20.809
-43.26
18.604
22.008
-7.8294
-39.61
-46.186
7.5679
-37.877
-6.8365
-2.4658
-25.039
9.9917
-67.124
-23.503
35.876
7.6305
-8.4567
-14.539
11.245
2.8064
63.388
-21.727
1.9819
-43.473
35.627
-67.989
-21.511
23.568
9.397
13.1
39.675
17.031
3.0752
-8.1971
31.356
21.151
17.09
-29.498
6.4521
-7.1472
-3.287
53.891
5.035
36.329
7.1942
10.127
34.141
1.0833
11.347
22.306
27.665
10.713
15.847
-14.401
52.788
24.234
22.46
-2.6728
6.3121
-6.0855
15.101
27.803
0.40865
29.335
59.343
17.566
8.8672
22.854
-27.533
-74.862
-15.671
17.902
24.857
30.192
-40.933
18.022
-13.333
-5.0179
11.196
-15.825
65.261
-11.323
-14.937
18.515
6.3928
-19.382
-24.493
52.962
-2.6517
25.332
0.70046
39.712
-49.551
21.355
-7.9547
-30.687
7.1683
20.351
-18.215
9.274
2.8546
-28.353
14.998
55.733
11.094
-33.898
40.945
80.867
-30.364
24.219
-50.888
41.082
-16.849
27.967
22.071
44.297
-57.421
13.16
-25.613
11.699
-7.4026
-19.395
6.7877
51.447
-61.025
3.4346
-17.221
-43.903
54.065
13.061
-17.498
25.18
7.8412
31.375
46.386
0.93945
-22.954
26.265
-44.303
-11.848
-44.834
1.2195
15.623
21.868
-9.7888
-15.912
20.796
-56.127
-7.6173
-23.645
4.7604
-39.119
33.634
53.984
-62.011
-33.468
-10.897
-31.064
52.82
3.3885
-25.335
5.2483
2.1214
-4.4283
14.849
-21.485
55.928
-71.202
-9.7421
-40.616
-1.9154
-14.222
-35.251
42.721
-27.109
36.855
-35.4
-36.658
6.3669
17.481
12.142
-19.946
-50.439
47.252
-40.477
-2.7494
-25.303
32.239
64.887
-68.814
-14.602
-27.318
-17.77
2.7489
24.252
19.115
-0.057355
5.6506
-38.026
-3.9381
-20.647
-31.47
-19.314
-14.136
4.711
38.467
28.688
33.428
2.8487
-40.912
31.86
-32.656
-60.05
22.427
-28.7
16.656
-70.267
-2.002
-46.304
35.518
-7.4916
-46.586
-29.98
-32.878
22.862
-2.5
34.157
17.578
-6.9736
-11.594
37.742
14.634
25.753
24.73
54.692
-12.046
-45.554
16.325
15.551
49.297
47.011
-38.957
-41.147
-31.753
9.9722
-9.1521
-38.887
21.323
-44.301
13.258
15.629
-7.1933
-29.395
-8.2144
-21.173
-62.199
2.1812
31.189
-7.4478
50.916
-57.303
-17.928
-3.5353
24.51
54.854
22.111
18.751
12.158
-51.535
20.07
10.315
-17.448
2.7677
1.9366
41.578
60.142
-38.502
15.012
20.016
-67.872
-38.568
4.7118
9.6702
16.778
-17.698
-50.474
-34.964
-23.087
40.374
-23.261
-30.278
83.143
-49.661
-40.449
0.58124
-2.5764
46.905
1.7306
25.395
-6.1894
-9.258
-25.444
23.657
-41.815
-13.742
-39.543
-0.56351
-13.343
-1.2073
-4.8039
-52.348
-7.1839
-21.244
-27.68
-23.051
2.1835
29.997
-25.38
12.381
12.988
0.19003
6.4505
21.095
-1.3093
-17.536
17.864
33.817
-32.946
16.286
-54.206
36.686
11.004
-16.002
43.976
45.826
2.2967
-46.983
-3.3901
12.659
25.735
-44.556
6.1478
44.009
10.398
-1.2659
20.044
-6.9494
-16.501
-62.837
14.425
21.707
-13.09
17.555
19.9
-2.633
29.534
-39.954
-29.8
-23.374
34.149
-8.0536
-7.0541
-15.66
-31.045
20.858
13.72
-35.885
-15.369
41.589
4.5416
-58.12
60.135
39.611
24.013
-47.709
35.489
-5.5947
-30.143
-74.892
3.0235
-3.3706
6.6069
-34.084
-31.066
37.263
-10.842
-2.0583
-41.433
-43.321
-38.661
-11.624
-48.415
-1.6365
-4.1889
15.353
61.602
-12.816
27.551
47.199
-27.041
30.538
41.26
32.446
18.457
4.7594
-38.035
10.656
-25.004
-37.883
24.312
-24.489
-38.57
16.558
11.507
35.257
-72.07
12.362
31.682
-13.211
27.119
10.495
-3.311
63.136
-23.307
32.802
40.914
-71.858
6.1499
-2.1186
60.422
45.589
-33.81
31.178
45.423
10.02
-19.114
-33.31
18.417
4.8212
40.811
-42.698
-20.325
-22.989
35.683
-50.013
24.026
-30.69
-14.375
9.0754
-14.595
-10.399
-53.969
98.274
-24.95
-17.808
30.712
12.54
14.303
46.985
-7.2483
-69.116
-84.783
0.98412
10.643
5.384
16.224
17.96
27.172
19.701
16.979
29.622
-33.39
-31.558
0.20566
2.9221
-34.17
26.983
33.494
-31.657
-13.585
22.087
-21.392
2.6451
42.433
48.805
-30.254
-24.559
9.2851
3.7971
67.36
57.904
-73.415
-23.507
11
33.069
-6.7292
-47.563
-49.242
3.5919
-16.645
11.72
45.723
-34.592
-13.788
-11.231
41.374
-34.632
41.843
14.268
9.884
-15.963
-13.256
-29.04
21.644
-27.058
28.454
-76.323
5.3935
-6.4905
-25.674
12.428
30.023
-6.7754
11.373
33.089
-10.393
56.227
28.938
14.079
22.54
12.445
-0.43285
-11.259
-19.101
37.504
-2.8187
-21.93
44.403
7.9059
106.98
-17.812
-22.505
7.6075
-31.643
-50.417
-11.684
6.2509
21.478
22.45
44.86
-7.9221
-20.715
-57.275
-13.833
-6.629
-0.85488
13.011
13.198
-37.424
22.891
45.673
22.688
-12.927
38.974
-5.1146
-6.5641
-2.8846
-11.047
-42.9
21.214
43.126
-18.007
68.861
22.068
30.968
-41.415
6.3536
-43.52
-29.272
26.327
4.3372
7.2663
19.313
15.621
4.6311
70.324
0.8092
-22.397
22.01
10.921
-3.3587
6.2331
-26.091
21.725
-12.291
-15.827
16.764
6.6545
23.189
-42.873
3.6924
-30.406
7.3398
32.281
17.791
1.3181
-20.549
12.943
-22.005
40.696
-10.732
46.481
-40.181
28.421
-35.901
-17.599
-44.821
16.97
-21.441
18.988
-44.173
1.6966
19.314
4.1284
-17.055
-0.99943
39.245
-3.7764
36.033
-5.7034
71.648
18.881
25.301
3.7005
-25.881
-41.957
0.8115
9.854
-16.097
32.001
-24.877
-56.529
34.631
-26.891
-33.253
22.637
12.391
34.701
18.486
-16.287
18.008
-18.125
40.157
57.667
-61.024
-0.49602
33.509
-5.0094
-53.425
-45.935
64.611
-33.01
13.719
12.2
28.784
22.441
-43.88
-11.856
48.23
-4.6259
-7.7677
7.4504
31.835
3.9749
34.282
-51.981
49.746
-22.036
81.548
-44.906
-47.556
40.532
-0.087813
11.586
45.69
11.525
48.982
17.852
-39.235
-11.046
3.8462
-24.456
-41.292
26.858
16.763
25.888
28.204
21.434
4.3541
76.426
-39.438
-33.637
20.418
-26.497
9.1835
68.766
-23.678
-10.943
38.399
-31.515
-26.928
-6.9181
36.509
-4.9696
39.854
-47.668
-47.779
5.4682
-36.68
-16.881
0.52087
27.209
-92.816
-0.7072
17.401
-3.0475
15.934
-17.624
30.266
-39.226
41.425
-8.0693
-30.603
11.464
33.616
13.189
13.938
-21.145
9.4944
4.7798
-3.8713
-1.1795
4.3209
-18.387
25.73
-57.379
13.286
23.638
-63.816
78.939
17.426
12.271
4.8561
-60.077
-34.884
10.923
1.5012
35.095
-1.6435
-43.781
45.032
12.296
-8.4762
-4.1676
-21.857
4.4598
40.131
-23.914
83.023
-34.126
-32.395
11.245
17.546
-27.159
67.859
-46.963
-65.455
14.689
10.179
68.901
49.544
-53.221
44.508
-11.633
0.96428
28.41
-26.984
-10.534
7.1965
-61.694
21.595
-35.268
1.5474
21.476
28.206
32.508
-2.969
8.1625
-17.193
12.077
-2.4316
-2.3699
-6.7047
1.0252
-31.258
-46.709
38.406
-22.523
16.852
12.18
16.679
-9.7889
18.469
6.7814
17.956
-48.265
20.749
-46.597
-31.79
74.087
-100.82
-43.485
20.641
-41.317
3.6032
52.181
-12.279
-6.5602
3.4409
-48.701
18.331
8.0663
30.161
-29.052
36.21
-6.6793
-5.4834
-20.123
-7.8689
6.684
38.318
31.845
-68.607
-27.864
18.931
12.477
-0.016823
3.183
-23.016
-63.602
17.701
7.9042
-30.001
-13.057
18.934
48.384
-16.891
-9.336
19.489
76.582
9.8979
-11.669
9.1996
47.354
-8.7843
-13.224
13.578
29.016
-57.519
76.72
3.461
12.748
-1.3457
-1.4873
34.844
-42.846
18.85
-36.472
-5.877
-14.951
62.575
4.8397
38.948
25.498
-17.955
2.6723
10.81
8.0075
31.063
39.62
-55.164
1.0757
4.491
31.69
-17.464
20.705
10.325
-32.089
27.904
30.247
-59.273
4.5091
51.474
42.827
-12.354
9.6469
-15.894
0.32791
-0.9408
4.9549
-28.829
18.444
-32.5
-48.091
11.055
2.9187
-22.243
32.656
-16.622
-25.507
-12.04
38.95
-0.57764
-11.879
-20.357
-49.052
-18.206
-39.835
50.457
10.902
25.316
2.1191
-0.63327
-18.884
82.493
-4.0503
-5.6063
-19.979
2.179
29.18
-33.333
-40.981
25.129
17.037
-24.846
29.3
-31.835
19.608
15.641
1.2289
-4.7718
-35.065
12.686
22.784
12.828
13.349
-31.385
8.0814
95.393
10.503
-29.953
46.119
-30.803
-14.039
6.7818
9.9447
18.606
67.863
22.567
5.7249
-1.373
-36.488
-24.259
35.701
15.803
-26.586
-37.651
11.193
-0.028952
-30.525
23.092
0.89944
-16.221
-23.024
59.812
-5.1599
-37.816
-41.257
12.978
-24.33
22.602
16.644
14.404
-10.624
-8.4062
11.256
5.0672
20.257
10.9
-21.482
12.087
20.818
55.327
50.676
-10.981
7.516
4.0894
21.418
48.177
16.179
8.2147
27.047
12.762
12.956
-32.578
