74.413
13.746
77.541
-7.3095
45.182
86.295
-48.836
-106.61
-142.56
-87.885
-12.195
44.88
-61.022
-51.48
54.414
-98.263
18.96
79.434
48.543
-62.394
-50.194
-61.854
116.86
-5.5526
59.631
69.276
-142.93
-5.1446
73.122
-19.607
42.613
63.15
-87.517
28.885
60.187
62.86
38.738
-104.2
-41.641
-82.47
-113.22
16.141
73.963
-110.62
-8.8931
-90.119
-69.343
33.539
-56.014
17.787
-117.33
-154.13
-115.59
-69.548
-166.39
-115.38
71.551
-83.999
-43.216
-11.366
97.402
70.919
-69.223
11.996
-133.4
-41.581
-16.915
-154.23
93.534
7.8541
-28.89
13.656
9.2664
-22.802
145.96
62.996
4.2858
-163.09
-98.65
-30.756
177.23
51.948
-24.482
143.28
50.135
-34.005
-133.31
26.09
-5.6396
227.42
-36.109
75.182
-22.947
-80.265
-169.84
52.368
120.81
-52.165
127.09
1.3457
-136.97
-89.687
-5.8374
2.4803
-3.929
-4.4793
8.1266
96.112
-149.8
-144.92
-198.01
-6.2455
-50.84
0.38108
-6.8601
84.029
-61.751
-69.512
-55.167
-106.21
61.242
-17.422
51.624
-154.16
-47.881
23.318
-212.67
-117.98
225.85
79.037
73.44
-119.84
24.656
130.53
-22.198
-107.02
118.45
56.996
44.501
90.186
-13.743
59.085
-79.292
-133.54
-41.135
21.952
48.807
-168.32
-14.864
19.507
27.503
126.39
91.787
189.85
-97.471
110.25
-6.6502
95.37
96.037
91.455
-72.258
-107.57
-119.71
94.186
145.99
-84.493
48.211
45.357
129.35
-124.85
76.613
105.87
60.492
172.71
180.85
0.77584
43.149
13.898
17.266
-22.061
-19.223
-4.3566
-94.192
0.55061
16.682
-18.823
-57.056
-224.35
-86.836
-4.4981
-90.929
-63.148
-0.43546
3.6989
-52.754
42.106
40.229
-35.975
71.301
39.218
15.607
68.224
-22.44
21.434
-36.289
-156.74
-128.76
-27.902
-5.8832
100.13
16.661
6.4856
-73.272
4.2344
129.63
-67.393
-16.192
-67.976
-116.62
91.407
-24.774
-76.967
-138.96
76.114
-126.6
42.743
53.905
191.48
-4.4421
65.818
49.655
-53.488
42.957
55.615
134.22
-44.933
-162.97
-42.582
108.94
156.53
218.29
42.948
52.738
-95.298
171.84
4.3173
-169.45
93.714
-4.9419
-25.096
93.189
-18.307
86.307
108.28
60.902
-65.242
10.64
49.675
1.8424
-14.778
-57.278
100.75
-45.298
99.423
-41.699
24.205
62.973
9.3857
-37.472
-56.098
81.737
123.3
100.35
18.662
-23.131
43.51
-50.518
-42.386
65.014
-145.3
15.079
-6.0582
7.574
14.399
11.852
-34.423
162.57
-79.393
-52.209
143.89
2.9585
-32.691
29.902
38.898
13.84
193.14
-1.8389
46.685
-224.15
-136.74
-88.766
-26.213
101.85
-98.881
165.28
-82.379
75.599
-25.992
-9.7303
79.702
30.38
10.808
27.539
-70.931
101.26
94.922
-47.115
-4.1777
71.351
-150.13
0.31577
-44.143
75.959
14.797
83.904
3.5938
34.61
53.466
-27.394
13.829
-27.341
34.678
-117.28
86.367
67.689
10.092
-33.624
-0.79843
90.508
-110.33
71.554
208.41
89.671
103.73
99.088
-14.707
-99.608
-164.55
-22.227
-121.01
-133.99
54.5
81.765
56.836
128.63
36.813
-64.675
32.472
14.371
-142.88
-167.95
41.381
107.36
-52.326
228.84
125.16
-83.275
80.859
-81.399
65.011
-40.539
-17.966
94.058
121.68
-157.8
35.69
114.74
-74.599
-37.738
46.576
-136.19
-41.007
56.248
-37.221
-1.3929
-26.741
-108.93
-67.549
-18.972
-22.538
132.3
104.59
-189.98
-10.65
39.208
-40.759
-8.713
132.43
137.48
-34.084
81.208
-97.431
80.399
-8.2432
134.44
-27.146
42.849
-12.121
51.709
-72.912
14.362
-42.312
-72.264
30.638
13.102
121.49
33.645
-130.55
-14.562
-151.82
177.41
56.739
56.217
28.764
38.017
-23.275
-105.5
-201.12
203.05
-20.048
-33.125
119.9
95.444
30.917
94.166
-60.285
-78.172
93.655
143.2
-25.331
35.154
-1.5316
55.094
8.6673
-56.732
-48.415
-100.56
82.454
-60.071
-225.35
-107.96
-59.89
-83.705
-133.26
-12.755
-48.821
-22.283
86.057
-152.83
-15.383
146.24
147.33
-24.064
20.715
150.78
-142.53
-32.399
138.27
-1.2456
-113.84
100.48
-71.432
94.17
-1.5116
-19.037
-72.79
3.3186
-144.91
-41.899
-112.42
-33.207
16.986
-10.414
16.186
-9.7556
13.13
61.009
54.881
-168.04
109.21
97.926
2.3516
60.877
60.728
147.68
-118.04
-73.946
214.44
64.413
5.2037
22.104
93.419
-153.78
-38.768
14.331
-151.86
106.96
-134.54
-89.424
-122.69
-80.356
-46.207
-25.559
-11.416
-143.23
132.85
118.72
-16.958
253.66
-90.623
39.583
-70.487
-119.71
-25.954
-284.13
-73.107
7.7928
-114.07
93.69
-104.89
-47.35
-20.135
91.317
33.39
-155.92
68.591
-62.339
30.536
-76.178
-212.12
166.95
44.898
-12.836
2.3418
-33.405
-133.7
51.257
-140.93
67.189
115.78
-131.65
25.664
128.99
160
-49.585
28.788
142.71
-33.969
-75.807
-1.5217
-33.535
17.694
1.2285
-31.39
50.285
20.284
-183.27
-41.535
-106.32
-180.33
-88.273
85.305
-100.26
-66.642
201.79
35.51
14.956
8.2212
211.9
21.636
23.244
127.57
5.1914
38.445
-37.187
46.501
-201.74
51.4
-211.9
-0.29918
36.727
-75.88
68.347
-6.3115
140.13
15.195
-98.674
49.922
74.993
-12.082
83.416
12.807
-105.18
-2.8989
48.166
-47.191
15.638
180.39
-1.4868
-103.88
-39.75
-121.15
-22.848
-42.134
-24.227
-133.59
-38.968
-85.941
-105.66
-49.916
66.834
-47.175
-51.912
-58.343
12.369
38.324
100.7
-110.8
-121.98
-26.452
71.919
66.757
12.674
-23.008
8.4996
-15.259
-109.89
37.037
-166.99
-8.7765
-70.359
22.833
58.683
-178.08
-21.847
75.811
34.483
-64.54
43.876
-85.704
-79.18
87.688
26.541
-157.68
66.543
73.432
-180.22
-12.959
96.403
-16.065
100.61
-16.897
59.619
32.1
3.7107
-151.59
34.05
-11.162
7.7678
26.534
-25.401
-26.758
26.902
-48.717
21.105
-137.55
-92.734
37.567
-115.49
-38.998
156.38
107.22
20.124
22.06
-176.04
-6.4542
-21.651
-57.294
102.02
50.153
95.099
1.0665
94.082
136.72
-28.195
-18.333
56.629
-93.505
19.1
-104.2
66.942
-164.49
-47.78
-50.619
-12.135
17.005
124.66
202.2
-41.22
199.72
-87.185
120.85
-38.182
52.622
-123.98
-72.306
9.61
-0.074833
39.586
-58.588
-58.351
69.291
-18.571
-108.33
79.008
45.047
45.159
-75.651
-123.56
214.6
130.96
123.67
-22.656
-106.19
-37.743
-112.73
48.198
-156.13
52.435
-123.87
160.05
-76.186
-27.826
-66.918
-7.1658
-109.81
212.86
-39.988
45.135
103.71
110.37
-90.534
18.486
145.05
87.753
-18.581
66.942
-29.157
39.77
-45.553
-79.313
-163.7
146.65
-55.153
62.957
127.34
-120.68
-56.168
127.1
65.185
-152.34
89.219
6.2278
-28.048
-58.271
-100.39
124.68
-163.24
-6.9172
-37.35
97.504
-181.84
-60.859
-90.601
33.177
-101.58
17.65
115.97
-38.547
9.0421
-109.06
-63.554
-35.121
-52.437
108.1
80.314
12.568
28.544
-115.59
70.391
54.165
-16.883
13.268
-18.696
145.7
-89.689
-60.165
-63.722
74.586
-95.557
-98.754
-83.679
-18.154
-81.417
-92.03
32.774
-12.712
53.345
40.117
3.8516
112.83
54.609
-125.64
73.121
-30.25
-59.307
-47.023
-20.036
22.612
31.234
144.76
26.126
-75.583
41.182
-94.637
-29.623
-21.243
-0.2162
54.64
28.806
7.9476
29.906
-2.4749
146.09
-61.166
101.66
-170.21
91.015
-57.745
-68.67
-6.0379
-106.05
-11.297
43.031
33.142
-21.11
-14.431
27.347
61.06
-209.77
34.873
119.89
36.551
-74.209
-30.189
53.08
-62.179
-110.8
-86.325
54.306
89.624
-75.771
-19.979
-119.26
-101.14
4.7864
-26.206
78.458
-69.607
-38.858
93.393
-30.607
13.113
-30.067
11.874
-69.005
-68.109
-58.778
69.117
-10.309
-28.249
-37.668
-97.702
50.954
-176.44
-27.657
-77.916
59.353
29.643
-26.904
-77.671
20.987
49.836
93.463
6.0256
-33.714
-14.67
-2.4546
-58.183
-154.45
57.949
-33.73
-40.379
54.074
-119.13
-95.418
13.976
-123.74
23.067
-41.825
-129.47
-15.741
34.085
-63.854
-140.47
200.3
-142.88
6.0381
30.225
-23.538
-264.35
72.24
95.841
-18.262
-145.31
15.095
129.26
-156.94
-118.24
-257.21
-40.232
97.533
-13.894
-111.21
-1.5233
72.143
-101.54
2.0603
42.524
73.418
-147.15
85.123
-158.9
-76.619
45.037
-150.77
72.038
14.898
95.796
-18.317
101.33
78.488
29.347
-62.341
125.17
152.82
11.461
37.572
53.635
-39.945
33.997
58.437
-53.443
-124.85
-185.03
-46.244
17.351
-75.845
-46.949
145.44
-65.733
30.764
-89.25
197.69
34.402
8.0552
73.49
-41.448
109.91
-10.363
23.355
196.02
-81.399
-74.654
72.216
-111.25
18.707
126.71
-49.346
90.882
-27.767
