-5.2709
-5.1251
-3.6626
0.32366
-4.201
-3.4006
-4.4764
-18.342
-6.5716
-9.2606
2.4381
-5.3304
-9.4445
-7.0939
11.587
-3.6197
-4.5218
9.6938
8.9974
-13.181
-17.16
-2.3908
3.802
1.9342
3.1191
-11.362
-6.109
-2.5008
14.399
17.936
-0.52518
16.567
2.3914
7.6556
1.7424
-3.4454
11.686
-3.0899
-7.406
3.8319
22.396
-3.6166
2.2721
8.956
-2.3636
13.299
-2.478
-2.0423
-9.3051
9.4015
3.946
5.0664
2.9204
-3.18
11.719
-10.784
19.347
-0.58549
-0.32451
4.0144
8.8147
-8.4756
-6.8766
11.523
11.753
8.0511
10.418
-1.8101
-4.5118
-3.3053
0.75511
3.4239
-6.5323
-13.928
-16.667
13.761
-12.744
1.981
-1.8796
1.4112
3.7741
-8.8764
-10.278
-16.666
-0.75212
2.5154
-11.149
-6.893
-11.458
-5.9882
-9.1143
-4.6653
18.628
-8.4218
-6.1342
-4.5267
-10.583
8.0668
11.253
-9.7551
-12.19
-7.9787
-2.8799
13.684
-9.0944
10.235
1.8429
-7.0386
10.634
-10.877
-1.1739
-6.2262
7.2007
10.068
12.937
-3.4107
6.536
-14.133
-8.428
9.9465
11.062
-1.5585
-13.001
-15.555
8.9538
-3.0795
-11.884
14.616
-16.887
34.84
14.916
0.9282
16.42
20.581
-0.54698
7.7134
3.4927
13.397
-21.111
-5.4789
-6.7921
-7.9458
-4.2142
7.5536
-10.365
19.3
-4.3082
2.4274
-11.894
-9.8924
-8.84
7.3248
11.088
1.7316
7.8848
10.659
-9.0009
-4.0087
2.9292
-8.4707
-3.7327
3.7358
1.595
-9.3678
3.4827
-5.7267
-4.9863
-5.6126
4.9834
-1.0345
-25.6
-13.08
5.631
14.266
10.57
10.274
19.739
-5.9748
8.3144
6.2478
19.807
-10.164
-1.6684
18.186
1.7864
8.1895
3.6795
-15.146
-1.7336
15.839
-8.9849
3.1632
6.0289
-2.2108
6.4989
-17.735
10.511
7.4748
2.3644
-16.648
-9.0815
3.9703
-5.749
-25.821
4.8372
2.5361
2.5295
0.063268
10.545
12.369
-8.0265
-0.30554
-3.4168
6.4243
0.96905
13.808
-4.0465
-3.4909
3.502
-2.9631
16.309
-2.6243
-26.944
11.784
-13.099
2.8052
1.2855
-1.9701
-5.6642
-3.0575
-6.219
1.426
-2.7637
0.16786
15.223
-16.178
0.30467
-0.74145
8.6512
2.9251
15.726
14.196
-13.175
-12.371
-5.3819
-7.3701
-1.4725
7.2014
-5.1129
-15.589
-15.333
-1.7833
-19.95
-0.73273
-7.733
5.4375
-13.821
-12.092
-4.5379
2.3926
12.68
-5.6775
1.2663
7.2592
15.279
8.8568
15.656
-0.6188
7.307
-14.051
8.9486
-9.4015
-3.2072
-9.1894
-10.397
-7.715
18.173
9.6156
-6.3138
5.75
-1.0881
-25.69
16.897
-2.2513
10.098
-7.6934
5.2129
22.508
8.0445
0.20239
-5.1868
11.162
3.0154
1.1094
-4.4129
-1.7935
-5.3189
14.225
1.3054
-4.134
8.0361
1.531
-16.921
4.0439
9.8682
10.058
-7.1833
3.5987
13.958
-5.4752
22.28
6.9484
-2.7685
-14.226
-0.64349
6.4853
-13.743
-17.57
3.2078
4.4683
-8.4342
4.4128
-10.043
-2.1138
-8.3957
2.0377
-8.2356
1.4293
2.7451
-0.12343
-3.9934
-4.9118
-0.036161
-1.5323
-2.4103
4.176
-4.8182
21.21
-16.5
5.0994
9.865
16.81
16.232
11.006
-8.9617
0.55641
2.3894
8.8251
11.276
-18.033
-3.0696
-13.83
-9.5354
5.1901
15.658
4.5444
-11.65
-10.42
-0.030065
-24.618
-12.679
-11.176
-7.4365
18.169
7.5365
-0.6101
-19.009
33.917
-4.1692
10.641
14.96
0.23723
-9.3325
13.071
-2.8735
9.5686
0.18991
-3.8699
-1.0354
4.7976
-5.5421
-30.444
-16.595
-11.278
-8.4844
-1.6157
2.3
2.851
15.973
8.0217
4.1278
3.3618
4.3839
-0.72137
-16.79
-12.73
-6.6187
19.961
-0.75811
-1.1805
15.679
12.31
-7.8013
5.1694
-7.4735
19.656
9.8464
9.1422
24.77
12.299
-17.251
-4.5469
9.5698
-4.7472
22.557
-21.739
-10.868
7.6879
-6.6383
0.76273
20.143
-2.9198
8.7805
-1.9242
-10.198
9.6935
1.1698
9.1599
-13.611
1.4151
14.853
-7.3661
2.3959
9.8758
7.7857
7.2572
-6.514
8.1692
3.7915
1.527
-18.124
-15.469
18.027
-16.812
11.528
5.2412
-7.3398
-14.067
-9.8083
-2.3065
0.40424
-13.071
-3.2762
-7.755
-8.3544
0.18495
-17.475
4.8511
0.47334
-5.3575
-19.1
-13.437
-7.9556
7.7521
16.576
-7.3727
0.18015
15.353
-7.2814
16.722
3.2091
9.7302
1.4768
13.323
-5.2508
6.3363
-20.985
2.1412
-10.698
6.1335
-9.4489
2.7019
1.4609
-12.099
1.8253
-14.894
-4.1476
-5.6652
-12.939
12.387
13.549
-8.4283
3.106
0.59344
-16.246
1.5213
-4.1953
13.275
-1.0056
6.7098
10.8
-5.5074
8.8506
-3.5921
13.801
7.4402
0.72587
-7.0241
16.09
5.6242
-19.917
3.2013
18.639
-9.1931
1.3302
1.4439
-7.3795
-2.179
9.1652
14.738
14.764
-6.0767
-19.373
13.138
3.0563
6.7348
-9.7657
-1.5401
-1.629
-3.3541
8.2873
18.163
-5.1596
0.64583
-4.4543
-13.201
1.713
10.377
27.75
0.71155
7.4536
4.1394
9.4819
-12.745
-1.0163
1.2955
17.016
10.13
7.0831
1.8048
15.561
-7.6136
9.5745
-5.3804
-7.4367
-2.7978
14.708
-1.3589
19.987
9.2664
-21.035
3.5158
8.1293
2.3322
0.31874
-6.3742
-7.663
-15.849
-0.47193
-7.6697
-20.236
6.8212
-10.725
-1.213
-0.67741
8.9817
-6.6546
9.0547
-0.37599
-17.756
8.1448
-9.0009
8.5516
-10.505
-7.6759
9.3275
23.355
-15.609
-4.1108
20.482
-8.8472
-6.8028
9.4991
-13.532
-15.962
9.7942
10.892
14.463
3.7611
14.512
6.8246
-8.3929
16.525
7.8907
8.78
-2.9797
-1.6405
-7.3079
15.249
-1.5711
6.0005
6.283
-6.1171
-15.506
-1.4897
-9.0503
-6.864
-19.218
10.33
-2.1926
-5.3855
31.151
8.271
16.682
0.51569
-7.575
-19.832
11.096
-4.3885
7.8416
-6.1716
-16.148
20.662
1.7296
-5.6896
-4.454
8.6137
-5.4307
-19.992
-12.156
3.3105
2.9579
0.32666
-6.062
4.5143
18.627
-1.5793
-0.96786
10.142
-20.408
6.5373
-10.739
-10.519
12.025
-0.56293
6.6529
-12.43
-2.8135
2.9789
2.0773
7.5762
0.23823
-3.1816
-3.9951
-2.4235
3.1508
10.927
10.589
-8.6282
11.624
-13.964
-19.906
-6.1445
11.752
-7.1094
-15.281
3.8939
-8.5604
7.1209
-14.604
3.0833
-12.127
4.1253
3.8359
16.543
5.3243
-7.8253
-5.4666
-12.939
-0.26379
14.407
-14.742
13.432
-2.8949
1.6229
9.5347
-20.168
5.1142
-4.5312
-6.9897
-4.8846
-9.0802
16.132
-0.99111
-8.3114
32.41
-13.133
13.641
-2.3687
-12.995
11.401
8.6664
-14.414
12.876
8.3672
30.504
-19.05
-2.7304
-4.6161
-6.8284
5.5706
10.856
-9.3735
3.3345
-5.4233
-5.2355
-10.449
30.609
-8.4479
13.33
-8.4752
-4.5696
-18.44
-1.7218
19.765
-8.8671
0.33852
-25.043
-25.319
1.2327
-1.3357
-1.5124
1.3056
19.058
-10.972
12.109
13.556
-24.101
-6.5462
-10.79
2.6715
24.701
-4.8747
-23.202
-2.3149
17.802
-9.7446
20.625
-9.6554
6.0575
18.22
-15.902
-5.2721
-0.3889
2.4812
-5.6107
2.8934
9.6194
20.394
6.3971
4.5864
10.01
5.4397
29.834
-5.8284
14.238
-14.878
10.596
5.4328
-2.2883
-12.806
-10.447
-3.2814
-2.5368
-0.16809
7.4461
-5.1186
-11.542
-2.7892
12.47
-4.4074
12.385
-10.253
2.2975
7.8307
-1.8041
12.525
2.9475
3.7073
11.721
-9.4081
6.2996
-4.1434
6.5402
2.7461
-3.7653
4.7935
-4.2773
-5.1426
-11.382
-16.455
-1.0184
17.518
-18.578
9.9561
-8.9604
16.182
-7.8651
-11.28
-19.14
4.5728
-20.403
-7.584
6.8011
4.4093
7.249
-4.6732
4.0786
-5.6702
11.762
-6.6375
-3.8981
-2.2599
-9.421
4.603
-15.953
-21.197
2.3434
12.219
13.12
-0.5774
-7.7011
-7.1095
3.0266
13.631
6.1784
0.94829
-16.181
-10.501
-5.289
-1.3023
-1.055
-15.397
-11.882
-0.73406
-0.69459
-21.51
13.511
-6.2388
3.9557
7.957
-20.552
13.219
-14.187
0.13384
-1.1606
-22.948
6.764
9.6569
-9.6021
-6.1555
10.562
-13.609
-11.82
5.0439
-16.361
-8.6526
-0.15832
-9.8194
2.42
3.9027
-11.79
3.9712
13.329
-2.0916
12.669
-4.333
-14.289
19.444
8.5604
-19.582
-4.8229
-12.807
-16.295
-1.3946
-17.419
5.5447
6.242
2.7269
7.2573
4.6341
-4.8865
1.8775
7.8673
27.995
21.868
2.8857
-11.069
0.88564
-4.8895
-3.014
-17.855
6.9721
3.2651
5.4008
-14.339
-2.0108
-21.889
-16.053
-10.134
12.437
2.1803
14.703
16.433
5.739
2.4343
-8.2152
16.033
-16.225
10.377
-12.678
-18.334
-5.1389
-3.542
9.0629
-15.434
6.1569
-5.3179
-3.4146
-1.1999
1.9704
-5.4337
20.781
12.334
-0.76154
16.766
-10.983
-0.46286
19.337
-2.5628
3.3816
-12.4
-2.0432
6.1341
12.482
4.662
-12.906
3.6649
0.36754
13.498
-9.9863
5.1921
-5.5908
-0.0098552
12.083
5.9744
6.3868
7.6239
5.1622
-10.889
14.183
-21.601
2.3911
-4.4389
13.696
-1.7161
3.0092
-12.505
-18.447
13.997
-27.609
-6.3667
-3.7079
-13.475
2.5133
-3.3774
3.8697
-2.2196
10.372
7.4579
-4.8425
0.044385
11.311
-0.75268
-10.801
7.6817
0.44753
-10.419
9.0998
-18.46
-7.4452
