3.7088
0.30032
-5.2165
-0.48933
-2.2958
3.1956
9.7946
6.7568
-1.3204
4.2203
-17.712
-3.1096
0.275
-0.31204
-4.684
5.9688
2.4366
-8.2679
5.2669
-7.3747
8.318
-1.0922
-0.1853
8.0279
-4.7291
-2.4602
-6.8388
-10.317
-9.3078
-3.3824
6.0463
1.3962
3.2276
-5.2779
-10.172
-2.0174
-3.6466
2.5352
-2.1954
-1.2269
-1.1816
-7.9668
-11.276
3.3522
-6.3221
-1.6858
7.6852
-2.6139
-0.30593
-3.8069
7.5104
1.2092
-10.811
1.6785
5.5481
-2.9008
-8.5208
-5.6414
3.2376
-0.99131
1.8898
-5.1416
-6.7375
7.5048
10.545
1.4789
2.7893
0.99005
-0.51418
-7.0306
-3.1353
-3.7313
9.0194
0.57211
0.22457
6.2753
-5.3333
10.818
-8.231
-3.377
9.2877
-1.4529
-3.5782
5.7642
-10.833
2.0622
-3.2778
15.699
-6.969
-4.8174
-2.9082
-5.2759
-0.63894
7.0064
3.9227
10.303
4.5239
-0.095982
2.7993
-0.92943
1.3884
2.5897
2.6757
-6.8942
-3.1047
-9.3712
3.5599
-4.9288
-3.9165
-0.92173
5.1199
-6.6729
-3.1952
6.3962
-0.42319
0.10987
-6.6372
-1.337
-1.1392
5.397
-0.62896
4.9529
-3.0785
-10.976
1.1736
-1.8831
-13.66
7.0706
2.9526
1.552
4.1041
-4.408
-1.2815
0.62875
-9.4996
9.4339
2.9648
-2.2503
5.981
5.0024
-4.9096
10.729
-6.2884
-6.9939
-3.1156
-6.9033
2.3749
-12.357
5.2464
6.7005
-9.1589
0.17166
-5.415
12.592
1.4947
14.91
0.219
-0.90948
7.4075
-5.2026
2.9921
-1.2671
0.53204
3.9912
4.6358
4.3794
6.1312
-0.85563
-7.4823
5.6791
-5.4536
1.37
2.666
2.5729
0.9378
11.304
0.58468
-0.2129
1.9848
6.4946
-0.91146
-7.0825
2.7212
-2.7802
-1.4909
2.447
-7.7874
7.1277
-3.7377
2.4843
4.4513
-4.564
-1.3499
4.6656
-7.4375
-2.0862
4.1604
3.8465
-5.2551
-10.028
-5.2354
0.067117
-1.1745
8.8176
8.8221
9.1968
-7.2848
-8.0057
-6.4521
-0.42843
-2.6525
-12.456
-3.846
-1.1469
-4.2113
3.2254
-1.5295
-2.9892
6.4652
5.3388
5.8035
-6.9295
9.6587
-8.9821
-13.018
-2.6364
2.2433
6.1919
-1.7507
6.083
7.2655
2.5701
-3.8859
0.052233
-2.3293
7.4725
2.2267
-13.071
-7.3255
-0.91078
2.2692
12.426
2.0694
8.4112
2.1289
5.3413
3.7825
5.2795
-4.6744
-6.8439
3.0721
3.4646
5.0306
7.7658
-0.27655
0.93487
-9.2932
4.9521
-11.588
2.0634
1.6166
-1.9504
-1.4857
-1.6098
14.84
2.625
3.2583
-2.4848
6.6422
-9.277
-1.7927
8.2989
1.7898
2.826
-1.6871
3.0134
-6.5485
5.0208
-1.22
-3.3842
-0.11278
4.4955
0.48434
-2.2523
-3.3711
7.3872
11.607
-8.3294
13.85
-5.7835
5.9962
-2.0182
-5.591
-3.5954
-3.5761
2.3627
6.7894
-0.71481
-9.2765
-5.1004
-12.595
2.5597
-1.2731
-8.9367
-2.8135
6.2888
8.0569
-1.1266
8.1607
-5.7321
-1.827
10.546
7.3322
2.9639
5.4151
1.3706
3.6438
-10.837
3.3027
-11.882
-7.3889
11.028
-1.1301
5.2696
14.281
6.7504
2.5634
-1.6181
2.9334
-8.6759
0.17307
4.0096
-5.6458
4.7137
-12.662
1.8363
-11.827
-14.449
-6.4254
3.1554
-0.42301
-4.4997
-7.7336
-7.1884
-7.9629
-6.1967
-6.6553
-1.9814
-1.102
-5.5582
-6.1141
3.9116
-8.6461
6.4049
-7.2074
0.80423
-4.3818
6.6504
4.3537
-3.5581
-6.2967
-4.941
3.6247
3.0737
-1.7987
1.8455
-2.0943
-3.3642
1.2143
5.6138
-3.5583
-4.2671
6.4796
-6.8043
4.3711
-6.292
2.195
-11.076
-7.9395
-5.4724
-9.2568
-1.7229
-6.6855
6.6017
-9.3298
1.6571
1.4274
4.5473
3.9759
-4.719
6.6511
-7.0492
1.7735
-3.5945
0.45676
8.6345
-3.2149
7.6464
3.8872
-0.24426
2.0393
-5.7997
3.265
-0.1401
5.4045
8.066
13.319
-1.5151
0.65497
3.3619
2.184
-4.617
-2.2608
-4.302
5.5128
6.2058
11.622
2.7341
-1.2754
-2.2754
-3.7526
1.3329
-4.5352
1.7546
-5.0903
8.7518
11.236
-4.9757
-7.7029
-0.66906
0.32745
-3.684
0.90566
-7.3942
3.3243
-3.4552
-11.931
-1.2978
-0.11962
-11.575
-0.58927
1.1784
-13.152
6.6683
-5.6079
1.2805
13.581
4.4451
6.5175
4.6874
8.1925
-8.0649
12.044
-7.336
1.3283
5.8801
-1.4489
4.2451
-8.4822
2.2059
0.24596
9.0074
-15.915
2.4968
-2.9876
0.73984
-0.21042
16.154
-5.3748
-3.1735
-1.4985
-6.3755
-4.8371
1.0079
1.0686
2.7189
2.9201
7.6628
5.4097
4.7379
-5.9593
-12.003
-10.601
1.46
-3.5932
1.8279
5.1048
-4.9961
-1.113
6.8422
13.827
4.5334
3.7224
6.0998
4.1113
5.1042
-3.0246
10.694
-6.4395
-8.005
8.7781
-8.7032
-1.5183
-8.4925
-3.2681
2.0223
6.2346
13.41
3.7598
-0.52908
-4.8759
-3.1358
7.2244
3.468
-7.9621
-4.6777
14.837
-5.1504
-1.7579
-5.8789
-0.98274
10.901
-1.0847
-8.262
3.0073
2.2974
-0.81647
1.1788
1.064
9.9634
-4.4407
-1.4611
2.0201
-8.4717
-0.55077
11.781
1.2664
3.8525
1.4754
-0.40252
13.356
-5.0043
2.031
1.2519
3.1482
1.5638
-1.6144
4.8982
0.0091103
-1.0733
-1.0878
-8.2346
-15.743
0.67025
-3.8474
-0.69423
12.446
-0.89862
7.1707
-5.7756
-3.9135
0.22812
-15.385
-12.62
5.8705
-8.187
1.1181
9.3111
2.4457
5.7344
-1.7321
-2.0523
9.4668
-5.607
2.084
5.1468
3.9351
-11.436
9.4134
0.28749
3.4397
-0.12252
3.176
-2.7924
0.27216
-5.3507
-4.4273
0.10874
-2.7
3.7586
1.108
9.446
1.6317
-3.7023
-4.5486
-1.6437
-1.9911
7.367
-6.7622
-5.8694
9.0158
6.0821
8.0938
-6.9849
10.769
-0.036203
6.8757
-1.1128
-0.5503
3.0247
-1.1282
3.737
14.607
1.936
7.6274
0.57658
-1.6337
2.5698
-5.6631
-1.4391
-5.7393
5.5106
-1.8663
8.0611
-4.1059
-10.209
-0.95805
3.8014
0.89924
-8.0588
4.9786
9.3898
2.3313
-11.909
2.7769
4.5118
2.5876
-2.4395
2.2354
1.0109
0.71575
-7.83
6.4872
1.013
5.1051
-2.8591
7.599
-16.405
4.4494
0.92084
-2.1233
6.0683
3.7267
-11.729
-7.9203
6.4757
3.9584
-3.6878
-4.7099
6.9961
5.3444
4.3913
1.5437
5.0232
-0.43052
-7.9023
-10.809
8.0101
2.3298
-1.7077
-1.3081
4.3451
7.3635
6.1326
7.6476
5.0125
6.37
4.3952
0.29991
-11.363
7.2281
-0.47568
-1.2382
4.7223
-9.0738
4.2717
1.5656
-3.0171
10.382
1.7869
-3.5313
5.4965
2.4959
2.6899
-10.524
-2.3733
-2.2799
-2.086
3.7253
6.0526
-3.1992
-6.5985
-15.361
12.16
-5.3871
4.4933
12.614
-6.635
-1.344
-0.87507
-4.2576
7.72
-0.531
0.92885
-6.8963
11.725
-0.86247
3.3267
-5.2727
-3.1735
-0.0061132
-8.7727
2.067
-5.6373
-1.9913
1.8078
1.7039
-0.064449
0.71305
-5.9304
-5.5361
5.2324
4.7367
-0.63914
1.5723
1.0212
-1.3606
-6.1429
1.8216
3.3149
5.4978
-10.506
-3.5896
4.6246
-2.7342
8.5948
1.5822
-2.0374
6.2559
-2.4306
0.66455
-2.7336
1.6708
-2.4626
6.6448
2.364
-6.824
5.6347
0.68911
-2.1844
-0.42324
-7.3578
-5.2067
13.142
2.9479
-1.2446
0.72107
11.227
-8.4047
-5.9208
2.9213
10.858
-7.0352
0.095185
6.9741
-0.2314
6.3872
0.8049
3.0473
2.2881
2.5511
3.9022
1.0745
3.8699
-4.5886
5.756
-0.30585
3.8597
-10.175
0.52702
-7.0765
11.098
4.9907
4.4389
-6.8095
-3.9612
7.2773
4.2637
14.26
-3.5054
-2.737
-6.1338
-8.4852
7.4223
4.0925
1.2121
2.4808
5.2801
-7.7401
3.3502
-5.1774
-1.1754
12.048
-5.9061
2.3426
-2.1245
-5.138
4.9105
3.9886
0.8843
-1.3383
-5.4707
-2.9128
3.3176
-5.5451
8.7129
-4.5532
-3.7219
-2.0265
-2.0286
-3.3363
-0.31484
-1.5714
3.6224
-3.3671
2.7429
-0.79989
-2.2009
-4.3588
3.084
-5.0736
-0.72911
-2.1611
-4.6974
3.9934
-1.1346
-0.21825
-4.5049
0.057651
8.3672
10.997
-1.5711
-0.56856
4.0523
2.5625
-1.6333
7.7608
-7.9353
11.921
-6.5718
-8.1414
2.5765
1.3699
-8.1013
-8.7584
1.2671
10.16
-2.7784
-6.6896
-0.77405
1.5491
-0.45959
-10.961
3.8106
-3.7876
-3.2166
2.297
-2.2258
0.90027
8.8342
-1.7167
-0.15144
1.4963
1.8893
5.472
1.3519
5.988
2.1053
-3.4842
3.0065
3.0871
-1.19
-6.0957
3.7014
2.8263
-10.46
2.4644
1.6631
3.6208
5.7035
14.944
3.3466
0.066794
11.439
5.7807
0.39553
4.4996
-10.087
-4.0461
-10.672
6.2214
3.2952
8.6245
-12.496
5.8131
5.0734
5.3528
4.5577
-16.329
2.6401
3.8762
-0.7196
-5.2641
-3.5052
-2.6864
3.0086
0.91677
7.7193
-1.6162
-3.4019
6.0371
10.338
-9.6116
2.7642
-6.7605
-4.0023
9.69
7.8802
9.2419
-1.7437
-13.214
0.85771
4.3011
-9.7472
-5.1285
-6.5806
4.1555
2.1174
-1.6614
-2.9928
6.0175
-11.95
-0.99041
-3.5414
1.3764
-5.3802
-9.4029
0.82842
1.3111
2.5356
-5.7885
7.426
10.757
0.076211
3.8849
1.4237
8.5522
-10.783
2.3458
1.0934
-4.279
-3.1022
9.788
-3.5705
10.533
12.517
7.289
-1.8287
15.374
0.75269
-5.3786
8.4963
6.2443
-3.8439
7.0721
12.158
-10.15
1.2437
4.9649
2.7782
-6.9971
0.064786
-9.1521
6.6608
8.3694
-3.8723
4.833
2.9068
-8.076
0.81659
-7.6981
