-5.5149
-9.7373
-5.4839
-16.428
-10.899
32.9
17.024
-31.442
-0.6398
-25.95
38.111
-2.4037
-19.703
20.086
19.745
11.44
7.7136
-5.5235
-11.702
30.678
28.824
-26.66
1.5864
-15.657
13.31
0.44311
20.33
-14.098
17.671
-9.1597
-15.141
-7.2098
-5.8167
-26.26
-24.329
9.3445
0.80911
5.3241
-45.409
15.892
-19.747
-4.0866
27.651
-1.6827
-8.9128
0.14534
1.3522
28.341
32.399
-4.4056
7.3008
-27.362
7.962
0.26958
14.354
32.312
-6.2102
-26.522
-1.0744
-3.945
3.1668
-3.4656
-27.282
16.383
27.955
18.812
26.882
1.8508
13.646
-16.616
-10.545
-10.003
7.3794
-32.162
-27.629
-36.464
-39.041
-0.66901
-8.8683
18.223
-1.8996
7.836
-0.06553
0.14793
-10.295
7.9978
2.4421
-14.886
27.633
0.58523
7.1882
-4.5486
21.64
0.25384
-27.235
-14.358
23.78
-2.1501
6.1039
4.8156
-14.86
24.986
-12.228
18.32
27.787
13.086
27.244
-1.1743
-40.86
-15.747
-4.7027
-2.0996
3.1654
-21.039
-9.1989
-2.4739
14.417
28.793
6.223
5.9052
-5.11
6.9154
-8.0736
-6.6284
-8.606
6.8874
-14.092
5.8034
29.094
-3.3836
35.633
-3.5455
3.3303
4.5331
14.96
-14.721
10.196
-10.463
-34.862
-5.9764
-12.208
16.262
-24.833
-6.351
17.222
-0.72992
-13.693
-22.303
-39.994
2.9459
-13.567
17.351
-0.28503
-19.654
18.609
14.256
19.254
18.096
4.4647
2.0147
-10.584
3.6977
-13.496
3.5011
36.442
25.373
-29.083
7.3734
-31.341
-12.95
6.4717
-7.8663
-18.556
-13.112
7.7309
2.2781
-36.2
1.0368
31.646
-44.661
-38.847
-39.535
1.3032
-7.6566
-11.271
-3.7433
-26.882
4.567
-7.179
27.766
12.507
-5.5494
12.314
31.797
-1.8972
-24.927
-13.221
28.571
-15.802
-1.007
19.976
-1.7776
2.5128
14.391
-28.534
-14.979
-11.9
15.886
-12.646
6.305
-6.2369
-8.4733
6.7825
-12.763
13.556
-13.124
-13.423
32.213
4.8415
18.288
1.6167
-32.214
30.159
-0.0019095
-16.81
3.207
-29.103
-11.412
12.243
-7.3425
-10.277
2.9508
-5.7175
-11.9
-21.716
10.223
11.456
3.5677
22.212
-17.562
-6.6019
19.802
-6.8968
-7.2166
-9.1769
18.969
-22.545
21.269
6.6153
-30.284
-20.401
-42.47
-11.351
-7.2513
-17.765
-19.099
26.513
-11.789
-2.7286
-23.702
20.165
17.576
-20.88
2.1576
-2.7531
17.853
-10.1
3.6344
-6.9695
-5.6562
-16.17
0.81994
-0.96981
-3.8173
-15.55
-6.4411
18.84
-6.9358
2.7203
-21.352
-6.7646
23.756
-23.291
-8.9324
-21.697
-16.803
-1.9579
9.119
-15.286
13.543
18.789
7.6028
18.7
-30.8
-21.847
-0.10908
19.777
-8.4636
-0.026994
-8.9762
-1.6485
-29.457
11.512
-26.519
-50.279
0.68902
-22.346
12.304
-4.2343
-0.14003
8.0766
23.145
-38.028
-23.461
-17.189
-1.9006
28.479
11.228
-59.077
-20.498
-17.993
-29.808
-1.1132
-21.64
-16.197
-22.968
28.026
-29.945
-13.804
-14.217
5.4408
8.6142
-27.141
-4.1129
-31.655
-0.95789
14.239
-36.231
-1.9967
9.455
-22.555
26.92
26.846
-19.241
2.0052
-24.959
-14.541
33.654
13.58
31.753
21.415
2.1714
-4.6727
-19.769
-1.1874
-12.441
-1.3272
-6.0314
19.127
11.703
-24.996
19.573
-13.181
1.1175
-8.123
-24.858
6.8913
15.309
1.9318
46.039
-13.552
21.118
12.854
-25.234
11.91
20.237
-5.2427
-1.0057
-24.529
12.485
-5.7305
20.497
-14.475
33.208
3.6552
7.9929
4.477
-13.146
29.548
-12.779
2.6157
-18.996
-19.234
0.27651
31.912
0.89085
35.385
-22.802
6.3523
-8.9789
4.3016
-33.769
-30.156
27.995
30.131
7.4861
20.659
-27.971
-11.552
-17.842
7.2325
1.5555
9.8308
-6.0277
18.25
10.444
26.474
23.646
22.149
2.2168
-11.039
-5.2791
3.1918
-29.714
16.09
10.665
-27.358
11.317
15.005
45.617
-20.143
-10.956
-7.206
-26.642
5.7001
-3.9575
1.0526
-11.134
0.81372
1.7179
25.712
4.9737
-17.417
21.102
28.185
-5.3238
-10.099
-14.735
4.1797
-22.584
22.375
29.517
-10.302
50.515
3.2172
-21.745
45.208
16.518
-5.9238
-34.577
15.112
1.9165
0.118
-6.4177
-2.3165
13.179
15.631
21.056
-7.4609
-22.08
-0.030793
-3.1826
22.387
-9.3741
31.121
-12.177
6.4039
-8.1687
2.4086
-5.8355
-37.469
2.9012
-4.8679
-14.7
-2.2901
-3.4428
-19.611
-2.9376
-17.918
-2.9015
12.594
-10.301
8.7234
3.5679
-11.162
10.057
-0.11792
18.455
-11.146
-4.4427
-16.617
10.231
-5.358
-13.407
0.55801
8.9504
21.48
-15.3
-38.002
-8.7462
4.8358
1.6517
-32.469
16.704
3.3044
-1.9251
-38.969
7.3439
4.1548
-30.446
-1.557
8.882
27.098
-14.022
25.924
-6.2871
18.48
32.664
11.554
22.768
7.2435
21.622
34.391
1.895
-6.3248
17.374
15.077
-7.4856
6.9476
7.5744
0.98274
20.932
14.485
10.376
-14.948
16.424
-31.124
33.634
-17.811
40.77
-60.802
-12.9
-32.307
23.809
21.176
13.003
19.793
-25.136
-11.596
-28.23
-15.337
-10.377
-5.986
-19.708
20.729
-0.5514
-6.1212
22.311
-23.362
-16.807
8.3499
-9.6814
-9.8622
40.114
23.721
-12.853
-14.814
6.4317
-29.971
-5.5342
-8.2833
2.7042
22.848
-8.5857
5.8888
-11.186
20.003
1.6031
5.7041
-11.324
-2.6054
-17.267
3.7294
9.9851
-12.359
12.975
-21.163
-11.434
12.421
12.083
-6.9618
19.276
13.038
0.8259
-11.642
14.618
1.9213
8.5343
21.116
-15.835
-30.674
-20.209
21.418
-14.132
2.484
4.2348
11.21
8.0375
14.432
-11.022
-20.994
10.835
-27.909
-7.9109
-10.668
11.245
-10.058
2.5037
11.699
6.1916
-8.5306
-3.2054
15.623
3.8582
25.275
-5.4359
12.804
37.609
2.6808
17.995
23.347
-4.2962
-16.869
-11.476
-1.5667
-5.1063
-2.1252
1.413
-13.674
-23.452
-1.1619
25.961
-2.905
-35.664
22.608
-10.694
11.385
-3.5673
17.596
17.203
-4.0584
24.227
-33.101
-9.7171
-5.2979
26.248
15.222
2.3921
20.57
-15.915
-24.124
-9.7877
-20.373
-12.752
23.191
-8.7049
29.038
-11.904
-3.6647
38.141
-9.6334
0.46663
-8.1307
-13.521
-21.301
24.236
1.5516
-8.8334
-4.6214
1.901
-7.4003
8.3477
6.5726
2.9509
-24.107
9.0519
2.3917
11.308
-3.3638
18.613
5.4441
-5.7102
0.59106
6.1443
-19.018
6.2089
-9.1867
-1.9385
6.0622
-6.0179
28.861
-3.8051
-21.687
16.234
7.9097
-3.9246
-7.1381
29.251
11.364
-28.246
29.412
1.6524
-22.39
20.672
-15.455
19.718
16.501
-3.2372
-6.1847
-4.4644
4.125
-10.731
-22.282
-25.653
22.276
-11.245
21.098
0.89561
-5.1878
-21.875
-26.466
30.081
-9.6954
-13.872
12.286
-10.934
-28.748
40.645
2.7897
0.58936
-2.0707
-1.8403
25.003
19.777
-1.0151
3.3149
16.548
-13.145
4.8118
39.524
1.8508
-17.456
6.5682
34.4
-2.1333
40.833
0.15248
-27.835
20.559
5.3381
11.532
-16.11
3.8634
-25.56
-3.3005
-7.6522
3.4742
-7.6665
9.3334
-2.7184
0.44491
-9.1867
10.644
-6.3493
-3.5446
27.446
-1.1217
4.0475
8.511
-15.427
-0.96358
5.9567
-3.5531
8.0554
-8.0461
27.872
15.746
-39.045
-18.032
-7.4153
-2.2481
4.1764
12.491
-23.138
-48.927
19.837
5.234
38.068
27.325
2.6607
6.6173
3.8488
7.0428
0.526
-7.0253
10.952
-13.167
0.50377
-11.399
33.289
-21.911
10.665
-8.4368
-15.283
-58.581
9.4638
18.018
-6.6959
20.257
19.358
22.781
35.824
6.5848
-19.706
18.883
11.923
-34.339
0.85469
-35.969
5.7782
3.2575
7.8591
18.307
-21.751
21.181
7.4625
36.394
-9.3468
6.7369
19.648
17.425
-6.3224
-14.643
-9.1837
-26.356
-14.777
-26.441
-0.33218
8.7399
-28.786
48.041
8.2799
-3.3271
-25.289
6.9285
-7.2753
-22.632
21.072
-18.172
6.6894
30.121
-33.282
-19.122
5.7557
5.6197
16.04
10.112
-19.088
7.6269
-3.6066
-4.5223
-4.206
-35.626
-28.203
-9.8396
-17.157
-11.951
35.177
-11.974
11.846
17.283
1.519
-7.6733
-31.905
6.1758
2.2092
-16.44
4.2496
-33.009
7.8931
-16.956
-7.9066
8.7292
-0.17244
-5.9515
5.2324
7.175
7.7646
-8.5759
18.639
-19.888
15.249
-0.0014462
-15.702
25.429
18.464
37.984
20.741
-11.006
-13.76
-1.0122
6.5242
3.0423
5.7365
-3.7151
-8.7262
28.521
9.2167
18.051
-0.80851
15.853
1.905
29.442
3.5063
3.2454
-10.72
6.3775
-10.293
22.33
9.0905
-39.958
6.6127
-3.0409
-6.4882
2.5122
8.6113
11.379
41.581
-0.72811
-14.492
-2.357
3.2367
-9.5233
-0.74564
-5.8736
-4.6048
-29.069
-41.267
15.679
-30.426
-21.733
17.852
-16.294
4.4817
12.215
-6.21
-16.976
-11.298
3.5253
19.275
26.248
-9.8176
18.063
-22.113
-34.28
24.417
3.606
-22.242
5.8559
-18.712
-21.298
18.275
5.7074
13.174
31.475
12
-25.097
7.8497
12.51
-1.3682
-0.3547
-8.73
-2.5046
2.8141
-8.0724
-7.9171
22.959
5.1664
28.278
-6.3377
-20.919
-11.286
1.551
14.426
16.618
-9.7536
18.438
19.081
-18.835
-3.6665
-6.8121
7.0006
7.2297
-38.904
-12.284
4.5493
-24.883
-4.1015
25.327
26.799
-8.1445
-6.0437
-2.98
-42.596
15.998
25.994
-12.838
-6.4729
-2.68
34.155
-10.267
2.027
6.4288
-12.648
7.6339
-13.18
23.792
-4.4105
-14.152
-8.9605
18.976
56.36
-4.886
5.5443
27.61
-16.812
-25.19
-9.1397
-1.2143
-8.1916
-31.131
-1.8141
16.788
-14.41
9.3859
-1.7275
21.417
0.54757
-20.462
-33.814
-0.26832
14.472
-21.759
-6.6013
25.997
-9.4554
-30.807
-6.2341
25.621
20.322
-20.084
-9.0024
-19.498
-7.5776
-4.6374
7.3035
6.8129
1.5819
1.3118
-28.52
-1.5144
17.818
-23.231
13.454
-2.7032
8.5914
-17.743
-2.2882
20.77
16.346
1.1025
2.4105
-6.5572
10.756
-4.7746
17.888
-18.501
-2.2153
-0.0586
-10.941
-10.041
17.166
14.023
-36.417
-13.902
30.391
-13.878
-9.8638
-2.9044
23.148
27.035
-3.6723
31.414
-0.82208
-3.1338
23.493
-23.51
-29.786
42.24
1.1269
7.27
26.109
-11.438
-29.561
6.6972
6.0352
15.438
23.595
37.18
-3.0712
25.995
-15.202
-0.35437
-2.3923
-5.6005
-8.7964
10.087
16.981
-15.387
8.6669
24.679
30.719
24.087
2.8312
-45.869
11.794
-9.6276
-1.2208
-29.762
-24.87
29.249
-43.734
-2.3603
-26.267
17.738
-12.662
4.494
10.234
-12.216
-0.72642
-17.21
-22.757
-6.2757
-23.821
1.9853
-5.4765
-12.944
-10.787
11.159
13.108
-2.0479
-24.222
-1.0815
14.758
-5.5499
-35.622
-14.186
-9.2926
3.9271
3.3261
-12.246
-5.2384
11.073
10.96
18.479
1.2194
-10.405
10.514
-10.62
-21.301
8.7693
-20.001
6.1683
-17.764
4.1174
-19.657
-0.47754
3.2304
-13.139
-10.987
0.49136
8.7338
-19.203
5.596
-3.3225
-16.106
1.41
-14.406
-11.015
20.988
-18.996
20.884
9.5541
19.295
44.184
-8.3711
-6.6447
-14.748
-13.909
-3.6931
1.4535
-3.5615
12.51
-19.031
-0.45247
16.444
11.975
-27.651
49.111
-16.731
-21.647
15.276
11.345
27.637
-7.8934
-5.722
-18.3
-2.9196
15.315
-34.14
31.82
11.523
18.55
-9.9247
40.327
3.1061
2.8597
7.3793
9.5227
-12.685
19.762
-6.9075
-0.78481
19.306
3.0586
13.46
15.316
-8.7745
-19.364
15.042
-3.1759
-7.8358
-5.3386
10.339
-10.122
26.058
3.9203
-11.355
-9.5842
17.221
5.7113
-4.0786
-8.5638
-1.5723
-22.63
-3.0594
17.934
-24.326
14.031
-22.571
2.3608
-0.55049
4.48
23.322
0.10692
10.8
25.107
-5.0841
25.344
17.301
-35.888
1.8085
-14.328
27.902
12.022
7.0099
-8.93
-26.178
17.219
-26.073
14.171
-19.553
-18.651
6.179
49.278
15.563
-20.305
-6.2846
11.627
-29.097
-4.3697
-28.834
0.32807
5.8259
-7.1577
-5.9509
-26.224
-11.431
-8.7424
-1.4735
-7.265
35.57
-7.8961
10.009
-44.373
15.144
-7.7673
3.7365
22.22
8.4151
16.915
-29.006
2.6726
4.4291
-23.697
-19.821
6.6805
12.917
6.4796
-11.641
-16.658
2.6441
17.063
26.324
9.7417
29.855
-23.691
-15.249
-11.049
-34.134
30.167
14.391
9.3386
15.672
-2.6131
0.86824
26.04
-24.452
4.8271
28.636
4.7836
-10.082
-10.227
25.798
4.2311
-20.287
7.9494
4.6375
-1.495
-3.0309
10.35
1.5028
18.784
-1.8851
-18.045
6.7522
13.596
7.4704
-33.017
15.743
9.0372
-0.023302
31.126
-33.213
13.015
-1.2719
9.8647
1.0503
-28.222
1.5825
-13.231
11.65
10.191
7.9648
12.432
-18.738
33.135
-0.90829
-15.856
-22.805
0.7217
-4.4812
28.565
-2.755
0.61724
-32.13
-15.933
23.031
10.759
-33.282
7.463
1.2303
-34.365
10.639
-22.551
-5.291
2.968
-8.4229
-4.1734
-7.1922
6.3893
11.666
-13.608
-0.011138
-0.70686
2.3523
29.32
10.72
3.7697
-10.522
53.17
9.1737
-0.056261
3.2844
4.8853
-23.093
7.3735
26.436
-2.8838
0.3719
-10.692
-19.247
10.833
-2.6337
1.8226
1.802
-0.8559
4.4109
-0.26148
33.568
14.368
14.166
10.139
-1.6631
-4.0727
-16.438
-20.095
12.837
5.468
-4.3831
-15.268
-9.1088
-3.463
-4.3942
-5.9211
-5.3655
13.462
0.46107
22.44
3.2534
3.5239
-12.329
8.7377
-16.925
9.5896
3.5797
-5.1085
-2.6535
-21.995
-17.892
-24.262
-23.155
-20.556
17.712
-15.375
8.8235
24.646
20.301
-10.86
29.131
25.113
-28.795
-1.5015
-14.419
2.6174
11.25
-18.766
15.33
12.965
14.029
-7.0753
-4.8828
12.393
-14.522
-14.516
-15.845
22.99
0.41578
1.3342
2.9134
-44.24
-1.8457
18.798
13.128
-29.682
-25.88
3.0028
18.197
-6.986
-9.7999
-2.4269
-3.682
-0.72398
17.352
45.846
8.7903
33.448
-2.8571
-29.84
1.9643
-12.891
-8.7736
-9.3079
-2.3676
3.2312
-15.465
15.323
-0.96166
7.8891
-24.237
-13.652
2.0149
-4.6187
38.959
-15.43
-17.263
0.1558
40.061
-4.9825
30.639
-23.7
4.8487
-27.893
8.4947
13.225
-13.565
8.4307
-10.019
12.321
9.6988
-8.953
-7.9802
-5.048
-2.7895
28.753
24.377
16.939
23.875
-13.721
-7.4667
-26.821
-3.7216
13.415
-34.351
-13.97
-7.0532
-26.409
-1.2796
14.522
-4.0404
-2.5657
-6.7262
12.933
12.8
20.143
-1.5724
20.472
-10.801
-2.5011
-1.0013
3.3717
17.622
1.134
-5.0534
4.6003
-4.9165
6.7337
-23.892
-14.15
5.2153
-10.105
10.744
3.7154
-6.6993
-0.028837
-7.9718
-24.113
22.033
17.099
2.9853
-14.309
-4.2702
24.982
14.324
17.44
5.8066
20.3
16.859
3.8463
12.542
-14.785
-0.88857
1.1526
15.945
10.807
33.71
10.194
-14.893
-0.53834
8.351
16.508
-20.455
28.333
24.083
8.7017
36.126
6.3959
42.668
-8.4005
-13.925
14.249
7.9592
28.199
17.725
10.186
29.452
4.1978
-19.885
-8.2957
15.07
-30.373
-0.39862
20.504
-11.727
-0.21905
-13.501
12.909
21.87
-0.41144
-39.872
-0.22418
-18.174
-23.967
0.76492
25.92
-18.939
5.1915
-16.907
-11.238
4.6379
27.381
0.70512
-16.631
-14.435
3.7537
12.891
3.2751
-13.644
27.038
-14.544
-10.334
1.2212
20.902
17.999
-20.036
-5.2238
5.02
7.4245
-6.8716
37.241
2.2675
-22.992
8.8964
-8.0477
-4.6678
40.881
-8.9061
34.784
-18.517
-8.9648
15.403
-15.855
0.26668
-5.5252
1.0424
14.033
-16.032
5.3011
-3.2665
16.618
5.6158
-3.0907
2.2452
20.812
-0.11007
-13.979
0.24563
-4.6001
23.825
-10.676
-8.2284
-23.919
13.427
5.1156
-4.2793
19.412
-18.514
-4.1578
-11.238
3.0836
2.1972
7.277
10.686
-3.4416
-1.9512
-32.126
33.002
27.136
-0.065445
5.9094
28.247
-3.3236
-15.168
33.685
3.0258
19.718
5.4998
-23.236
-0.22709
34.842
-27.3
46.326
1.654
15.617
-27.834
-6.2482
4.0125
-16.822
6.8969
11.377
4.6902
12.886
-3.4935
3.1802
14.04
25.516
-18.316
-6.7783
22.071
-1.3114
6.3615
-20.919
19.179
10.59
21.534
36.915
37.055
-3.415
8.7589
3.9564
18.073
3.2278
-5.0749
1.4196
-4.161
-17.222
-1.0126
18.396
67.656
0.17995
5.9089
-14.2
-3.0192
-15.139
32.877
-15.724
22.409
3.283
-5.6066
-8.5187
13.181
3.2947
30.582
-19.3
11.237
22.827
17.877
-24.046
-7.0172
-14.336
8.5421
-13.611
-5.0068
-35.858
13.767
-6.3558
-14.181
-26.309
-20.442
10.116
2.1233
5.8905
12.431
0.90128
-7.53
28.294
-23.369
-2.3762
1.8871
-26.077
16.808
8.4055
11.205
-5.9671
-24.093
-8.0575
-0.50728
26.082
-7.4223
-15.385
-5.503
3.7055
-10.467
-17.006
-26.661
44.905
12.95
-2.8231
20.032
-11.575
1.6454
0.75991
2.5724
21.674
-1.6746
-29.573
1.5275
17.955
35.519
14.285
-9.204
12.941
-8.1896
-31.767
-21.593
-16.191
8.141
-19.468
16.537
9.1826
2.5883
-7.1729
7.3963
-0.58525
6.7119
15.617
-0.45117
-1.7599
7.3611
-16.892
-13.484
-16.293
-12.755
11.943
-36.209
0.72253
11.066
6.9749
11.538
-1.5406
-20.9
-8.4688
10.89
1.5735
13.138
45.848
-30.537
-2.1878
35.82
-11.885
-11.838
8.5104
0.29721
5.1047
-3.8127
3.4404
13.962
24.502
8.1628
-6.4325
-7.7017
10.442
-9.7812
-1.4811
-4.4319
-1.2775
18.011
-25.218
28.836
7.1127
-10.006
-9.9773
9.5216
13.007
-0.51111
20.959
-4.4265
2.2465
-17.91
8.9383
-9.5117
13.897
8.0599
3.519
34.733
22.373
-1.4914
16.746
17.362
-25.77
6.9494
2.0254
-6.5626
16.709
1.4819
-23.756
11.061
-14.754
8.5616
13.59
-1.6762
-9.3311
-47.94
6.0796
-1.2302
11.928
0.062831
-1.1463
-2.5667
12.476
-8.1947
1.1946
-11.575
-14.45
3.7339
20.757
-26.583
15.967
-0.32044
1.1592
-21.256
-8.7155
-20.661
4.786
-2.5204
-4.9614
-3.4157
18.681
12.451
-1.9276
-5.9349
8.3259
13.833
29.452
1.477
10.709
-6.5799
-10.478
-21.989
11.76
-12.988
31.933
-5.5854
1.8126
-9.2879
-20.23
16.785
-3.4002
-15.85
14.085
5.4168
26.337
38.167
42.639
-22.248
23.111
-6.767
28.826
13.763
5.8481
-7.4889
-7.178
-9.0396
-13.403
-14.398
6.7051
-29.663
-23.397
3.1276
41.888
1.2449
23.864
15.411
-14.66
-16.96
28.206
2.3699
24.617
6.94
-4.9335
-27.026
-39.711
-1.1388
20.28
5.1589
-5.7218
-30.275
14.153
16.301
-15.256
22.595
30.648
-12.39
-21.814
18.601
10.039
-11.142
-11.297
16.407
-42.896
-6.3946
-24.871
15.364
6.4386
27.462
23.948
-27.442
-8.8702
20.855
10.092
-17.613
-10.55
8.6996
-4.8825
-16.097
-19.226
20.228
-8.8529
2.5246
7.2555
-17.895
7.6313
-9.9864
-35.031
-25.882
-5.3288
-21.242
2.5884
4.5282
38.547
5.4631
-23.022
4.524
-21.871
-0.15808
-13.648
18.46
14.156
-0.86394
5.2486
-22.655
15.168
16.138
-16.123
-4.4828
7.6356
19.483
-11.962
-2.733
-29.321
34.67
10.439
24.009
-15.002
30.776
-16.482
14.097
-12.109
-31.411
16.891
14.495
16.299
-23.015
-4.2504
4.7442
9.2367
9.2148
-26.578
0.50636
-21.721
3.3855
18.007
-8.1351
14.929
-5.9388
-38.03
23.279
-4.1179
8.5034
71.402
8.8846
9.5277
-0.70212
6.176
35.748
0.63868
-15.746
-26.551
-29.477
-9.8623
14.613
4.2206
18.334
10.74
49.327
15.443
2.4424
-24.169
-8.0897
43.397
10.891
-46.434
24.7
-6.4054
-9.677
-4.5728
24.737
-20.711
-1.9795
4.3313
27.815
13.169
3.7699
28.214
-0.18856
-9.5018
5.5183
11.654
-20.397
-7.1959
-7.4718
9.1225
-16.698
-23.17
19.848
-0.31997
7.9089
-4.8778
24.453
-26.635
0.76497
0.96335
2.5072
-1.111
-1.3184
26.533
29.527
12.051
-9.8406
14.575
9.403
-0.043877
-16.804
-14.328
-6.537
8.4633
6.992
13.981
-19.987
11.037
1.5213
14.083
2.5366
23.674
0.63897
16.819
-13.898
28.805
29.114
11.583
-2.8466
-3.6153
5.124
-0.32513
5.1786
-18.882
-22.76
26.797
6.4462
-24.036
-15.165
-26.205
-8.3001
12.802
-4.0123
-11.073
-8.1181
13.613
-21.989
-21.627
-16.756
-25.097
-5.7564
-7.0525
8.3542
-16.418
-19.346
5.3181
9.5324
-17.551
12.634
19.882
-41.674
22.535
-8.7486
-4.4763
0.99182
-3.4399
-29.944
-40.495
26.368
-25.662
-10.073
2.9701
-17.717
18.418
48.978
-23.159
4.8181
21.859
11.917
3.3175
17.922
-4.1091
4.0744
7.6092
-7.2754
23.862
-11.598
11.359
20.829
-29.323
18.727
-25.181
9.3968
0.89646
-6.8597
3.8173
24.208
9.3763
-8.5856
-17.981
18.541
-16.114
1.3795
4.9115
-51.908
-29.061
16.613
30.109
-14.882
2.1041
0.96474
-18.914
18.124
-12.775
2.1852
13.875
16.16
-1.2254
-8.0623
47.976
-23.16
-12.921
13.2
31.22
-9.558
-0.14087
12.206
10.918
1.9169
0.28189
-13.989
51.255
4.6236
29.518
-7.9335
39.651
-15.286
7.6777
-8.821
-37.94
14.145
26.346
2.0974
21.894
-23.706
11.638
-4.8404
7.5807
13.421
8.8256
-26.158
1.8558
17.542
-3.6978
18.04
5.419
-13.76
-7.1444
-11.526
-6.7877
-22.235
7.2754
14.417
8.5276
25.143
15.602
14.142
19.087
6.0144
-9.8894
4.9268
-3.0546
-30.375
2.3175
-14.396
-19.897
-26.121
7.3946
-5.9645
-11.943
-4.2313
12.944
24.413
-16.807
-2.7627
-5.0296
12.607
1.702
-15.155
-5.0976
36.664
18.226
-8.4394
22.446
-3.4127
-2.6911
-9.8123
-7.0821
-14.33
-4.9655
-3.1334
-2.194
-0.89849
8.3331
-6.2029
30.622
6.0651
-25.047
-26.208
16.998
-12.846
-11.08
-29.475
33.855
28.627
-3.7345
10.667
23.074
-14.352
-20.58
-13.11
-26.382
-9.1261
14.523
13.923
-1.7065
13.073
16.863
13.198
29.08
24.649
-21.538
8.4408
-11.765
8.4353
15.696
-3.6069
-14.806
-0.72708
-10.175
35.528
-2.3254
-2.4769
27.422
22.067
-15.982
-21.007
0.26805
8.4097
36.203
-13.404
-11.069
-18.55
-4.233
-4.0978
17.771
-10.449
34.932
-34.666
24.01
-10.884
-32.277
-33.926
19.059
28.838
14.314
-20.147
-26.257
31.023
50.106
25.469
26.593
-30.849
8.3734
2.5931
-14.214
19.535
-8.3162
-12.012
29.186
0.27151
41.322
10.949
-0.55315
-4.1934
-12.756
-15.74
-5.4144
7.4818
-30.487
-1.0109
20.126
-18.838
4.6138
-44.384
-11.176
-11.139
8.8794
-6.4894
-3.9006
-1.5179
5.2244
1.102
-4.9663
-30.848
-9.4351
-31.798
1.6147
8.3731
-2.5639
33.058
-12.183
15.019
-12.679
3.5358
-6.6441
13.844
16.283
-23.353
6.6461
19.58
13.71
5.1443
-18.054
-7.2131
7.2152
-8.9474
7.5518
-8.7231
-5.9108
13.395
21.65
11.739
19.785
-11.826
1.3017
19.9
16.261
9.4815
-9.003
1.2887
17.556
9.6695
-19.737
-23.851
-7.0666
-7.9073
5.8999
19.803
21.516
4.6202
-9.831
-2.4075
-25.581
10.906
2.6427
-14.145
-8.6824
-10.038
-34.819
-1.6372
-2.4844
1.7232
8.1019
13.18
-13.078
31.731
-10.625
-4.8999
-5.3949
12.773
2.7472
-13.33
-23.288
-18.086
-5.174
23.626
-14.839
-30.579
-8.4093
-9.3132
8.5935
-11.689
-7.5332
22.585
17.149
-18.487
-36.384
-10.737
-6.1685
32.76
-3.032
-14.058
13.249
40.475
-12.973
-37.503
-5.2592
-24.265
10.217
24.372
-3.9897
1.7816
-7.6007
-27.653
-7.3656
0.032608
-0.092775
-15.714
17.639
-25.221
-1.43
16.15
-16.107
13.233
-2.7621
1.099
-3.2358
-6.4901
17.889
-14.778
12.971
17.982
-15.071
-7.5793
-9.7401
11.134
1.0074
-4.6293
-1.1757
1.9889
-2.2313
10.34
17.177
-5.9786
17.374
-10.94
6.2389
-21.216
-32.974
-11.179
-11.812
8.0646
-13.88
7.6434
9.8999
-0.26308
2.9852
-7.2507
-31.192
-4.0841
10.775
21.176
8.9329
5.8606
-41.656
5.8116
-18.486
-22.712
-19.254
-0.34833
-14.7
-15.895
-7.5032
-24.12
25.111
-1.5532
6.8997
11.065
-20.262
2.9217
-10.644
3.9952
-7.4048
17.997
-0.83281
-7.1855
-4.8944
-12.835
10.35
-22.603
-15.376
-7.1225
-16.17
-5.9666
25.092
8.5887
-7.7339
6.4933
-4.9665
-12.188
-17.482
-20.098
-32.736
23.411
1.0711
9.4279
-13.979
8.6196
12.957
-13.744
-18.846
5.325
8.2466
12.765
-0.37984
45.386
-28.344
-9.2916
-8.0239
-34.103
-16.599
4.2354
-8.003
-14.332
2.9381
6.8988
5.8393
22.036
6.1806
5.5764
13.392
-2.4361
-28.297
-2.1152
10.303
-17.016
3.9894
-11.346
12.778
-4.7828
-11.586
-14.141
21.533
-20.38
-12.045
13.656
16.252
34.232
-5.2444
5.7987
8.5184
-19.178
18.757
-19.616
-1.4317
-3.5275
-1.8707
12.159
-1.2949
7.2036
-12.313
-24.037
-14.947
-28.433
6.1989
-16.894
17.762
14.519
-3.5445
-5.903
24.983
-2.3881
-6.5944
-19.036
-33.129
-9.0614
-20.233
-12.926
-5.3338
-0.37518
2.663
8.3462
5.029
-2.85
6.1768
2.7392
31.507
0.10016
32.239
15.732
-0.043812
-13.811
-23.141
-0.70184
20.665
4.396
-8.3909
17.939
-5.0048
6.2587
18.725
14.79
-1.3287
-36.949
-2.1253
-32.188
-1.1788
-18.89
-27.383
-5.535
-36.899
7.2906
9.9954
12.765
-5.7841
9.2093
-24.406
-13.748
27.021
0.24917
3.6561
-7.228
25.268
7.3143
5.4829
1.9045
6.9022
-4.1173
-30.649
0.55251
-30.585
-3.3132
-2.1824
-11.723
13.146
14.04
7.0362
-16.388
11.432
21.735
-33.5
22.382
-23.717
-4.1783
-9.8522
3.316
-11.627
-8.6464
-4.7706
0.34322
-16.673
-3.674
19.753
61.703
43.116
31.6
-4.8162
-9.8442
20.931
15.357
-13.696
-24.694
20.112
2.0313
-3.3667
11.843
7.8892
-18.032
19.367
-17.26
19.702
7.6029
19.206
-2.5371
-24.173
10.949
-33.776
7.7155
1.9523
-2.6656
17.604
30.947
-6.195
-1.0272
26.835
16.177
10.818
1.049
-15.327
-22.499
2.586
1.3313
-0.50372
20.766
12.545
-13.316
33.661
-5.0892
15.556
6.7974
-8.4695
-11.573
1.0857
-23.049
-20.242
-18.708
20.519
14.963
27.197
-20.184
-13.353
9.5104
-23.853
11.643
-14.599
-6.1731
-15.866
9.6171
-1.8827
38.845
33.149
-15.924
-2.0227
-25.953
4.0929
-9.0391
22.663
-8.7263
19.614
-19.263
-11.758
-35.921
-11.47
-6.7955
-9.0022
16.493
-1.7277
0.18017
-17.738
-16.914
-19.734
2.2132
-19.822
-5.4057
-11.583
12.951
-30.939
-32.019
-9.4179
-9.4905
13.854
-7.6156
7.6752
15.068
-18.964
17.44
0.18895
57.061
-1.5715
17.027
5.9802
-20.259
24.274
-2.2734
-7.5292
-21.495
30.339
-21.283
-4.5087
8.9459
-41.547
6.3468
-6.9671
-25.285
1.1518
-22.842
-4.002
7.9449
22.415
7.0868
18.857
6.0889
19.575
-2.717
24.822
0.69014
17.301
-2.6327
27.004
19.842
22.438
4.1532
-7.2822
-10.381
-8.5812
-10.625
-5.3245
-20.074
6.5191
-6.563
11.391
8.5368
7.9638
5.7364
12.415
37.461
-1.41
-26.58
0.21387
-36.972
-17.351
-2.6371
33.198
18.186
-3.1727
-2.978
-2.9616
-16.841
-8.0549
-7.8028
8.5847
19.953
-4.1049
2.658
7.4153
9.9019
4.2474
-10.446
0.73477
38.433
13.988
13.689
-35.916
-9.9533
-4.7648
-16.845
39.956
-6.7575
-34.608
-13.258
-2.4172
29.156
-34.346
-9.2625
-7.7904
-7.3733
10.894
11.529
-20.994
-28.854
-19.706
13.215
-2.3217
7.1397
-0.52813
7.2755
-4.5597
-25.369
-2.6087
-4.0764
-5.4088
-2.8211
6.0239
7.243
-15.692
-12.14
4.3345
14.792
5.7308
15.315
12.448
33.438
-16.655
13.444
-3.0575
13.121
8.8689
-11.588
-4.0367
20.245
8.8454
-23.238
-33.74
-6.4296
-6.9756
3.0164
-25.016
-6.0754
7.2809
-8.093
-8.2962
-0.18762
-24.176
-8.8287
-2.4538
5.8997
2.1063
21.494
17.904
-0.50487
-8.2188
-30.571
-3.5377
-9.7737
-2.5287
14.633
36.951
19.729
11.582
27.558
-0.41406
-17.498
33.311
19.144
-2.7403
-0.19579
-38.908
-23.42
-1.7414
-14.66
10.335
9.2802
-17.957
-13.312
-23.44
5.6469
35.296
-28.263
21.398
14.227
-9.772
13.001
-1.304
-18.374
0.66105
-9.9435
-29.203
-11.502
-11.905
-12.066
21.9
12.027
20.819
3.9816
6.3317
18.08
33.261
3.297
-37.841
-10.121
-2.4434
5.2483
-1.8231
-15.773
-15.821
29.502
29.326
-18.533
-8.6666
-6.131
-13.859
29.412
-18.494
-39.61
9.7564
3.0931
-3.8103
-6.6215
-19.279
9.0937
38.361
-33.603
-20.653
-17.567
-2.363
22.969
-22.136
-10.063
-1.318
20.244
-24.88
1.6661
-5.854
8.4584
-40.012
3.1528
-25.116
-19.672
18.855
18.252
-8.8676
-9.7216
-22.868
-4.8732
-1.499
3.1101
6.2421
7.151
-5.0043
-18.296
10.425
-2.7491
11.982
-9.0947
30.965
13.487
-13.126
9.6822
-2.6138
-5.913
-5.9171
-35.773
-26.51
37.038
0.53881
41.083
-0.2265
0.90243
-0.92816
2.6485
14.091
8.8389
-24.264
-6.0855
10.557
-0.97005
0.79593
32.321
-24.334
-8.3864
11.694
4.8179
11.346
-31.134
4.7056
0.25226
0.13737
7.8504
2.1991
-8.3722
10.99
-58.548
-4.4084
-31.419
2.7375
0.69944
11.781
13.275
8.9061
-11.968
3.0405
36.693
-14.376
9.5195
-11.872
11.25
-8.1435
3.8851
0.21165
-2.6188
-42.832
-8.9685
-17.298
-11.348
-19.898
26.938
-4.1879
-1.6929
12.396
6.2763
19.365
-6.2257
11.521
2.5925
-1.2132
-31.745
39.825
-4.2908
-11.545
13.494
38.496
-3.0562
-36.195
-2.514
6.5264
22.812
5.7308
24.834
-28.514
20.628
14.313
-3.0562
0.80055
8.2817
-11.989
15.203
-8.7535
24.173
4.9832
-9.6335
55.646
2.3931
-33.377
15.336
14.133
-10.112
15.933
-12.295
3.9382
19.673
-2.9018
24.942
-47.14
-2.249
-4.2684
3.0408
19.278
0.17554
-3.0169
-8.6378
-3.5621
-24.877
0.88784
12.61
49.733
-11.718
-2.8805
24.081
-21.121
-11.018
24.055
-34.459
-15.145
-1.418
-5.6172
6.4426
6.8852
16.892
-61.556
-4.6213
-2.7345
-15.883
-15.189
-3.3875
-16.806
17.042
28.707
3.0376
-23.507
25.955
5.0821
-4.5587
-16.089
-14.383
6.5286
-2.8758
-31.891
-27.2
-34.961
2.086
3.1295
-9.2114
-14.236
2.976
10.334
5.3851
-33.403
-0.044958
-26.165
2.1696
19.094
18.595
-0.87815
10.163
8.8137
-45.883
7.58
20.483
6.0768
39.807
19.094
-0.40733
-17.5
31.96
13.453
17.626
-10.778
42.848
-31.252
23.462
-2.6359
-18.814
-6.8389
15.83
5.7475
-24.017
12.537
38.758
9.4327
-6.3291
-3.5654
-3.7395
-10.585
2.3209
-0.2859
27.464
15.993
-28.183
-1.3123
3.6319
-13.235
5.6418
20.822
16.747
-3.9076
20.645
0.44158
-8.6337
19.822
9.8679
0.27994
7.3964
-4.2275
-9.1807
-4.892
20.955
9.9265
-11.297
2.5716
-21.55
26.959
-24.119
12.229
-26.025
21.921
-19.4
6.7403
-9.4624
11.003
-20.919
7.4486
11.925
-4.4176
20.114
36.061
-9.4584
12.221
10.355
11.52
-6.3804
22.014
-9.8726
11.66
-13.331
-26.353
-4.0234
21.074
-24.867
-12.089
6.0597
10.382
-0.9585
-23.417
25.008
10.436
9.0962
-29.449
12.734
9.138
-34.578
4.2724
16.54
-16.343
6.7283
4.2311
-7.381
6.8976
9.3869
-18.485
-22.567
3.7316
-8.6037
-17.109
12.14
6.271
4.3157
-8.4793
-18.299
-8.5482
-35.543
21.719
31.979
-17.451
-2.3137
-11.841
10.589
-5.3071
-5.9122
-1.5757
-24.612
27.858
22.336
12.735
-28.665
-17.144
9.4412
-10.32
-14.322
-10.701
2.7009
-13.702
19.954
-16.691
-30.738
23.24
-12.585
10.376
31.915
-9.6403
19.341
4.4063
5.1848
-10.877
20.662
11.596
-12.155
-0.70869
-3.4915
-25.352
46.7
-19.815
-4.4414
-10.591
-3.867
-21.218
-26.152
-4.7599
6.641
-15.242
3.1142
-18.6
-18.617
0.59023
29.887
2.6821
-29.786
3.9376
-12.278
-21.026
-4.0863
-2.6739
-12.344
4.39
9.8094
13.449
17.165
24.825
0.8135
18.796
11.469
19.487
-9.6228
-31.162
30.324
-3.8938
13.095
14.489
-2.5829
9.7788
17.669
13.401
10.431
-8.3937
-15.591
-4.7536
-5.5098
14.408
10.002
-17.847
8.9758
29.425
5.9916
-0.64697
8.1746
11.681
15.303
12.179
6.955
21.761
11.106
6.6213
-10.741
19.787
6.3565
6.1584
-24.138
6.8217
22.54
22.772
-4.5653
-20.52
10.128
-5.1291
25.11
-25.235
12.742
-0.82145
-30.279
-8.4497
-7.5325
1.9114
-26.02
-24.89
-3.6091
12.802
4.5896
19.617
30.686
9.1172
-16.32
3.4252
7.3313
-20.16
2.4654
-0.96205
37.379
3.5918
7.9133
-10.366
14.28
-24.299
-1.1834
5.5798
3.278
13.514
-12.805
-5.8986
-15.729
-8.4553
-23.161
-7.9878
-7.8443
24.082
21.814
-21.854
-6.0385
-15.733
-16.597
18.671
5.644
-5.4951
7.1748
-21.454
10.428
-20.422
-26.594
-22.083
-3.6572
15.836
16.978
-9.9813
6.9026
14.944
22.311
3.2359
-11.24
14.647
14.741
20.768
12.729
13.547
-5.7982
11.166
11.082
-2.0595
3.3095
8.1311
-32.106
-3.115
15.505
-7.9175
0.95669
-14.562
-12.417
-25.215
14.228
-5.9924
6.8784
12.182
25.119
-6.5954
-9.8047
-20.247
-11.93
-13.395
-22.953
3.7426
47.407
4.8575
-17.469
-21.257
6.0404
18.105
8.9317
-3.1685
26.528
-5.9113
12.783
-12.943
38.158
-13.188
7.8687
-21.145
-24.911
26.94
2.1308
16.585
36.438
3.8927
-20.562
-10.421
-22.18
5.4321
-15.585
-30.472
21.499
12.906
-21.825
16.485
4.4954
-42.042
-3.9586
-3.4828
-10.222
-23.604
2.0975
23.997
-4.0004
-6.9432
-9.6253
12.605
3.2359
15.673
12.671
-2.6685
10.485
1.3873
30.677
24.454
-25.933
-24.4
-8.408
17.756
-32.149
-7.1257
-20.839
10.324
-40.175
28.533
-25.87
-15.248
2.6428
15.68
6.6825
-11.626
32.44
-7.7902
-34.044
-8.1944
0.37816
-73.081
-13.256
2.1453
-3.4742
-14.055
12.745
19.499
10.65
-1.7061
-15.486
12.781
21.897
5.7565
-22.496
-20.461
-2.5601
7.2168
-5.6485
38.78
-6.221
-10.141
4.8784
4.2046
19.668
-25.102
-6.1151
-18.304
15.742
-15.131
-12.79
-12.314
-14.732
-22.998
3.6275
37.827
-28.769
15.503
7.8487
5.568
10.075
-16.506
-4.0977
12.533
14.133
-16.063
8.7753
-9.4176
5.1474
-4.1863
-6.2594
-12.281
11.959
-24.42
4.9721
9.9644
-11.451
33.429
-5.641
12.184
-1.1062
9.8202
4.5869
-22.804
-4.1747
13.457
-8.6695
8.2289
-32.357
-6.5259
14.718
9.8298
-18.476
-5.8901
32.047
-16.998
26.428
-1.9295
-21.054
22.284
17.354
1.3767
11.044
20.281
7.2703
-5.9911
-7.7881
11.422
-2.3273
-36.353
1.3313
-14.541
12.27
24.613
-26.892
5.773
30.418
-12.427
-15.269
-3.5434
-26.211
21.641
-9.0149
-6.7228
11.243
0.99606
3.607
-10.204
-35.49
21.686
-16.012
-6.2366
-23.598
-6.0418
-8.25
8.8311
2.9799
7.6463
15.161
2.8056
0.52671
10.499
-17.838
20.056
-3.2231
10.94
-31.498
-10.948
1.4202
-22.478
-4.4377
4.2005
9.9972
10.253
52.07
21.827
-6.2659
19.87
-4.0699
13.452
8.1141
10.589
-25.752
10.501
-15.254
-8.4162
-4.3595
-10.893
-12.504
0.67531
14.43
22.539
-0.30049
-4.6344
34.07
2.5881
7.9879
-18.166
1.7816
0.22768
-23.245
-17.549
20.037
16.666
15.337
-14.729
23.142
11.723
-6.367
-4.5961
4.5942
-6.5588
18.197
10.105
-21.689
-1.0309
0.64165
4.9608
-6.0352
-12.787
12.785
-15.593
-5.2028
-10.185
-42.644
-19.945
20.855
-18.242
3.4294
-6.4024
19.155
-11.065
11.768
-13.715
-18.613
-14.375
16.665
-6.6842
-34.384
1.8081
15.543
-28.068
-10.355
-23.625
-4.4273
-16.528
-4.8336
4.2898
-4.9788
5.9497
14.8
24.765
-20.96
0.65574
13.413
-10.021
12.29
30.25
23.582
-17.551
2.8685
-21.125
-12.649
-0.16503
24.015
-24.34
-8.6106
12.884
46.14
14.172
-5.4491
15.037
-0.56242
-9.3268
32.822
-11.899
-6.8071
-27.537
10.256
-14.04
14.116
-4.3772
8.2867
-31.553
-1.7243
7.9553
-0.67832
20.473
-28.519
11.554
-17.926
-9.4659
16.635
19.998
-20.63
18.106
0.86164
-15.652
-10.2
-6.3958
10.355
24.341
8.0982
4.7649
-24.194
5.8432
7.445
32.555
-3.0293
45.539
-9.7525
-10.144
19.273
-7.0687
38.732
8.0468
-3.6066
54.329
-16.334
-10.087
-12.739
-13.876
-11.392
-24.798
-24.416
17.345
-13.115
-20.311
-28.962
16.891
-6.0961
8.1876
23.172
3.2175
-19.064
5.3561
-29.592
-1.8749
1.0018
16.584
22.205
8.3208
12.758
-7.5251
-11.445
-7.5448
-8.9014
21.305
21.461
-26.316
30.492
13.863
7.0392
-13.997
-9.6821
6.918
28.48
14.222
12.632
18.563
13.942
21.604
14.756
-3.5736
-17.592
13.697
-12.767
-19.33
2.4021
5.6016
1.3821
-12.984
-26.993
10.429
-4.2108
-6.8856
0.2547
-21.098
8.3886
22.09
11.997
6.4126
38.806
13.268
-27.016
-21.085
17.346
16.393
5.3697
-37.087
-17.541
5.9099
-13.13
-11.698
36.627
19.87
25.869
-6.4819
2.499
-9.3205
-9.7653
-10.717
40.346
22.07
-3.1489
-30.676
-17.572
11.237
14.558
7.6535
16.782
2.6187
-14.942
-13.038
-32.68
7.8364
4.6321
-32.944
10.298
-13.8
11.545
-22.902
-2.6077
-7.1884
-38.377
-6.3575
-5.4489
4.2141
-20.686
-32.181
15.057
-2.5206
-1.8452
15.426
4.4032
25.21
-10.738
-33.728
-27.767
-16.363
-9.2771
-0.79651
-9.6791
21.231
6.7304
-7.5267
-5.7731
-15.903
23.624
21.799
25.805
26.609
55.912
-20.425
-22.365
12.963
-15.26
-26.154
3.7654
-19.182
3.3197
-20.946
6.2721
9.2097
6.9306
-7.4322
3.5487
-26.303
9.32
-11.76
-11.606
-28.891
10.928
-32.853
-15.271
10.745
38.174
20.283
1.2332
-30.277
-16.867
30.405
5.5532
19.811
12.66
9.9791
-17.475
10.157
23.586
27.716
-10.291
-3.5814
1.3705
-13.807
23.783
11.037
-23.978
-43.632
19.267
7.0984
13.431
16.55
1.9706
-8.3908
4.7312
8.0366
-2.7248
-6.0469
27.095
-11.585
2.9696
6.5507
2.5985
0.11177
36.626
6.6595
15.073
15.75
-11.201
4.9147
10.847
-29.663
-34.066
-4.135
7.6229
-16.801
-9.4168
-8.6444
-22.986
-24.461
1.3067
-13.622
-11.167
-14.027
14.603
-15.576
37.195
12.031
28.917
28.705
-2.0221
-28.976
-17.139
-25.569
7.3768
-33.25
-43.622
8.2628
-7.5329
-18.896
3.7412
-9.3724
14.98
-13.992
-10.481
-0.31517
5.5872
39.113
5.1367
-18.545
-19.682
-31.237
-24.4
-34.723
-13.563
-9.6238
4.5171
4.7157
-6.4853
15.707
-11.556
11.134
-5.7914
17.763
-32.492
-22.664
-42.991
-20.926
39.634
0.69215
4.8564
-2.2734
-35.457
0.26945
14.752
-31.493
16.485
2.8361
21.286
-19.318
23.132
-3.4473
-8.1986
0.020948
-3.2361
-21.877
14.619
-19.625
-27.098
-42.386
26.726
-3.695
1.2235
-27.681
13.615
18.613
3.0581
13.838
-19.45
-3.0196
8.2097
0.79189
-16.558
-5.0901
4.1339
7.0054
-37.639
15.914
4.4541
-16.753
-1.8755
3.5545
-6.4479
-6.5497
0.52228
14.929
11.302
-6.4026
37.518
-48.51
3.0126
-11.343
25.652
18.444
-17.697
-9.8424
-22.222
-5.9729
2.4725
12.772
-15.068
-17.261
0.064667
26.698
6.6855
-11.465
-1.2965
15.891
3.4692
-5.329
8.7339
5.3463
14.79
-21.821
2.9298
-5.547
0.82523
20.296
11.17
-19.271
-0.49516
4.5773
-1.0952
13.343
-31.278
1.9055
10.052
-23.948
-35.37
0.13996
-30.153
-15.819
-29.171
3.9292
3.0512
9.1417
7.1206
7.6291
1.8963
11.156
-34.983
6.9699
-4.1438
-6.0111
-28.562
-11.667
19.78
2.7388
4.1502
4.5785
-2.0779
18.794
-5.1128
-1.2701
-13.503
-8.9757
21.817
-5.7729
-8.5955
7.9228
20.655
1.1114
-20.032
3.0229
3.8704
-17.522
13.084
-4.3897
-20.405
5.5776
1.0248
-9.9187
-16.064
-18.176
22.591
16.958
2.0882
-7.122
4.8784
10.087
18.066
-40.52
-6.6197
14.541
0.5729
7.6921
-19.645
10.687
1.3871
19.391
-22.274
16.857
-23.153
-18.1
-4.712
-5.3864
-7.0115
10.733
7.5823
-10.863
18.194
-7.7641
14.625
-14.774
2.1825
21.846
-45.523
14.002
21.873
22.377
-20.507
-6.5605
12.278
4.8851
-31.515
-1.9471
-18.583
-25.975
-8.1705
0.037628
8.7626
4.828
-4.9853
-17.262
6.3227
35.149
2.5553
-1.8915
5.0348
-10.752
13.932
25.839
3.5811
5.011
-7.1605
26.058
28.507
-41.536
-10.02
-45.076
-6.5926
3.4982
-18.856
-20.61
23.242
-22.886
-7.3796
39.026
-2.1466
-15.897
3.7231
7.4988
8.0121
-7.2033
-13.763
-23.306
-10.941
30.831
22.593
-5.1901
-22.074
2.34
-8.2277
-17.667
2.4789
12.655
7.8606
-24.875
14.47
24.876
-11.559
4.7346
1.5026
-12.225
-27.829
-17.196
20.998
7.8205
7.48
27.655
6.5618
15.69
21.596
23.711
-6.3083
-17.696
10.11
-12.556
1.3312
2.1836
-44.886
-2.5778
-6.0183
-4.0782
8.9782
-18.311
-28.592
3.9171
3.0925
-31.386
-7.7929
6.2558
-6.1954
9.8824
5.0315
6.8229
33.732
-2.468
-1.222
28.977
-16.534
-34.115
-2.5057
24.316
-15.823
10.353
29.587
49.479
5.5757
-35.077
12.935
-12.317
4.1788
20.834
9.1222
-3.9383
8.2611
-9.2895
-10.455
14.817
5.939
-33.661
14.406
-13.523
-4.7593
-19.707
-45.342
-11.549
-17.825
-2.5266
23.369
-5.7314
-20.473
-2.3315
10.287
-15.506
-19.798
17.085
-8.3516
12.566
-15.711
27.471
9.0623
6.859
38.726
10.185
16.012
-15.926
21.043
11.709
21.184
-24.461
-13.625
-30.397
10.173
31.952
-20.55
-18.49
-1.7444
15.609
-13.828
-40.936
66.365
22.345
-22.888
7.026
-21.895
41.995
-21.64
-35.248
-0.84109
12.753
-10.775
8.2027
-15.719
47.631
12.782
13.108
-6.0945
4.229
25.529
11.983
-9.8637
-14.173
21.48
6.8788
16.021
-12.071
-11.026
-6.3995
8.055
-21.532
-24.025
-58.496
25.839
-2.3837
6.2209
6.4933
12.332
-4.3672
-7.205
-2.519
8.0612
1.8608
13.687
-0.9853
2.9491
34.659
-13.504
13.015
-20.468
-10.52
-4.8045
25.51
-2.7025
18.737
17.745
0.62856
22.675
-6.4075
9.1232
-24.993
14.971
-8.805
13.222
11.124
-9.8442
30.664
41.455
4.3344
16.477
21.264
25.998
24.706
11.162
-21.422
-23.186
8.2923
19.029
-11.072
24.893
-17.63
-28.488
-6.786
-2.1243
8.048
24.81
-10.594
9.2983
-42.302
-5.7219
11.963
8.8817
-2.3119
-7.618
-5.9611
19.091
8.3259
20.405
-37.08
4.5478
5.1229
-38.75
-35.343
-9.29
31.933
3.8431
21.552
16.298
23.629
7.2906
7.519
-6.0484
6.2137
-8.6262
18.471
-11.494
-7.6849
1.2167
12.174
37.088
-5.3812
-13.899
31.365
-48.105
18.601
23.577
13.944
-7.211
0.28392
6.5768
4.7829
-32.943
20.962
20.465
11.223
-6.3289
18.249
-14.613
-1.1185
-14.531
-28.886
19.687
-8.4065
11.356
14.478
4.2199
-15.522
-13.77
-8.7312
26.159
-52.434
29.29
3.6766
-24.4
-15.095
-3.4052
-35.506
-23.513
16.086
-12.863
16.608
-7.129
5.5598
30.781
-1.534
-9.1357
41.752
-30.518
21.472
28.065
0.43226
31.49
-19.751
29.897
17.534
9.403
11.149
-7.9864
-10.985
-43.862
10.691
11.268
7.8027
-21.367
-22.888
-0.80402
16.773
26.207
34.151
-11.952
19.566
1.5435
14.09
11.638
10.272
-21.561
-4.628
14.913
36.803
0.19535
-36.734
10.889
6.8773
-1.2734
5.2672
9.773
-17.587
-9.5835
-1.4024
11.392
-10.451
-12.721
-8.8941
-13.441
33.94
-13.294
-29.53
10.72
-20.052
-23.547
-16.311
-30.529
12.447
16.513
-21.496
-15.832
-2.2216
-1.5393
-14.33
36.587
-8.6027
3.2085
19.466
-14.461
7.7006
-4.0334
-6.8813
-12.075
-10.822
-9.0908
6.4458
-6.6988
-5.1516
28.853
7.0152
20.392
-12.449
-6.4788
25.948
2.943
14.314
22.827
28.84
0.53083
-9.3495
10.041
-24.453
6.5632
-14.471
-9.8607
20.312
-10.518
-14.089
-10.668
2.5627
-8.936
21.066
-0.89327
9.5722
-17.492
7.8483
-17.14
-27.596
-16.178
8.5026
-29.487
5.6935
13.309
2.056
27.94
7.4964
9.6924
5.3055
-29.002
21.739
-31.651
-13.766
-22.934
3.6573
20.004
-2.4181
11.582
-1.9529
15.854
-21.631
10.305
-1.6851
-23.409
16.799
18.348
9.2566
-19.765
1.9519
-58.114
-28.091
-5.7774
10.195
-13.234
48.507
5.1572
-5.8281
-18.433
8.8878
-8.902
-3.5777
-6.8483
-22.947
7.2331
-6.7241
16.578
28.951
-24.213
9.7202
8.4655
13.412
-30.737
-7.8927
-3.4785
-26.287
6.3018
-4.8997
-7.8321
-6.5509
-33.509
-20.97
-11.194
2.6544
-10.002
-7.0236
-10.561
7.29
-19.68
27.916
-3.2754
-16.205
6.4621
7.9056
3.8793
31.347
29.615
-8.08
-6.7956
-14.32
7.5845
-38.027
-18.157
16.97
-2.7937
-15.886
10.203
26.114
-8.803
-9.8175
-19.026
-0.8356
-8.1036
-38.947
-18.752
-34.902
3.34
-13.197
-4.6963
27.505
-21.048
2.6812
0.62869
6.0885
-11.079
6.8274
9.7225
54.488
12.43
-2.5485
-0.63965
-21.806
-26.915
-10.183
10.554
