-2.0746
-4.0347
20.912
23.021
-1.1992
-0.20196
3.1186
-17.799
-6.226
-1.8618
6.8516
-3.2939
-8.1413
-8.4129
6.0218
33.585
14.465
-11.434
-17.394
-2.3713
-3.5544
-13.681
26.686
11.249
-10.024
-7.8022
-19.008
26.044
-16.641
11.53
-14.336
-1.7848
1.4059
15.15
11.029
1.7056
-2.8038
-0.99673
-22.633
6.9155
8.9837
-3.547
-27.712
14.584
8.8682
11.946
11.436
-21.614
9.4534
14.998
-4.1592
-22.606
-10.228
-6.6658
-8.8463
-22.496
-2.1635
5.6574
-18.823
9.0466
-12.668
-9.6517
8.3365
-1.0439
6.602
11.999
-1.4517
-1.6578
-2.8331
-6.8573
-22.749
1.058
-48.568
-13.313
4.5508
20.171
-15.297
14.436
1.3242
-5.0366
-1.7537
-23.164
-2.3216
-0.0075461
-19.518
0.40287
-7.0506
-4.3176
3.7026
1.0148
23.935
-17.451
2.6586
0.34059
-21.781
-17.998
9.6003
19.621
-10.699
-2.1184
26.802
22.818
-0.27796
5.2026
-5.7196
-3.201
18.524
-27.781
2.2306
11.303
-25.604
9.0434
-21.245
35.56
-8.3806
3.8713
14.364
-0.33707
3.6558
10.84
2.6657
-15.796
25.55
11.604
12.168
23.404
16.412
-25.864
13.676
1.4985
0.18865
-15.144
-24.412
3.089
-17.693
2.5144
-20.898
-2.8106
1.881
-1.2111
-10.439
-3.3368
17.426
-16.773
9.0988
1.0374
-39.116
11.16
-3.068
-0.18822
-2.6306
-2.5046
-41.671
11.521
-5.011
-6.9241
-29.082
-9.9782
-18.765
8.4173
-1.4042
4.7881
12.653
2.6264
-19.228
1.8168
21.67
-16.055
9.3147
-8.2722
-21.508
0.20931
-7.5172
19.709
-6.5498
-11.053
-2.5539
9.8703
1.6688
-9.6978
-11.089
2.6546
0.79029
10.316
11.411
-10.192
-16.901
-16.724
5.2435
-25.901
0.61402
5.2154
8.7089
-23.186
-2.9349
-7.7198
22.037
6.3576
-5.3803
-6.6666
-8.3897
-1.8875
2.7963
2.5887
-6.3839
11.538
15.363
0.96764
4.1978
-21.4
-19.635
-29.176
42.606
-6.6559
13.172
-5.0063
19.091
-28.661
7.6549
-6.9432
-3.2653
1.4103
-1.9407
3.2456
5.4334
34.55
-26.857
20.217
-18.217
-5.2629
-44.711
-35.181
9.1616
18.455
3.6805
-1.9724
-1.1969
-2.4374
-8.0454
5.4532
5.1406
10.395
45.296
9.1093
-12.352
4.893
-21.528
-4.8142
3.7904
1.6837
-4.0146
7.3063
25.9
-25.686
-10.297
0.97099
9.5082
-13.029
14.788
13.258
5.4242
-15.614
15.136
-4.088
0.27965
-2.0859
-4.3275
-15.455
-17.054
25.422
-16.659
-40.501
-11.205
-25.507
-1.7051
-13.313
9.005
-22.994
16.772
-6.9892
24.338
28.174
-3.6298
8.5735
1.5875
-0.38536
-14.42
-5.2552
5.5223
5.1659
14.81
-25.924
11.537
0.44257
45.818
29.966
19.04
-4.5929
10.03
27.064
16.344
11.236
-18.95
11.57
37.162
-36.595
-12.237
6.085
-8.1049
7.8911
14.855
-28.465
43.089
12.828
-0.12599
-27.379
-1.0077
0.38631
-5.2636
22.171
-10.553
36.898
-14.157
-13.839
-12.61
0.30459
-17.174
-29.498
25.218
11.436
5.0658
-1.8986
15.454
18.084
-6.9606
12.908
8.75
-5.6581
-5.3419
33.145
-3.9642
-2.8529
-8.3991
14.068
3.0631
-4.2264
-16.273
2.1348
-15.76
16.793
7.3897
16.742
-9.8288
6.4165
12.616
0.076895
3.508
-0.86707
-28.884
4.2647
7.3783
-25.865
-7.82
14.236
-6.4805
-24.656
21.821
13.096
-12.72
-5.1217
14.265
14.219
3.9729
-3.1083
-13.086
14.031
-2.7699
8.5222
14.806
-5.3899
-1.6573
-5.1724
-8.0456
-34.082
-12.768
39.515
12.68
-22.022
30.482
-5.2414
7.6577
-23.821
18.921
15.337
-14.632
-2.5129
-7.5621
17.95
7.8846
-8.2943
-3.5514
-33.18
15.783
-5.6515
12.432
-18.182
7.1818
14.691
-24.359
0.15931
-26.217
-10.487
-5.987
17.199
19.486
-8.5587
3.2781
33.994
-20.416
11.845
-4.3099
13.067
-19.295
24.59
-24.391
-12.032
8.7689
3.5405
25.166
-12.575
10.549
-17.052
-3.1347
7.3218
15.027
-17.79
-1.8818
-0.85064
10.851
15.126
-6.1408
-5.8394
10.564
-8.8505
13.013
9.2051
-34.463
17.357
-2.8148
-8.1666
17.26
-11.252
-9.2022
4.7976
-15.53
14.88
12.49
1.2986
0.93265
-7.8458
-4.2729
-7.5068
15.264
21.58
-15.193
11.059
13.237
-23.439
17.617
18.803
14.931
-2.4381
1.1799
3.8563
-5.5392
-11.132
-11.436
2.0956
8.5314
3.9572
10.474
2.7399
0.55216
3.9295
10.684
-21.085
24.281
6.4556
-3.2173
18.653
-11.303
19.57
0.28823
-5.1706
-0.15374
-1.9469
35.08
-6.1873
12.737
26.047
24.827
-3.629
0.96688
-10.795
-0.69329
-8.1783
0.33362
-21.366
23.407
13.928
-6.9201
11.026
-13.844
-5.2435
4.8264
-0.78391
-0.53645
20.645
-5.2686
9.6378
19.684
-0.64637
1.9744
-7.2989
17.187
2.3333
-7.3468
14.092
-5.4283
-5.3106
-24.523
-3.3108
-5.0823
17.385
18.384
7.4849
0.88513
-22.602
-0.2471
0.81889
5.8327
-18.858
-19.934
-6.7752
10.448
-17.913
-8.482
4.6532
-25.511
21.801
-15.049
-11.407
-32.946
3.7861
-12.221
-13.946
7.7512
2.4324
5.1685
-16.079
-10.158
8.4647
-9.9822
1.2719
-10.885
0.49115
19.087
-1.3448
3.4281
-20.526
8.3176
17.178
8.8611
12.774
10.035
3.8981
-16.131
-25.759
19.198
12.247
17.787
-13.106
13.588
-2.1871
-12.606
8.7905
-24.607
13.158
8.8609
-8.4053
-16.202
13.928
7.2846
33.545
15.219
3.4703
3.4115
10.672
-9.3923
8.0761
-1.0778
7.5482
20.492
4.7074
-9.0137
-11.293
-26.606
4.6213
9.6945
26.657
-16.662
13.867
20.445
6.6712
25.988
-17.852
2.9997
-14.449
-1.6279
9.0419
-18.365
2.5443
-10.403
-5.1697
-6.5479
-12.122
-8.8691
-39.916
-12.092
-16.691
18.3
10.116
17.982
-10.353
-5.5122
-21.647
18.064
14.14
18.638
11.91
-13.547
16.585
0.88726
-24.376
-8.0363
2.7645
-4.204
5.0293
30.166
-1.7331
1.8433
12.021
3.4792
-11.926
-18.971
-12.665
14.683
18.129
-0.78581
-39.851
-2.174
16.539
-2.6458
-0.93922
21.619
-5.9587
-8.7025
14.816
7.4229
18.98
2.073
16.285
3.0473
-21.721
23.367
26.172
10.365
1.3118
-17.483
7.7124
-12.216
-15.108
18.487
20.918
4.7864
-17.493
1.1005
-0.72659
-23.595
-25.133
11.106
9.3045
8.9039
-5.7258
16.195
8.5182
3.7535
19.339
2.1239
-0.48979
5.9711
-2.9309
-28.728
-11.461
1.1408
4.4183
20.132
-0.16656
1.9518
-4.8507
-13.328
-24.201
-8.7393
19.937
16.885
7.6079
-5.0084
-10.296
11.1
10.796
4.2921
-6.4513
-0.16779
22.272
-5.6039
6.9975
20.112
-3.542
-1.6688
9.6826
-30.226
5.6239
-19.912
0.13923
-1.225
-11.748
18.167
23.177
21.557
-1.5386
5.0738
19.919
-19.579
16.849
-0.42435
27.192
-6.8737
13.252
20.685
-1.4586
-8.9019
-12.519
-0.5168
-5.0073
7.1976
16.393
20.781
14.658
-14.065
12.345
4.7697
-3.2425
18.074
4.3279
12.322
15.737
12.166
19.328
12.178
10.368
-45.299
2.6795
5.674
-0.56143
0.035728
-14.59
-8.9992
12.107
-0.023389
-2.9109
5.6717
1.9647
-3.0059
22.356
25.943
11.432
-8.9624
-26.359
12.58
25.49
-12.734
-1.0409
-7.6222
-0.30904
28.64
-17.413
4.2888
-16.572
22.585
-0.63026
30.574
-7.5844
9.2805
16.742
15.778
4.8651
12.116
-4.9126
13.423
-19.232
10.938
-3.347
29.713
6.1874
17.646
-25.144
-16.22
26.187
13.242
-21.286
6.4429
-10.702
-25.861
8.7394
-10.835
14.013
-0.99809
-1.5131
-19.668
2.9433
-8.2445
-20.852
3.1248
-22.479
-4.4994
-25.794
-2.8624
-1.7628
-36.459
20.307
-4.5164
4.4817
16.505
6.9217
-12.292
-3.1706
7.2471
6.1166
-4.892
-6.9042
-2.6784
5.2873
9.3032
1.6129
18.722
-11.704
18.242
9.5684
-8.2795
12.642
-8.3938
0.70755
24.768
-1.1646
-0.55609
-11.444
-5.6958
12.842
-8.9715
22.202
5.3748
-16.493
3.5608
33.907
9.6778
-4.5811
8.88
-15.25
8.3221
9.3283
42.127
6.0452
1.0682
17.813
-11.494
5.2553
-6.6446
-0.13294
0.081543
18.314
-6.8219
-25.035
10.288
-23.35
15.994
7.9854
18.594
-9.7595
11.345
-4.5869
6.4564
4.2455
-1.7474
-6.7179
6.9893
15.467
3.0241
0.93699
12.333
-5.635
0.80528
-38.722
-12.605
-5.7102
10.749
-21.45
-11.834
-8.2846
-2.2566
-13.87
-13.097
3.6802
6.3884
0.52241
14.273
5.2457
2.7017
22.597
-10.507
-8.1038
8.1535
14.687
4.5967
-4.3065
-18.621
-31.647
15.947
-16.473
30.784
21.68
13.632
8.8369
-3.3667
1.1993
-6.3116
18.62
26.161
-22.39
-23.988
2.7745
-3.0753
4.086
-10.185
5.9574
5.3162
17.187
10.826
14.627
-3.6026
-2.3305
8.0705
-6.7765
0.91165
-7.7127
33.53
17.111
-4.3056
27.29
-4.0037
29.856
-33.578
-0.29477
-7.2941
-33.299
11.168
3.5581
-16.867
-21.411
-8.1036
-14.627
6.0782
-0.83618
15.655
-10.587
0.58356
-29.635
11.169
-9.8107
-7.8662
-7.2455
20.726
6.3987
16.17
3.6774
13.837
7.8161
-31.788
22.304
-15.835
-24.857
22.363
