-4.6555593081461
-6.68629882840994
-2.447660857383
-2.16258479794603
-4.2287685214948
-3.15876222510753
-7.78448644868839
-19.6859475116483
-10.6346721428247
-10.0533857603417
0.756382238771044
-3.53684037127231
-8.98000034743448
-6.70550735871586
7.34158386238695
-1.70486514021234
-3.3747865292769
11.199568130315
7.38148581895291
-12.2605164561275
-18.1468036452069
-3.77478269641023
7.03576036857625
-0.845133362607429
2.7796181956584
-14.5322747371604
-12.1013075141584
-5.7370819554133
12.8986621948211
20.1332227109105
1.79246281914585
17.7532806308878
-2.33301667570568
3.81887413375274
5.07825834465952
-5.21822987098072
9.89964488932959
-6.44854133962298
-6.83594869044087
-2.66841716486001
23.8103088685383
-4.44086322507645
2.30724329718329
7.58889294244378
-4.98789270593499
16.9717020561812
-2.07597317438765
1.03811206344835
-6.20897698207121
12.8081783036092
4.25901938452224
8.13634002389875
1.77747663372748
-4.00213307480353
14.5148754840978
-9.82947186962113
19.8983557233646
-4.45085614980637
-3.8447685050715
4.14005747917716
3.75196793434845
-9.42646457515761
-7.03253687020913
10.8342874122437
15.920520219297
12.9587157635579
9.86304544790528
-0.112443372778233
-4.7673780729228
-5.04483264064237
-1.32347588526929
4.80785267176091
-6.40162185570177
-15.9910841200649
-17.2089306074263
15.8614801087707
-12.4157532450256
2.09883656787569
-7.28096169272706
5.94798135589521
2.123702894356
-10.5080583275032
-12.1404555711686
-21.33454671873
-0.780283730823343
3.27782626270899
-14.7693692733724
-6.72980505444464
-12.4931468227351
-4.78866804813655
-12.2627981462944
-4.62035205277057
16.9737464309862
-14.0230812769551
-9.78858250674328
-3.90428046740385
-8.72037708433839
11.8755478872089
10.596950463234
-12.8741710741723
-15.1087077082974
-10.5446020909901
-0.167507410808126
15.2461116350809
-10.9494142503976
5.80773819336503
1.49522150362619
-11.280995826708
14.8897312504633
-10.0752102027537
0.84581041725426
-3.93486564289643
7.99650885032555
13.0032750905778
14.3745431892189
-4.05192432506128
8.71633727441427
-13.8219377452095
-9.42053631831119
7.85393484556512
14.2938328233344
-2.06391248597688
-12.4978853470851
-13.787555227406
8.40626502363905
-3.58361282762718
-12.6876571970197
13.8554413041759
-14.3681353099199
33.8325848803504
16.2017849340233
-0.420297213588691
20.8902071513663
21.4092163284745
-0.392773357300469
8.83140136855599
6.57714977385098
13.7038424403093
-20.7172552756071
-1.37925808477093
-3.04115851284839
-9.4642443758962
-4.55640303343981
3.84589855813347
-12.1238131115886
16.839170398654
-3.71983733545393
1.76597744502681
-15.2214339125694
-10.793864747846
-8.92319138298112
8.96925273763702
10.9630160076578
3.32876498115848
8.95093684962811
12.7542987661823
-11.4412987470444
-7.17204184807528
2.67198544959625
-8.61804953191449
-4.30592258768705
1.93997727744196
1.17523628267942
-9.38285316385375
0.294681776720042
-5.58263958551676
-9.19008316061212
-3.52616176220788
4.37878519681351
-0.713535430099269
-32.7944627323311
-12.8904871041575
1.25430130663243
19.7551055915621
12.3435243630431
7.28660105936944
23.3327369399462
-7.00394591737921
6.40615841116163
6.49681775156574
22.40838986497
-11.9270817954903
-1.64459708052435
19.1789149051894
1.48127505151326
10.2560380075653
6.57491968674942
-14.6686586396936
-2.70364806091997
17.6439588440733
-6.98281334081768
0.809584660693515
2.07533626107356
-7.0549592664189
6.99462351706866
-17.1896758793184
11.0454034361841
7.00003150011191
2.46648829378274
-22.0825237949136
-8.41911815547095
4.80180959654736
-7.27760789576145
-28.3949623186897
3.18872873037778
5.76498111396419
5.18733416336178
-1.56978405139714
7.510241635051
9.19859591636303
-11.8893776254172
2.89710414770027
-4.67986720180996
10.3600933716876
-3.20972351984439
13.3960081792153
-0.060733937323153
0.00107129488235014
1.50173431449974
-4.55139717304837
14.3714155414908
-1.47425575828139
-30.7622859569897
14.1333043143261
-8.08068344994946
3.89475728505606
3.21286536769955
-2.16531331093418
-8.32966547340736
-6.41388935345101
-7.69823830641282
8.7321589789022
-2.67051862034147
-0.626423791054284
14.9030235444878
-18.1621746619093
0.9540074079597
0.0284150859877672
10.7299257803836
1.96755211358248
14.5197739803499
10.8095445689163
-13.0425419865013
-20.5377770732369
-5.93525124633022
-9.0512943274578
-0.294779515474144
8.91223915927527
-9.85146041655186
-20.0246143763612
-12.5475923176977
-0.0690704809538944
-21.7827358384439
-4.82707055298223
-7.65334815774209
8.43807076637384
-15.5073860532245
-13.5951782861681
-9.13168167920831
5.09380769303034
14.647803669
-6.15695651974213
-1.67774601444667
9.62539887795516
16.3654588672627
10.6841564209905
14.1489059147519
-1.62634261314087
11.6694013158081
-14.9907231369945
12.3906595216704
-12.1324482693521
-6.96988975880492
-12.6658479656484
-14.1600402469996
-9.95147063318761
17.0599658168281
11.0788415370048
-6.81395747500689
9.10879708750956
-2.48887217030095
-31.5905289579821
13.7927646878517
-4.00353648380917
8.06649483047195
-12.3011040012156
3.1207434591806
20.3865192038231
9.81159220998954
-0.313396499144245
-5.41805798541383
13.6993497001273
6.28279972410867
2.19526576321981
-2.96008802311561
-2.52317314896409
-4.57391136227035
14.4172098441058
1.28447447764438
-3.52763054447781
10.9939276397408
0.673612907535626
-17.0363854271981
2.69068863390249
7.5594827337463
9.67708249943908
-1.34381937864605
2.06702923929232
12.9938379011278
-7.19873934847453
22.3706073733673
7.09474751431845
0.665841940453528
-17.7521533610229
-4.20886784428209
7.96824596081986
-17.8133068135536
-21.6495443033174
3.45986552364831
5.8607946619542
-11.5226103203653
-1.15728401894798
-13.2235919472028
-4.29270016456672
-9.98510749979874
2.89578206423141
-8.07687744153044
1.90001005212026
4.77786651425928
1.64706411752363
-7.14746359283157
-4.36192532761154
0.241428119185065
-4.94823049449042
-6.56575643982829
3.84212759232214
-9.01335450136717
20.821940381629
-13.1242737888348
7.47128229041674
9.17515687800084
17.3355831020031
20.0647758471066
12.7812397710612
-7.77293659559635
5.57444830969908
3.10949233563333
10.003026047929
11.3240410937948
-15.6138102571949
0.705102774023799
-13.6260168544066
-8.6916267897782
9.35817797065276
14.3554240658803
5.99848965874324
-15.3254035143481
-9.47110543166462
-1.25303342002972
-23.768690307406
-14.0675273431219
-14.9722751479916
-8.34513322588586
20.6297087017282
10.3038272716412
1.55885247314859
-20.859687822963
36.0255714464219
0.393729731233834
12.6250049241491
18.1662469886342
1.51815286204996
-8.16611684198038
14.9215455299844
-1.14251882275527
6.89177709924251
-2.41358901700405
-3.24976270735209
1.44129353295333
10.5422237546983
-9.86941007014635
-33.7218540661971
-17.8607618702344
-13.8870746490287
-10.094459443964
-3.25570879072234
0.820514089110775
4.19366732810678
14.4090974732506
8.26923221382345
1.54567643351389
1.89937722601716
4.72319592838903
0.92235688718552
-18.2009701847257
-13.38096923257
-8.35396353631688
18.1237686561437
3.34634002293503
-2.06458527611973
17.591317010759
15.5550431070783
-8.00334701645818
9.21977044904487
-8.17382875614343
19.0514896532078
11.2000362856598
7.68366829809536
23.6813039949886
17.27033182491
-14.4383687611538
-5.16560727500337
10.6033130136558
-2.17970846763229
23.7650308412739
-22.536935260766
-9.84868925288534
5.64643885720278
-8.13198184176916
-4.33965500611872
20.6989987294076
-2.72214719833606
10.2822089678797
-4.82724107473726
-12.7187629708707
5.11292785706634
1.68528235852669
10.29800266712
-13.9013882086609
5.41045624188277
15.02785065912
-7.08871879808884
4.1411764545931
8.35988913253278
11.8482265483397
9.54775871687257
-11.2661863495099
10.2795142886996
5.78345251824994
6.95404139712878
-19.2314566230695
-16.5773324983218
13.6142625682009
-17.5885945214056
14.0365335833906
2.48575059298447
-7.61406025008306
-10.0304129518327
-12.8307502655594
-4.91584001578819
1.88844388555915
-14.2434014479697
-1.44774622372723
-10.1648309284275
-8.76878140573055
-6.07736519041575
-18.4489705156303
5.45321986573858
-4.88638992673405
-3.95564723980522
-22.6008748230745
-14.7648114357993
-6.56566406602137
6.1713049878404
19.7890776455267
-5.40312938785806
1.68638261243053
16.2948622455063
-7.37258425821645
16.853841034116
5.5929849651078
8.92004456758709
2.05770356311697
16.720538358594
-3.57759929839697
3.29131030354537
-17.9360381035915
-0.568907660479216
-10.346314339891
4.90619995487574
-7.35248827027056
4.66034654263163
3.86385777667063
-14.4201720716415
7.35386326046608
-15.5686198986817
-2.85398552502516
-9.51817627207421
-11.1894217864034
8.44235116173983
13.1354288287511
-9.79983736937525
4.02927153476026
-0.452314338490736
-18.506846557807
5.07644275481776
-5.69374014128498
10.684087814521
-0.0524268727520336
6.22870733472225
10.3820536238023
-10.1920898532001
13.4400482107759
-3.06684574462508
17.3085869942054
10.904412299669
-0.407524348500589
-8.88023833545223
18.7565272126995
5.32651290335783
-21.8234922605075
7.88787973917287
24.0544045026161
-11.9867684737404
0.142378584683918
1.55681856482987
-7.27706707188424
-3.3766290833657
14.4417529417033
16.0632569880957
14.2656312843412
-10.4888519724573
-19.760974736342
15.6288655548381
2.10160693951501
5.78730996640115
-9.20882546860416
0.0450812887536065
0.0967176879385654
0.289621999800209
5.85802228133599
15.5030619559155
-3.86624483708701
-0.568273115575467
-1.98786370663049
-14.5582240538699
-0.210186407407332
11.5710194099153
29.3764284296682
3.12254179876635
9.10636974773987
4.43762112117235
10.7832589113703
-14.746259758961
-1.29466373907874
2.29486020538775
20.3432486079463
9.80576793068816
7.6712643818245
-2.19301555833206
13.4215545014136
-7.05601967600229
7.83959870720791
-2.91161255092389
-8.78633536198371
-4.71974106646188
15.6759488216017
-3.42148036245079
23.0014074838573
8.98115215347579
-22.5865231535353
7.47019157966992
4.07634131982033
2.48587693791996
0.789788853827956
-10.2545945976818
-7.49145124040904
-15.3492985380619
-2.19138154871186
-6.01891673703964
-21.7836808682367
5.20807329978823
-11.228310242613
3.56282898681197
-0.225866953527132
10.588717310006
-5.56467851497329
10.3582384817383
1.88957735089398
-18.0926203956199
7.5816069168128
-8.62795456713023
7.03602158640842
-9.78591932694972
-10.8126896187863
6.11924102047642
25.8376930379483
-12.6508744948403
-4.97631914755888
24.9748633023536
-5.83050174730008
-3.26467430476431
9.26254279161363
-14.4638772983049
-18.2654102499593
12.6511694705274
9.02100243194602
17.8246083550423
2.075911004844
15.8472740296541
12.1436648959975
-4.8837831384321
17.9774331250904
6.36097998507926
11.8455432643164
-4.91856661656576
-1.2035884414917
-6.53826399693091
21.7461654247816
-2.15591014165918
4.31186332959039
5.80511039463289
-2.77104391482155
-18.7267000551331
0.0498773642799862
-10.3773411270718
-6.2935391340032
-19.7860079047874
12.2352202453158
-2.08093853014284
-1.33191060977467
36.7509449930666
8.60786832421829
16.5168045704252
0.610665187065569
-8.03563030660324
-26.1530494982987
10.4566387791921
-3.35429390227182
10.816552600058
-6.13595294552334
-17.0031128573396
21.4737564676275
-0.429927250827482
-11.3479963645203
-7.64172811615817
6.62906046622886
-4.9835028285136
-21.4205573083206
-12.6281986623443
3.72059222647831
0.291418424713633
1.12785670488225
-11.0169166273669
3.5524016977126
20.8454653564072
-2.959889170424
-3.47078807286437
13.0132752010815
-24.5688802125406
4.68548200465679
-10.0462534059875
-8.64267643574479
13.3426072119613
-2.78486644899307
6.34718973436192
-8.16637626816481
-3.74039286129057
2.79936544704925
1.71508085643766
5.19495460657557
-2.69490637117354
-4.67984227253099
-4.45009347426308
1.91126841813203
6.23161208192044
15.5044092846247
14.1266827832469
-7.87108116311066
15.3241605124215
-12.603011973002
-19.4456367379435
-8.29912210292052
16.941434973942
-5.71692684061827
-16.2116801845975
-0.978686404305905
-9.38339833087812
14.0184248572505
-15.023974904493
6.17635402330393
-11.4829305954333
4.98244990030167
6.37783418661482
19.3769940836401
10.3184009337828
-11.327522920341
-6.41312905430036
-17.0403527588514
2.65464343334821
12.4325452608577
-18.3578790852996
13.5996100160733
-0.605061772694987
6.72224906170452
13.4219938821599
-20.5944430728958
7.42763241791537
-2.44090776294675
-11.1520077931336
-4.65291144121232
-8.34077190026148
16.1203935031206
1.00425826081514
-7.38429909935325
32.6236941326772
-13.1412068072671
16.5104812544244
-1.71433848210302
-14.1465063835096
8.35457833721182
7.00474487151775
-17.1592085920085
13.3354184532649
9.58514823813242
33.0764490874086
-20.5768023070428
2.04858105780735
-5.0058909401798
-8.5834936402935
8.47784525907758
11.1838621330308
-11.8328433336229
2.71958019789817
-5.92743231643582
-7.00007680618663
-9.74829662475823
29.7604098898173
-5.01539785764878
15.6155740168369
-5.18744235505007
-5.07172400922937
-20.9967093460234
-4.00532367011347
23.2164374371842
-12.7018042121714
2.59316380382703
-24.7913535864337
-24.0979468985321
0.0892459880753235
-5.91032276894367
-9.49312900859999
3.24180944944142
21.2091690518609
-9.70965854152576
13.2712790212776
19.978532720953
-23.5682221405238
-5.44404607342049
-13.701783027791
4.87513486115427
25.9887792314215
-5.96855224054499
-26.7699874189757
-5.48822014090675
18.1259834610559
-9.33728695614549
23.6848633780224
-13.5244251806252
5.3876398885353
25.2237851688349
-18.9117796526935
-5.66063196821888
-2.80769211183299
3.31798447889369
-6.84112171368072
4.797400644261
12.0595826280009
21.424950020922
8.35559440030459
8.36942101319948
8.59978848599027
8.55207563446362
31.9331244039249
-5.71038382763286
16.0956121350918
-13.9363307752449
9.03053939536955
2.75628945805887
-0.960330377902205
-14.5159749515126
-17.0706359216594
-0.613763945369218
-0.622770116126697
1.09347953989485
8.20463319583264
-6.49721787188955
-10.3648942817131
-0.430823652078187
17.6908232253076
-4.34642122896432
14.4525763518825
-15.5498418311132
5.20661791633887
12.7167317812286
-3.55455115910844
10.0649470498951
7.55553519497995
4.27094204794423
12.4823742476318
-9.46616236054749
6.62343713913582
-3.63119620732255
8.96076974747803
5.02056657774467
-0.992925397442129
8.27306386594685
-2.34154750294795
-1.77927450490235
-9.68026384031741
-14.992544689963
-1.81137365167481
17.2836695740732
-18.8859747498692
9.19705361133375
-10.6831202114078
21.2453782483735
-7.74089643869651
-13.2539116940047
-18.9513238323238
0.826130871354277
-21.0663828455023
-5.69322504628875
7.88889391577615
1.25134705532116
7.94196527216789
-3.264794834741
2.85340671609467
-10.8950571333469
9.83575553454903
-11.3690052616778
-1.49640713972724
4.45982138630628
-7.71697899808496
4.95594636896036
-19.4926914915736
-23.1649937955119
3.21332320770715
15.8370158421843
16.3601773638014
2.65553847833808
-8.78470766239995
-4.6176549867438
3.63328596342071
19.0649709712449
4.71261915899736
-3.84116487472532
-20.176254680918
-11.4300087718117
-9.67417477252283
-1.36455655609096
-3.42384162175399
-20.0865337232477
-14.8605689803034
0.178411469347393
-1.13710843933412
-24.6670534748683
12.1758609860516
-5.61524773273825
2.55157263047745
8.18574829783547
-23.173648399491
14.8555572232797
-16.0302218158855
-1.02723174365755
-1.79046359571806
-26.7328866962277
5.60715350285035
9.92466154947423
-13.0433847331064
-1.51786511386093
11.3393720576914
-12.9087908364401
-14.8222065237545
9.09015306354002
-14.2916211340764
-10.0806964896284
-1.78879455399737
-8.77240286782299
4.73994679478381
0.769922823517914
-11.7860639127342
4.62272443789684
10.4714063604759
-5.75340669001564
13.3301430286796
-10.0752232413903
-17.0494932281791
23.721010823619
11.8175338930058
-23.1813072239547
-3.98299326539108
-13.7441640060638
-20.3759075380824
-4.18038474168516
-12.8574006015493
8.59475359054146
9.95802696975687
-1.52221945402877
6.54006138630212
1.07634283865698
-4.41727498471928
-1.3470125858981
8.05709533091391
30.7685617100139
27.1510269058329
3.51261366118241
-11.4626989972424
-5.29276067828828
-2.13577498555952
-2.62613092766523
-18.4587547574526
6.51606588916616
2.54798018635551
10.574578893463
-14.7742529718481
2.14352048697299
-25.8657819091624
-15.7274485106672
-9.41035575789514
18.2069182943435
6.0682128198148
15.8007844986545
18.9619222235136
5.712519090719
9.18961767279511
-12.9814936345704
18.228376022535
-15.110822040185
14.6291252069008
-12.1531677795325
-20.5759097101823
-4.58339861807512
-4.70492547914433
10.9084620940289
-14.9409889219894
9.62411138825219
-4.60768926984625
-3.59951724530681
0.766190913436166
4.9056055276118
-5.88246823461848
20.7404173813783
14.4598865449069
-4.70269742900939
19.0386249446105
-10.2749882375399
0.681319208692023
25.5400437568611
-3.50309126582791
-1.70150245757097
-14.2525637103809
-0.306100841921953
4.47181128443335
14.1398100404557
3.33669460582284
-13.9360604806639
7.26772779601738
0.021315489613649
11.5062910866093
-10.6301309271764
11.121925156842
-1.9024476996667
-4.27182382151563
13.3432018915225
5.19167440798751
9.09062657934329
7.48484361709085
4.89729740130104
-8.92883869624708
10.7694527194903
-24.8725737933922
-0.983322480772364
-6.51282081518442
10.8166392582812
1.04916885530423
4.89116159380545
-13.2164866102296
-18.0473055481594
14.1696231490026
-32.0296006254175
-6.2698301374271
-4.20358572999447
-13.1810576107612
2.29237454270785
-2.45195739382803
7.53482550118512
-5.33754722218913
8.86322811404202
10.9000514216474
-6.05490442664177
-0.551225151309821
16.7547816992942
-1.77746469486108
-10.4244401541894
6.54063316769221
0.819054253286836
-12.6248437875209
12.7413960926498
-20.9605197023578
-9.69513180678148
