3.14259628393773
2.14062791762679
1.51143013716679
2.28879435059832
9.44935193410244
8.76729386589185
-5.14071257709458
-0.605822507559291
0.0303666358653967
1.44452882535327
4.92103271679529
-1.47738058117227
-1.09042159702119
-5.23484873756066
4.35705981843314
0.500310660201967
-0.843355239140049
5.84808846128563
-2.56461467448721
6.0262595767652
3.8269325416407
1.06499490609772
7.0097106694207
-3.86964253939517
0.855563281650101
2.89657691864534
0.567577096584629
-4.36732143802176
-5.35405211491745
-1.60531204763294
-13.8336424056036
4.37212673084292
-3.72304346708116
-2.21072480670142
1.63131645237469
7.81209499226369
-1.82567882290688
-5.03733589233722
5.42172805358428
-1.97006850336959
2.64437129198188
-3.08011588679629
4.55091259721547
0.799198515801241
5.5013977105876
-2.61105516560352
3.18751551088398
0.573319291616539
-3.87728959745027
-5.52980322849623
-0.657763729898811
1.35473185024048
-6.53282980670983
-5.32784473264586
1.43159300979486
0.675227179909673
0.717611952201897
4.1585053514949
1.81678934324083
-1.29782501837446
5.99620895551614
5.18108662464533
-4.80989104236227
-8.3590022006683
-0.222815762393379
5.6038191329357
2.80707838622826
-6.58190729252799
-2.93443224595806
-3.78406393876804
-0.197156594849528
8.72090789663931
-2.32152973408592
0.667422126734797
-1.09288216828143
2.98274826074104
2.81886574767007
0.176629125688396
3.60584852887361
-2.97786732253067
1.77702720472293
-4.43480576633034
-3.95842666419862
-0.484465262978293
-3.62298810030369
-5.01367160423424
-7.58944800178818
-2.5466688708336
1.04299648311407
-0.600006814064041
-5.10835848999267
-0.882420272802621
-1.98093084182959
-1.53553076615844
-2.26980443236292
-4.89818102027201
0.631070816195381
-3.13111856553144
-3.71581545792871
-3.69516056928708
2.52402132961223
-1.2730254817742
8.53554806846401
9.83343160702323
1.31118049434288
8.28339441751006
3.25017645249097
7.70392020019099
-0.28100063469646
-4.67895804154806
0.947853687427259
-1.82535048261891
-4.61251950661639
-4.26979463809909
-4.03108739191677
2.08502465912593
-7.44903681881251
2.66520452889715
4.75738485002807
-5.89982455663306
4.70863635767269
0.654456056914431
2.10746594941073
1.34958426343545
-0.850472149294172
0.0651356552035766
2.45514109437888
-8.20815932725513
-3.31073460008211
-3.49051572279605
-0.637155310354809
-1.89001652262341
0.331379086043671
1.61887219808409
0.851937628699557
-0.719886355209708
0.138721345621155
6.5474711924541
11.5289295895257
-2.88146310323925
2.71100397725186
-2.11445939904146
-1.32569904251286
0.422770228750373
-0.692628524640475
-3.66593896055442
-1.18228882290257
-1.55418798375818
0.568020915635332
6.49574714942948
6.01828348071487
-0.596316674158797
-8.28585472020427
6.758752399045
1.33902067319952
-2.58631655226283
-2.11772393541437
-0.75091058422288
2.00171339352894
1.42921420610435
-2.61171977998986
1.87416172193653
0.101812237963959
-2.48425048887707
-2.60148841994361
6.43321224972653
-1.46822980337049
5.87268439889621
-1.22515834787572
-6.5705167227309
1.90405761171703
-6.17352666766165
-5.93284126140988
-4.53680333473639
-8.87773151189278
-1.64001132497818
6.50072054462736
-10.5650555902354
-0.391483067187356
4.52593942422363
4.31059112285595
-10.4644749510802
6.2349653379432
-4.08073126842274
-1.92476696925076
0.935989308002448
3.97508417167926
-3.33500150471345
-3.23617864053362
2.56765987466021
4.24388970498027
-1.95940715793452
-2.53271713103296
-3.95326082304225
2.21635887564948
-4.54040984340453
5.76507630233307
-3.36386410294012
1.03779096717832
-7.88895200387199
6.34315647649623
5.63070293146543
1.39752262748211
0.502636268699048
-1.08363951349023
4.04439774651057
-4.5887762458182
3.96635778186428
1.7639776359486
-2.04404131253921
0.881990102450372
4.58088114485986
-0.920154412055364
-3.06206533111575
-0.0791791324297205
-2.90377096245333
4.43061221250709
2.85183779320446
5.90855522400025
-4.10609381872728
0.260609728303791
-2.56482509042803
2.49190969734866
-1.66266167823399
4.69632379497973
-1.08863582241097
3.80779741289723
-4.52228545364057
-3.59537220975848
-8.25334819355189
-1.63755419472614
-4.52267975602203
1.01344566789887
3.12032635752335
-6.57624835983074
0.0708542297076078
-4.63950712705634
0.298184515981397
-5.66575430209689
0.114915319516335
2.27669810798506
3.99641640508091
-0.407187905608281
-2.67062027782733
3.76526050807123
3.00669559206751
4.81960919119246
-3.02198910225443
-7.97427195125564
1.2823608533728
3.22979259707548
0.953117166831912
2.59992123164285
-0.333085018457199
-0.154341073848823
-2.2575864295921
1.0974592145222
-1.8793312753181
-4.09345413271623
-0.287876595444558
-0.588844982949045
3.88297652431699
0.167697474383386
1.7125204341361
1.29470954783194
6.35219395630137
-3.34418959600428
0.0983542759914159
7.10136229812675
2.02120517968075
-1.65475231542696
1.03820500655526
2.71810275693035
3.45567236930163
-1.37009092605772
-0.596955851121461
7.04334994810453
1.37673759020554
-2.98781957736818
5.35033702839212
4.46974517681353
4.21162793924014
-5.50495737292586
-4.1826403975953
1.10622092476981
-6.90660921853552
-2.70526137154562
5.54996774985875
-6.37401991282913
-8.14743402862883
-1.66977203722124
2.00102569990059
-0.910281247056492
3.47977798550964
-3.75941213167846
7.17299063676407
2.33434205703738
-0.566238366716487
-3.81025250322594
3.14108905358444
2.76671613430482
-1.01116060873506
9.96641070346214
3.95419294216301
-0.182194839415354
8.99859394639978
-6.92081463703237
-3.60453351914905
-0.265191705136513
-0.224509618727403
-3.50998240982549
3.93465894624488
2.80967685565304
0.881554383639306
5.04237808313878
-0.380701901393017
4.72836364700192
1.5475837254157
-0.3524643542649
-7.75980713469594
4.86541521585093
0.181470677510241
3.65922829477993
-5.26585250182212
-1.46195000630713
3.31917740473074
1.00727076368988
9.27490504970734
-4.11799588319057
5.37467301357957
-4.11407572698815
-0.776255235214279
0.750796168707267
-2.54413968316523
-2.81216010053453
1.78486665565886
-1.5115674234145
2.14740761414743
4.24304695862828
5.44741156168885
-5.85933048921818
-1.80721139871435
-4.90268533567439
-4.8070378311832
-8.5312385365877
5.95928007377521
8.95689663961453
-1.82331468395491
9.87437501238312
-4.08269178722995
0.0166211077546433
-0.996879650585315
-6.74679902897421
3.17143063311777
-3.74456220135562
0.309340724223637
-0.243578308301893
3.08832396967253
-0.000546476346131756
-2.64118714341085
-10.2794598202522
-1.32867651997723
-2.6499089289165
-8.139911780322
-2.24499698836103
-3.16145352567101
-8.51295922854681
1.58843403322138
5.10413399515642
-10.0967024961594
0.42086242662433
5.57329703710566
7.25112807159009
-1.31567025634332
3.01876452973505
0.194721412390858
0.803768955257449
5.0696171867966
-3.17462621169299
-0.726009779671454
-5.30947304700508
0.513643720427566
5.88601452296556
0.93329253806071
3.45493168307882
-2.66558998920405
-4.3944010118234
4.60489747694385
3.3275139533261
-7.13008116513685
-1.11233082514576
6.25892981855084
-1.7510298351742
4.43484114430419
-2.25335658443923
2.84749108611491
1.37971999019286
-5.29323304990141
0.578755427577497
-2.72543913009173
1.91430456465573
-5.0624322406389
3.01002087959238
3.06816188143271
6.04767733399895
-3.47562951976859
5.06096317362759
5.99363837223214
-2.25452911189246
3.8979622217653
10.4683413675873
1.54474749756082
-2.23565690442498
-0.303789566637443
1.03512178592271
3.51471264302964
0.314367059146753
-0.305489288191743
-3.83237291919254
-0.919418505556889
3.98952260987187
4.92147001110027
0.275240584791544
-1.40379511143285
0.486526856125897
-1.93620640133861
3.78459139408099
-5.12626548546277
2.02918781493987
0.588778285215109
-2.12806158566494
-0.960723236663319
0.451165477496781
3.93715593423244
3.50490578222777
-0.594904937089626
9.94332929667263
3.88861438715746
11.4753192797614
3.35915003886562
2.04578231130381
-2.33652126881348
-0.77845934035032
-6.79992517947347
2.66623912746824
-4.18012947543227
3.70856510791427
-4.15282695241369
3.16960325562766
2.78537814760754
3.98836222289192
-0.182088415581085
-7.54463128448303
-2.70794496011993
-2.96957299000967
-0.393914297451808
-0.582931651590941
-1.89296565653551
-1.32232085554226
-2.23624670684423
-0.378750823964824
3.5170900709435
1.38674859598888
1.48113282071282
12.319731200905
4.71029095311057
-7.2160260086182
3.35988512266497
-4.85194654970668
-1.90195278995745
-0.464368521596774
-2.64477922510595
3.59137394722295
-0.325279098524292
3.62920059887642
-1.33284464984229
5.88766379532073
-1.21090704302299
-3.06134924842689
-3.93276558374256
-0.0458772404917142
-3.86058419798584
-1.15388803736094
1.02829787703382
-10.4309572524834
-2.34360882490055
4.92520587145471
-4.48833017920933
2.7473647492615
1.06552553670359
5.33146038108295
-3.29207253750981
2.21258447534067
-0.50790935177867
5.29696467335924
2.393063642909
-6.57224902301054
1.30741711740313
3.25646042747415
3.14066393493212
1.31760173873636
2.73884859200007
-4.79363969590338
-4.38713907724909
-0.694495425699774
-9.13047837535239
4.56231077690453
-0.490283667959441
0.555599037398825
-0.365422435338015
-4.03633121563198
6.63459642562822
0.864367059091574
3.97979149017985
-4.5690752477024
2.9747072544802
0.821612986586249
2.96442065081268
-3.3072693887998
2.4252580404699
3.28533273877298
3.38773021900503
-0.955867025844523
-1.71497789483582
2.76924287738115
-3.20347425333569
-0.47216165011294
-3.14733680875965
2.88383554371252
1.74414375538748
6.28735043488514
-1.73419220923277
3.54006312512738
7.72763920443194
4.37164336271043
-1.20792897582124
-3.48571554628777
4.74836235950415
1.16278483070545
-1.64107929788183
2.81046698737282
-10.7109231684252
0.567037098480757
-1.40344974076905
2.43502046941892
1.28799685955528
-0.478788093044274
5.39589590582219
-3.90385978911649
-0.792626647788312
-2.99832022216847
0.0472613706696264
-0.832743034525991
-1.6418163997071
0.673579414505661
-8.57199661969809
0.820088374263373
3.1162520059611
7.37311067450298
4.21870118507973
-1.63437293030522
-3.99432075121269
0.71918945278424
-5.43192912656131
5.7283681807022
2.99721442292045
-1.84619492034413
3.03408173214507
-5.2434920047567
-0.934260922014196
11.7995832489948
-6.2458171913886
-1.60504991535754
0.58306413208148
-3.16039980714015
-2.03246117794832
4.15850349800553
5.1592296726988
-8.08020183529825
-6.73466256435083
-0.963075915424622
0.927098481610877
2.85797111093419
8.68319719906191
1.794473439895
0.254731057890212
-0.708962144487462
0.0917097137785101
-4.56703941155082
-1.11994339175734
-2.10201316989666
4.30854202919824
7.10861264653601
-3.71779303831265
0.47171622320486
-4.48736992969889
-2.27447022218016
-5.56479770499578
-0.56031466816383
-4.10997935609425
-5.65463367466526
-2.61097873749334
3.39314759976361
-2.09645578943016
-4.00311889690939
0.288791452875109
0.539457413159192
-3.46690656736721
3.15476399949621
0.327026609587951
-0.142580918410087
-1.43705463248979
3.96927622293716
-1.1195085075989
4.71023629210828
6.61021909606713
0.653851126698462
-0.716527526733254
-2.05092918996263
-3.26095845945371
-1.34450255986012
0.0961423011206142
-3.98997659559616
1.96431315074956
-6.95705762693791
-0.185698230219419
1.62927663900364
0.71350079053202
1.37681355845491
0.142433836123547
-8.09601183356189
3.68369921341876
3.96760843706243
-4.76260746140992
-1.48812282040427
6.21122572084763
-3.09846615900944
1.49320455444161
-0.36950776949487
-0.845730529635168
-0.158510522522568
3.56446090053483
2.33222457857016
0.365096780317421
-0.34139650394867
2.35932240376331
-3.20715686849994
-4.89101784302692
-3.24038703840012
-2.06439680229872
0.260580332033001
3.50328632047209
-5.20542740726061
0.320205822388474
1.69257612858257
4.86769624202911
-3.74094377463941
-0.676127550304281
-2.32294609475426
8.20642918438346
-2.50870388201234
-2.28105420262846
-8.20824074620054
0.776867400083618
-0.941727551916905
-0.149890356495332
0.258201588466529
1.20888700080838
9.50579783242422
5.90316716674168
-3.74691677534038
-4.55227055926947
-4.42881126264425
5.81618746867134
1.40357673024335
2.84824801807193
4.44536502443622
4.07630043172224
3.40037704232517
-5.27944896658274
-7.26110568449075
-2.81381522357714
1.61755725763432
6.03893582688592
-5.83557849923329
-1.55026766137299
0.602801463498883
-2.37496286453653
-1.14592106312202
1.64539629271954
-3.87203065407706
-6.3286790380375
-0.635575403953103
-0.947769901201728
6.03423694740791
-1.33839890789289
-4.86196687936884
5.12825106427172
1.265466149432
4.64032909929566
6.7186729446332
7.44282446470845
6.443832420152
-3.2373388973892
-3.06608911296427
1.87552435812223
-2.75195446996735
-0.226409766506437
-3.41737826348587
1.46475765737546
-2.96557891765414
-5.06278401432144
2.23234275282786
-0.764741829481832
-4.80348257168536
-1.27112076310966
0.380580876737687
-0.0340721922246998
4.28283799790886
8.53988846408219
1.40948895520911
2.99283705538746
-5.99463609396263
2.46550537558329
1.87933402371711
-8.3692679211818
-0.246153906231317
1.46774656936567
2.29433358836492
-2.08919643563863
-3.41123416057097
-2.72602855542066
5.18527102508905
3.03264010246139
3.57663485165862
-0.118401075741535
4.3733983146501
3.47584464082054
0.750365859704301
4.84436429989796
-2.81868386241015
-1.71653905687171
-5.21833870182003
-1.25074888494509
-2.21330959369256
-2.4868116893463
2.18795541594775
8.72718673656514
-1.65144343643704
-1.31749812665446
2.86906785535511
-1.19106444572035
1.02065125906396
-6.13861539598805
-4.59227338247235
-4.22206218025209
7.14450385910961
7.41430040008444
5.49618279176344
-1.54704792674614
3.60870445854053
0.162801094204106
2.8008880704676
0.317850046617289
6.11006319783837
-0.703530527561976
-5.06567340210495
-1.07223924968423
-8.58817149653511
0.324596421971546
4.86950549319105
-0.629785982904077
-1.37333645987805
-1.17569905396579
-3.1862438142438
-4.04097323327914
-4.35205054870748
-1.38063089937744
-1.32907639350075
-8.96631157269198
0.166642347726555
-1.78588190290229
10.2743969139265
4.66230909521528
2.41670265443321
5.36480219880875
-5.26556783792982
-1.30011255141596
6.26491932788665
-1.1598908117364
2.02409532774522
2.76387075195388
-0.795350481197857
-5.94123863606863
-3.76002936369338
-2.636025912669
3.92810710485376
1.60788481140361
3.85485130803312
0.677408275903387
4.54079984561582
3.98296030344969
1.66707244853285
-1.71421965696777
1.3521871118716
0.548967759378209
3.5822272390876
-1.87417016819569
7.75006412847619
-1.0394985097458
-0.217559500586689
-9.92583395627824
5.60174764995481
-2.35026328884464
-2.05322380946118
2.31821220281152
-3.82051815353532
3.91036398421416
1.28935275745459
-3.57087197524906
2.30783695319148
5.76951161073837
-4.68317818637274
7.32325579750789
-4.43188340809116
4.54895811222769
-6.06803290831636
4.83165315693865
0.922947133818337
3.07950991585748
-2.90045462785138
-2.20153742428712
1.16049097696015
2.06753175006687
-2.27937980486949
1.36642575565225
4.48899531935968
1.66954313621766
3.92946953536075
-4.93922364182184
4.09540880506546
4.61861660186323
-3.31048679739313
-0.756390354753927
-1.13284335853444
0.779603971786206
2.75927798319256
-4.77077439097038
9.70362769589738
4.11531443866484
5.06086705855142
-7.41301266701916
-1.21010093003328
-1.402420431882
-1.5456292417169
0.811801226346753
5.75728760224382
-4.38861327388612
0.558813398718029
1.09548655222902
3.015464094765
-1.218949754771
5.26949977865402
1.50783081820139
3.13201330140636
0.555791090268446
-8.01978775979933
-5.44827333649776
-4.5709972756546
-6.72436900736991
3.73360067874593
3.39351637877162
-2.7306636861987
-6.82446059371556
-1.85432980579179
-3.33958202463799
5.42923485534239
-4.55798557867187
4.26713335439604
11.6650343372668
0.79261428411503
-5.10265233310342
3.40529739524465
6.06239607189526
7.6590134282504
-6.13062663151484
-4.47683748149003
-1.86579702495986
1.43062704248771
-5.22170667668926
3.25940928501576
-0.00307949576969388
-2.9317809856072
-4.46682555851574
3.62755725127335
-6.81228439564918
6.79858819730086
-4.63649835421842
7.07739926036531
-0.670346372811458
-1.10194230299182
7.2095693401402
-1.02942927430069
1.18399013828075
-2.73021238894469
-5.05495894751946
6.25322070929593
2.27362289267178
1.26078393397771
-6.00665331361929
0.7283371914982
-1.65282633072223
4.85506909197248
-0.343040972617564
1.80932435432574
-6.58792700424173
1.96162922815747
-3.03860962772346
-3.48909478758315
-2.62172851628838
3.82361973510221
-9.549303816301
-9.24919537628815
5.01523733204309
-4.65510804633586
-0.187126139594736
-0.565529486941944
4.45054728755655
2.53476831136756
-8.20953221891266
-0.823833760997083
5.05664343056874
-0.641404061364805
4.53031933589953
-4.48287862775754
-3.27710143515255
-1.40274525642791
-7.17132332805944
-2.17279163978807
-0.810530027044333
1.18283443539706
-5.3204794981395
-3.58291584222383
1.15461294390072
-3.93045338166521
1.18074444542983
2.1408036045803
0.888954817924326
6.61380867964351
-7.15965232116682
0.318765717375927
-1.61850461359716
-3.01951974605136
-1.07751987761774
2.70169820498313
2.09676063593331
-0.945559021395567
-2.76163511150995
-6.31446042387515
9.1609604361498
-0.766480733241004
-1.71242481523663
-4.33138016625657
-2.61239724717641
-2.88378298948511
-1.59012178146748
2.92783359024344
-5.54379972756753
-2.03887788335173
0.285272265221972
-2.07778747136999
1.1715656682601
-0.684757189325233
-3.79693222737483
7.04923381725974
4.81313687556055
-6.95869529774819
1.31997921206212
0.0780029758213376
6.63061804790797
-6.49059899914262
2.76411787870711
-6.48169094573325
1.86430933190026
3.29356289913062
1.12884625165294
-3.0189694881908
-1.55419643945654
0.688650560382976
0.95811962300035
-0.652003624361989
1.70254335411981
5.28749029449856
-0.321622314253561
2.45971568849457
-6.26926861909475
3.58621664144096
-1.05162757439733
-2.67110880068731
8.05082528199808
0.0322185515162695
