2.69046
3.33230
0.15655
1.91405
8.37998
9.22415
-4.64604
-1.65123
2.13069
4.24025
3.62875
-2.82502
-2.77018
-4.24190
5.63984
0.06542
-1.19044
4.53769
-1.75745
3.70913
5.88378
0.02214
7.91429
-2.36579
1.66527
1.61372
0.87588
-3.61038
-4.96143
-0.64403
-13.79266
2.84812
-3.96530
-3.81050
0.70339
6.40651
-1.96891
-3.88642
4.52564
-2.26551
4.23568
-2.06364
5.49720
-1.55495
4.97923
-2.03779
1.29236
1.47335
-2.56784
-4.97919
-0.67597
3.74403
-4.56912
-4.93562
3.09158
-0.90831
-0.01634
3.40220
1.51295
-2.44788
5.39082
4.22517
-4.09671
-7.63372
0.95241
5.03321
3.28866
-3.41150
0.04326
-3.21195
-2.05988
12.88290
-3.66542
-0.07016
-2.56968
3.18529
1.43627
0.16877
1.40959
-1.75034
1.42792
-4.10839
-3.89652
0.37094
-3.78687
-4.74148
-6.01952
-0.92844
0.88395
-3.99269
-4.96607
-0.41795
-2.41934
-3.26949
-1.69728
-4.17760
1.38420
-3.53989
-2.66828
-3.02314
1.02763
-0.74454
5.52946
10.32435
1.87463
6.24324
2.21841
8.91402
-0.18442
-5.39500
-0.29600
-2.52525
-2.26952
-2.95660
-3.21131
4.31027
-8.63485
5.64367
4.98778
-4.37744
5.33140
1.37716
1.63943
0.79237
-1.40930
-1.06196
2.58254
-6.83863
-2.37998
-3.55680
0.82589
0.33533
2.62694
2.30475
-0.06169
-0.43147
-0.53476
7.64085
10.93010
-1.60262
0.04988
-2.05889
-0.60247
-0.81390
-0.24249
-3.60484
-0.87017
-2.18395
0.39100
5.19873
4.20221
-1.11924
-8.82598
6.82345
2.50168
-2.46743
-1.10603
-1.35657
1.66730
0.46196
-3.69224
0.22931
-0.49513
-1.53336
-3.66396
5.74854
-0.53105
7.69126
0.77558
-4.40734
1.90436
-5.58591
-4.45911
-5.89474
-7.45536
-2.39831
3.24685
-9.09647
-0.84026
6.99159
5.61341
-10.92833
4.08883
-3.95539
-1.78816
1.66188
2.70437
-5.36323
-3.27281
3.22405
4.25090
-0.17185
-0.11374
2.58592
2.04304
-3.28012
4.48296
-4.83854
2.41559
-6.44371
5.40959
6.25042
2.88352
-0.28274
0.71451
3.20567
-3.10498
3.43621
2.70040
-1.37453
-0.82272
2.02897
-8.44954
-0.85140
-0.71404
-2.13542
4.32876
1.95184
3.99571
-2.89019
1.32367
-4.63817
2.62120
-0.56148
4.75841
1.01273
5.20377
0.65553
-4.41225
-8.01504
-1.00580
-1.25673
0.98833
2.44487
-6.05192
0.52831
-6.60109
-1.67487
-5.82309
0.62972
4.44997
4.38986
2.72150
-2.85889
1.87124
2.98585
2.77777
-2.83715
-7.00046
0.61594
4.54914
-0.72095
2.38775
0.19608
-1.88242
-1.66323
0.43140
-2.93127
-2.37171
-0.75128
-1.76421
7.30715
0.97009
0.36806
1.42470
7.82244
-2.58697
-0.44631
6.46543
3.03470
1.04556
1.79722
2.16479
3.34290
-1.20799
-1.80527
8.01698
1.80074
-2.88362
4.25535
5.81388
2.80318
-6.26446
-3.51156
-0.42892
-8.04155
-2.46944
5.48802
-8.25430
-8.76278
-2.26707
-3.08738
-1.18741
2.52788
-4.47816
7.13288
1.99190
-1.50232
-1.71878
3.05952
3.13927
1.71647
10.22585
3.01335
2.63629
6.62955
-6.49712
-6.28317
0.41774
0.50791
-2.53428
3.73917
-1.50215
2.29699
7.49460
0.90206
2.98690
2.21285
0.18220
-4.43624
5.91503
1.25317
3.51606
-6.30460
-1.51358
1.94598
-0.01100
9.03527
-5.47655
4.21867
-3.35194
-1.31395
-0.15927
-1.00789
-1.60327
2.15479
-1.43514
4.28949
2.31391
6.08252
-4.36917
-0.64587
-3.58481
-2.72040
-8.69208
5.72801
11.46303
-3.03842
9.70993
-2.71545
1.06233
-1.72567
-7.87568
-0.87572
-4.16996
0.95069
-0.39583
3.35129
0.14873
-2.73762
-9.23213
-0.89549
-4.31413
-6.70242
-2.43718
-1.65390
-11.05919
1.66863
4.95866
-9.43967
-0.11907
5.50594
6.53877
-0.66931
3.08047
0.75445
1.41182
4.91384
-2.44233
-1.29877
-4.36435
0.02034
7.66366
-0.98894
3.92028
-3.54742
-3.13941
5.30773
1.15204
-5.12260
-1.52972
3.14684
-3.05553
2.93793
-1.83261
2.38807
0.67016
-4.10350
-1.11367
-0.02271
0.73360
-4.41732
3.24577
0.78526
8.42051
-2.79242
4.28062
6.95394
-1.63156
3.44784
11.43966
0.72825
-3.37024
1.74465
-0.57652
3.50462
1.54635
-1.05288
-3.92059
1.13952
4.39130
3.74897
-3.18002
-2.06873
-1.52818
-0.13430
2.15589
-5.10655
-0.23935
1.50720
-1.32741
-2.22237
0.27946
5.41542
6.26799
-1.55186
9.49605
2.70437
11.20697
4.14787
2.04936
-3.24046
-1.30506
-7.93969
1.07230
-2.10804
1.51400
-1.08726
2.72443
3.28367
1.30474
-0.17025
-6.94769
-1.51598
-4.13256
-1.85864
1.79469
1.81593
-1.75066
-2.33297
-2.48881
5.77096
-0.94446
3.26718
14.12858
1.43724
-6.67596
6.68938
-2.82799
-1.54457
-0.66094
-3.39291
4.39139
-2.10573
3.48251
0.53016
6.45427
1.70984
-1.39782
-0.65034
-0.00330
-5.48886
1.19204
2.72809
-9.47599
-2.63706
5.52591
-3.85345
1.47438
1.95892
5.81458
-1.47343
-1.12250
3.03267
6.15934
1.49523
-4.05696
0.35916
2.54648
3.72405
1.62405
1.68661
-3.39190
-6.24647
0.62505
-7.49250
1.57882
1.89990
1.13941
-0.50738
-3.85172
7.53424
2.32684
1.10235
-3.21407
2.50700
0.67427
4.58496
-0.13743
2.88081
3.17188
2.63802
-2.71100
-0.40151
3.40971
-3.35484
-0.99091
-3.74837
2.19774
0.23862
6.01997
-2.16280
3.61636
5.69468
3.73171
1.03244
-2.44862
6.01682
1.47135
0.48996
3.80564
-8.53171
2.37769
-3.05909
2.22573
3.14782
-1.24879
5.97677
-4.72789
-2.53689
-1.84298
-0.64538
-1.41411
-1.54627
1.24149
-6.57442
0.99697
3.85508
6.57053
2.96372
-1.54120
-1.49879
0.46115
-3.46186
5.16294
2.68628
-0.47293
0.62653
-3.44589
-1.66297
12.43101
-3.54930
-1.95540
2.32179
-5.25784
-2.00170
1.68852
4.42916
-7.76208
-5.46088
0.19190
2.65149
-0.09921
9.63604
3.35613
0.33910
-0.98109
1.69790
-3.58265
-0.20982
-2.44606
4.00045
5.92901
-2.24494
0.37460
-5.69106
-2.50455
-7.17557
-0.66712
-1.66114
-5.98973
-0.05462
3.75215
-3.73820
-3.69402
2.78512
-0.67910
-3.63354
2.84781
-0.23350
0.11346
-1.91944
3.01971
0.80435
6.25164
6.42352
-0.76520
1.42348
-1.46652
-2.09013
-0.46224
1.90927
-4.58113
1.78252
-9.25045
1.13870
1.35152
2.58461
2.18349
3.80448
-7.68698
4.99206
3.58307
-4.90047
-0.11267
4.09801
-3.91229
2.25420
-1.18200
-0.29364
-1.67761
4.08579
3.43958
1.90219
-1.46007
2.09663
-4.23069
-3.27300
-1.72133
-0.43855
2.87162
3.42539
-4.61664
0.11365
0.14955
3.90313
-4.32671
0.27421
-1.59602
5.73786
-1.18225
-0.84185
-11.38645
2.80313
-1.38972
0.21092
0.32541
-0.18643
10.32875
5.62791
-2.54477
-7.71267
-3.70578
2.53721
1.31920
5.70479
2.89686
3.36875
4.97491
-5.04549
-5.65606
-2.95071
0.47192
5.04655
-4.30597
-1.47704
1.07370
-0.83084
-1.70404
1.39633
-4.09508
-5.51311
-0.79379
-2.53284
6.87492
-2.46080
-3.47916
3.78481
1.12815
2.00052
6.84848
8.38600
7.19501
-1.51312
-3.47985
-0.10574
-1.68306
1.45882
-2.75315
0.06340
-5.11829
-2.07085
2.48908
0.84477
-4.96661
-2.21628
2.00815
-0.01573
4.05891
5.36299
1.21995
2.60270
-6.43892
-0.65801
3.11484
-8.49031
-0.03262
0.70137
1.61470
-1.45034
-1.48791
-2.02324
4.58255
3.01140
5.84589
0.93572
4.71984
4.01425
1.39345
3.70612
-3.78477
-2.44679
-4.62690
-1.46089
0.48441
-2.08485
0.34167
10.32548
1.17272
-1.69824
4.00549
-2.68387
1.55884
-5.03098
-3.24695
-4.39566
6.61735
7.56996
2.30404
-1.43591
2.56732
-4.00608
2.90027
-0.33969
5.92541
-0.96785
-4.99914
0.89810
-7.78988
3.09227
6.05813
0.11417
-0.16222
-1.96071
-3.64194
-5.24411
-3.92478
0.75619
-0.11173
-7.81269
1.43379
-0.10481
11.28650
3.36247
-1.46427
5.48875
-4.25484
0.50114
4.59547
-5.22210
2.61791
2.40103
-0.06138
-5.87595
-2.12147
-2.44443
4.09169
-0.93208
5.01610
1.18848
2.16597
3.67513
1.28893
-1.55402
1.70275
-1.11015
4.12863
0.63363
6.56450
-0.29508
-0.90907
-9.48110
6.20938
-0.55004
-1.77564
3.82436
-3.25368
3.35213
3.29721
-2.96397
4.53495
6.06301
-3.97259
6.76380
-4.98496
2.25085
-4.58885
4.18119
-0.65675
3.44390
-0.95632
-2.77713
0.39388
1.40922
-2.44918
0.80732
3.91129
-0.58237
5.23603
-3.49614
1.28985
3.36271
-3.67949
-0.27126
-0.14447
2.47232
0.74902
-3.61191
10.82439
3.94278
5.28223
-6.19032
-1.34400
-1.70951
-1.68823
3.69524
5.49630
-2.28027
0.93063
-0.96144
5.46727
-2.79466
8.06119
2.62154
0.40566
2.08741
-5.76798
-6.49581
-2.49248
-5.16384
1.31932
2.14715
-2.50020
-4.65010
-0.25649
-4.32604
2.33739
-2.67738
2.18525
11.16148
1.81267
-5.02077
4.23945
5.35973
7.27609
-4.28956
-2.13315
-1.99098
2.18085
-4.74238
1.82034
-0.05448
-1.02977
-4.56992
1.78692
-6.42537
5.71623
-4.55764
6.90043
3.54241
0.77597
7.51631
-0.54879
2.06562
-1.86287
-3.72177
5.64591
2.58465
0.01512
-7.98797
1.96333
-1.94568
5.60725
-0.33759
0.39297
-4.29741
3.41416
-2.09959
-4.28020
-2.71480
1.82248
-10.77717
-6.64341
3.84326
-3.30386
-1.11834
-1.00496
3.12878
3.93098
-7.10774
1.20351
5.39833
-0.49441
1.13717
-1.73810
-3.89498
-1.98388
-6.49374
-2.28936
1.33606
1.08384
-4.53563
-3.70240
0.49519
-2.57003
-0.42086
3.81079
-0.48117
6.84585
-5.44023
-0.50499
0.18461
-2.41450
-2.49441
0.98395
0.45614
-0.24317
-2.38933
-6.98290
11.50163
5.40532
0.10335
-2.96153
-0.74333
-1.74833
-4.99467
1.37204
-5.36355
-2.75135
1.52211
-3.61155
0.02384
-1.50729
-4.77738
6.18405
4.44213
-6.47791
2.85982
1.40706
7.43696
-3.63109
1.22213
-6.88675
0.69969
3.33803
1.01715
-2.95693
0.13507
0.92644
0.37925
0.14385
1.35226
6.11583
2.74483
1.44187
-3.18513
3.64395
-1.09245
-2.69920
6.55152
-0.70161
