-5.45044
-7.68844
-3.46573
-2.14867
-7.87392
-2.81888
-5.40222
-17.55035
-8.07395
-8.80133
5.80876
-5.86207
-11.88219
-8.09404
12.07139
3.09119
-5.68022
9.25326
10.15562
-14.94039
-16.18649
-0.60425
5.21633
-0.16020
-2.21096
-12.98456
-9.60179
-0.02773
12.65442
18.68388
-3.60205
17.61455
3.13088
8.13069
3.78890
-4.54728
11.37636
-7.95413
-5.44345
3.43556
21.51156
-4.83728
-2.78152
4.26368
-5.20502
14.75092
-3.34507
-0.99012
-9.54732
8.25340
6.32891
7.61801
2.43327
-1.06297
6.21612
-14.18125
22.69676
-2.05539
-0.41560
4.82942
6.23228
-10.76037
-9.35040
11.09468
11.92196
9.30899
8.93708
-1.54111
-5.93122
-3.14777
0.69474
5.16649
-4.99583
-11.00553
-13.96542
13.35568
-14.26178
2.60822
-5.03615
3.24133
8.03047
-11.37662
-14.23009
-15.23283
-0.42475
5.38919
-13.77883
-2.54328
-11.71450
-4.69808
-9.83126
-6.79381
17.33568
-11.75942
-3.82624
-5.17611
-9.00726
4.34710
11.90862
-10.23254
-14.27397
-10.35544
-0.64407
10.84208
-9.26011
7.33401
-1.07367
-7.90873
11.59369
-11.71971
-0.69865
-5.61328
10.42059
12.12960
13.47031
-2.62620
8.54064
-11.37323
-8.42416
8.36488
9.37899
0.83827
-16.60226
-19.08250
7.12590
-3.92587
-16.03311
15.76768
-13.76788
32.38810
14.27300
1.86605
19.69318
20.91657
-0.73133
6.96073
6.00386
8.14361
-22.30011
-3.11331
-5.28787
-9.44301
-4.76284
5.11755
-8.84609
18.39618
-0.31377
-0.61572
-10.58488
-8.69519
-8.74795
3.69695
11.80873
3.59934
7.05769
12.00041
-13.04199
-4.45021
6.87390
-8.25414
-4.97298
4.66541
1.35290
-9.41944
2.61785
-7.89957
-9.39428
-4.75850
5.14812
-0.74119
-25.65381
-13.64059
2.43178
17.31718
11.44539
9.14488
24.04527
-7.82685
8.93421
7.34151
21.51849
-4.13285
-1.36276
19.63394
1.44122
10.36837
4.62415
-16.60415
-6.74899
18.03397
-9.36136
1.70900
6.73909
-4.86346
7.84906
-15.61517
8.75401
3.90392
3.60511
-17.60997
-3.66193
4.77294
-5.85820
-29.51311
4.03497
3.31086
5.85708
4.67803
9.99194
10.61369
-9.53353
-0.22169
-6.49603
8.81640
0.14263
13.80916
-4.54608
-1.47652
-0.53471
-4.04973
15.89408
0.91230
-27.37685
11.35483
-17.42874
3.92384
6.45615
-1.60391
-6.36262
-5.29353
-4.00181
3.19823
-4.49580
0.41106
13.61697
-17.55219
-0.81597
-0.59034
6.05320
2.73253
14.18928
12.95042
-14.41261
-16.72275
-6.83237
-6.29607
-1.66764
8.37981
-7.47262
-15.35883
-14.22717
-1.86736
-20.77370
0.31452
-8.00952
3.78660
-19.21390
-10.11471
-8.12290
3.94807
14.86955
-4.76943
0.11091
9.49011
17.34940
8.98332
18.30665
0.06071
4.62259
-15.29461
6.89194
-10.99663
-1.65729
-9.82583
-12.45113
-8.15784
20.72428
7.67844
-5.50903
10.81281
-0.67722
-32.12581
16.42335
-1.17355
14.47793
-12.10093
3.92187
20.86963
13.71161
-0.73845
-6.71008
12.03176
3.81216
2.93244
-3.70266
3.72662
-4.27798
15.72067
3.43082
-1.29557
10.09609
2.23478
-17.50202
4.63551
10.75490
13.75059
-3.07611
2.68474
14.16202
-4.89265
26.22035
8.77796
-4.36453
-17.93866
2.75770
8.73793
-11.49030
-20.77828
6.21598
4.73675
-10.14455
1.03324
-11.66416
-2.38407
-8.61165
0.67039
-6.92238
1.93517
7.37869
-0.18223
-7.22088
-4.56808
3.10252
-3.04505
-4.60187
3.02155
-6.30772
26.01908
-17.16638
6.04097
12.13811
19.49270
17.57265
11.19283
-6.42379
-0.47698
2.76525
7.87280
12.97509
-15.60134
-2.29324
-16.82558
-9.73432
8.68149
15.75452
0.47496
-16.52857
-8.40873
-3.76726
-22.99224
-13.92512
-12.22628
-7.73668
22.14590
10.81735
-1.68948
-16.37831
36.25378
-2.50463
12.25405
18.75065
3.21762
-12.81373
10.46980
-3.88120
11.12515
-2.08369
-1.19935
-3.85513
3.90825
-9.61979
-34.55323
-16.19831
-12.72079
-9.24523
-1.53359
1.67109
6.44643
16.30662
6.88054
2.95772
3.07819
3.93079
-0.55044
-17.03259
-13.38622
-6.76280
17.94954
4.15311
-1.16020
18.66015
12.31589
-11.33005
6.34380
-9.49593
20.46399
12.72956
12.00433
26.79446
14.10515
-16.11914
-0.27338
8.75892
-6.68716
21.79946
-19.61398
-10.75895
8.67584
-8.03641
-0.37154
24.27305
-3.41516
9.26328
-2.16264
-13.22189
6.35007
0.76690
8.96985
-16.08771
2.07753
16.19559
-2.98396
1.32863
11.53203
11.74885
10.55359
-7.62273
10.01840
4.50072
3.97669
-18.88096
-13.57357
17.21793
-19.13310
11.26154
4.01687
-5.54564
-11.28379
-12.03863
-6.54798
4.30490
-13.52565
-0.00991
-9.57897
-6.30708
-0.02274
-16.65506
2.69496
-3.47439
-7.24563
-19.66533
-15.27855
-10.44867
8.03934
19.15564
-10.09147
0.57386
16.18705
-4.58074
18.51697
4.84488
11.86699
2.28246
13.77915
-6.27526
7.61549
-20.54293
1.09307
-10.90071
7.76054
-7.54687
3.28047
1.88839
-15.33778
0.57302
-14.13871
-4.37855
-9.53724
-15.15265
12.17952
12.11232
-8.38467
5.59836
2.27747
-15.86613
5.03688
-3.93749
12.54200
0.07388
6.58899
14.23393
-5.99449
11.13529
-5.58728
17.25532
9.09197
2.44279
-9.18251
15.31563
3.34725
-21.49272
5.77860
17.60004
-10.25685
2.12622
1.40717
-8.56995
-2.83487
11.93811
16.40468
14.14170
-10.08062
-21.22275
12.71763
3.26585
5.97588
-9.39779
0.57545
-0.56558
-2.98864
12.35050
17.94804
-9.31212
-0.37838
-5.54018
-10.69269
-1.49253
7.95151
33.29223
0.15155
7.69236
5.96016
12.48157
-13.85852
-0.56584
2.07383
18.05214
6.52085
9.24316
-1.20619
13.19024
-10.08031
11.69483
-3.36178
-11.24572
-3.95659
15.81748
-2.98188
19.85938
11.21412
-22.50535
6.05444
9.40918
-0.11738
-1.55357
-7.58178
-11.29395
-12.01061
0.87037
-7.14258
-21.66499
6.87293
-8.21803
-0.89771
0.81249
9.45796
-6.97540
10.07003
0.13603
-17.09240
6.47334
-11.71562
9.07167
-12.30287
-7.76676
7.98011
28.53371
-15.01002
-2.99034
18.74684
-5.86785
-8.24036
9.26623
-14.17168
-20.26339
11.16874
11.03356
18.53283
2.94719
15.50018
12.48236
-6.32659
14.06831
3.05376
8.96348
-0.33107
-4.08207
-7.08697
20.39107
-0.42923
5.67834
2.16734
-3.72115
-16.00847
0.94283
-9.15069
-7.80128
-18.33015
14.30183
-3.62058
-6.44072
36.28371
8.14358
16.08120
-0.87056
-7.24938
-25.39860
12.02899
-0.73174
8.18208
-9.15667
-19.97245
21.23493
2.24894
-8.71713
-9.93921
8.33560
-5.43259
-21.21496
-11.96123
6.39034
3.97583
-1.27227
-8.28689
5.18984
17.48221
-1.66594
-0.75017
9.96592
-21.06130
7.43685
-14.77064
-9.09936
16.34138
-3.36828
6.13043
-12.05057
-2.88093
2.31891
-0.93117
6.98227
-1.20088
-1.45121
-1.86021
0.60643
6.00255
12.16309
15.02236
-9.20920
10.07294
-12.77257
-18.75515
-8.06604
10.55585
-7.47385
-13.63418
3.52514
-9.85495
10.15915
-17.30282
4.81800
-13.10497
7.22505
5.63528
18.05107
7.45113
-10.27674
-9.42016
-14.96779
4.99069
13.16834
-13.94093
12.01014
-3.56524
1.79596
8.49734
-19.33303
7.30755
-6.13832
-9.19779
-3.69604
-7.84191
16.55254
3.51612
-6.23736
32.56245
-9.65687
14.64577
-4.06694
-12.50728
6.88546
6.35497
-11.38155
16.64374
10.07771
35.98035
-17.98397
-0.69013
-3.17492
-8.10725
6.87537
12.28144
-11.80051
2.84853
-5.84782
-4.23914
-8.25031
35.68202
-10.05421
14.62392
-6.66048
-7.17909
-20.24791
-3.09197
22.84305
-8.99750
0.26849
-26.56052
-29.36480
1.95085
-1.11461
-3.56999
1.50193
22.70885
-6.51855
12.40774
16.43345
-23.91673
-6.79561
-11.25803
2.77328
28.48813
-7.07442
-22.98668
-4.83655
21.12745
-13.11374
21.08281
-6.44041
6.40402
16.17841
-16.47929
-5.59821
-3.48206
4.78445
-6.60385
7.47300
12.06672
23.67479
7.94915
9.99210
10.36196
7.75786
30.16588
-2.61635
11.81869
-14.92929
10.66978
5.35358
-3.70150
-15.08189
-15.03366
-2.19839
-0.87869
1.49118
11.08025
-6.07419
-9.58368
-2.43418
12.23912
-4.32323
13.44145
-11.73582
1.80220
8.90227
-5.11158
11.52552
1.49032
2.36239
11.06930
-8.01420
6.95654
-4.35223
5.27621
6.30295
-0.61847
5.27268
-4.92268
-1.70305
-13.60583
-18.29016
-0.31107
18.34175
-22.63861
7.18634
-7.94250
16.00443
-11.55789
-11.74935
-21.13890
4.05320
-25.35570
-10.96504
4.88974
6.56365
4.84526
-2.27335
5.02606
-7.75209
9.53588
-6.14425
1.67685
-2.17028
-9.71129
4.49393
-17.34872
-22.65290
0.77347
13.50078
15.66476
3.42844
-7.98044
-5.51866
6.17013
14.43100
5.33416
3.12815
-19.23404
-11.22226
-5.06417
-1.16288
-0.85143
-13.81266
-17.53192
0.21962
1.39334
-23.30422
13.03832
-6.22487
2.84983
4.93513
-24.22712
15.41158
-16.04749
2.34175
-1.43279
-24.64254
9.52530
10.42633
-14.93730
-3.75100
11.85600
-16.97191
-12.73418
7.81858
-20.15414
-5.79947
2.71260
-11.89570
3.51737
1.57845
-10.49913
6.24219
12.41229
-2.01575
14.11372
-4.95150
-11.76792
26.39806
8.01708
-17.71538
-4.72600
-12.25436
-16.92026
-0.69155
-14.91697
5.24909
8.45467
-0.00775
4.51973
4.41688
-7.18668
1.75634
6.31764
29.70779
24.73536
3.64353
-10.03692
0.57017
-4.14023
-1.20324
-17.39145
10.15220
6.48280
4.20450
-14.29575
0.69444
-21.48197
-13.37974
-10.60827
13.22835
2.86113
15.71129
18.39052
2.60765
6.93196
-12.20797
17.27942
-16.45517
11.51649
-14.07225
-25.45583
-5.39900
-0.16193
9.58612
-16.92137
5.67121
-6.00876
-5.15401
-0.83518
0.98960
-5.06845
25.17214
8.64217
-3.43169
17.07527
-11.11169
-2.29830
19.68934
0.38510
2.36573
-13.56413
1.49674
4.76306
14.15385
4.25216
-14.22842
2.83007
-2.31384
9.90889
-10.44511
7.96557
-2.48720
-1.37000
10.10299
8.58460
4.84703
13.03364
6.85894
-10.18674
12.62867
-23.60399
3.25963
-7.49967
13.06239
-3.27175
1.11928
-13.67327
-17.52187
11.90429
-26.47831
-5.99718
0.08696
-12.62681
1.48308
-4.49356
2.49889
-2.57694
9.85865
13.44492
-5.48942
-0.67146
17.15342
1.29855
-11.67297
11.13123
-2.52785
-11.43985
8.89339
-18.31679
-9.20933
