8.72207
1.19873
-4.52326
1.12189
-7.69905
5.23082
11.23652
8.00510
-2.12162
8.66817
-21.24092
-4.61661
4.28336
2.73399
-5.68441
8.98248
1.88500
-16.28081
4.81945
-4.82599
9.72038
-1.92539
-3.04594
12.22284
-8.49848
-2.36670
-9.06558
-16.36475
-15.08862
-4.25747
10.90523
0.92173
-2.39803
-4.79988
-11.73293
0.33355
-3.30917
0.30693
-6.42714
-3.94917
-0.13194
-7.30031
-7.41690
7.67077
-10.52995
-2.10014
10.69294
-5.48369
4.44567
-3.15121
11.79412
5.02988
-16.30789
5.05563
5.75105
-7.11335
-13.21014
-6.12220
5.13167
-6.00570
2.93359
-7.38932
-10.52584
4.40738
14.58453
-1.74780
1.19510
0.93156
3.10817
-5.34441
-6.41321
-7.51088
13.62038
1.76034
-2.29630
10.24095
-10.61727
14.79227
-16.88098
-7.67768
12.08265
-8.14772
-0.82259
-1.45061
-10.49068
7.46831
-4.21220
14.42836
-10.96586
-5.84576
-5.60269
-4.56763
-3.32848
10.58168
2.69619
10.76778
5.07447
-1.60144
1.25168
5.86887
6.65582
4.97412
6.77069
-8.27180
-3.97821
-12.61030
5.68682
-2.87345
1.15037
-5.73977
2.32141
-12.13157
-1.58415
5.66659
-0.38212
-2.70019
-8.12011
-5.45182
-2.34927
6.92045
-0.62719
8.69979
-7.72956
-9.23006
7.13850
0.93648
-17.52934
11.12774
11.25782
-2.33423
1.36805
-2.90535
3.71519
0.62935
-9.27799
14.65117
4.17992
0.92629
9.91509
9.44049
-0.88221
13.71277
-14.25421
-11.33075
-7.43451
-7.86146
2.93227
-12.85623
5.99574
7.59823
-10.92570
5.14990
-6.28092
15.56112
4.20269
19.97187
6.37482
-5.46480
6.15542
-6.83232
-0.34537
-2.48871
1.60256
10.55986
5.61465
3.56482
6.26501
-5.11933
-9.14949
9.72618
-8.35755
4.15126
3.37803
3.45835
-3.08242
14.32515
-0.31721
-3.16235
-0.26933
3.76189
2.18930
-5.51595
0.05501
-3.41481
-5.49868
2.20536
-9.48371
7.85413
-0.00196
3.00826
8.95554
-4.12354
0.94059
5.00390
-2.22729
1.31139
4.52540
5.54538
-6.99988
-16.09995
-4.02308
-3.37540
-10.71243
14.41119
12.40041
11.85513
-9.20526
-12.34594
-6.00959
-3.31373
-1.97738
-22.30795
-6.56974
5.05449
-5.62972
2.25546
-3.88772
-1.56845
11.72067
4.61909
8.22944
-9.74752
11.26327
-10.73639
-20.76488
-3.64953
3.32875
13.31585
-4.07825
9.51524
11.92561
7.42261
-9.58746
1.21620
-7.44226
10.00944
5.24373
-20.00623
-8.95997
-4.15731
2.62038
18.99780
1.73123
11.42071
-2.54404
4.00123
11.46308
8.77389
-6.24797
-11.09136
3.53014
7.84071
6.13809
7.89132
-0.82374
5.26611
-10.38325
7.94219
-16.53224
4.79737
4.52790
-0.39984
-3.94968
-1.80694
15.48935
6.95224
7.86355
-2.13979
12.55907
-16.04068
-5.59865
10.49676
-2.86555
4.03376
-6.55174
-1.45688
-8.52646
3.54378
-4.68059
-3.71172
-1.09690
4.40674
0.28300
-2.98164
-5.63015
7.33779
10.98343
-10.42504
21.04823
-4.88618
7.31946
-8.53399
-9.40127
-5.16271
-4.98418
6.51883
9.96483
2.92131
-14.08384
-5.20726
-17.39902
0.75363
-3.14575
-11.92601
2.55744
4.83873
7.51281
-1.72391
12.63234
-2.03818
4.53567
8.19139
8.88336
3.11920
9.41246
5.15813
3.84937
-14.10689
6.96846
-19.23985
-6.92640
16.52616
-2.36803
0.60815
17.39358
11.55521
-1.80387
2.18433
6.81551
-11.85175
-3.64161
5.90992
-10.01471
5.55743
-18.35651
3.37014
-17.36099
-17.84130
-7.06809
11.04788
-2.83576
-8.21495
-10.85866
-8.47025
-9.74078
-7.91078
-5.51710
-2.13100
1.31535
-7.82639
-13.54450
4.86259
-8.89581
3.18494
-10.45676
3.95907
-5.52751
14.75025
0.98478
-8.06474
-9.07037
-3.51381
-1.94927
2.38069
-5.48640
-1.31234
-4.50700
-4.40684
-3.50476
9.34910
-5.42116
-9.91279
5.69106
-11.40528
5.60335
-9.42000
6.87102
-15.62604
-15.19063
-4.03830
-9.12624
-2.58164
-5.06588
19.47335
-11.93923
5.87356
4.51091
4.72013
5.87869
-6.85543
8.03780
-5.13494
3.00197
-0.99385
5.51505
9.34219
-2.39096
8.29103
2.98144
-5.38812
2.99740
-5.32131
1.53900
-0.28536
7.49293
12.24219
17.35255
-2.68407
-0.56397
5.01078
-1.59243
-0.40931
-9.69513
-8.38458
7.07603
6.89605
13.22174
4.67054
-0.84703
-2.91936
-1.43641
-5.24073
-4.69242
3.76357
-10.24751
9.24595
15.60959
-7.58738
-16.65671
-5.65611
0.94172
-6.95714
-4.82398
-9.64674
3.09215
-5.56853
-19.08133
-1.66593
0.01759
-9.96090
-3.97357
3.15177
-10.27785
7.45142
-9.96773
-4.32620
14.24889
5.83215
11.78064
4.49452
14.56501
-12.10403
16.21418
-9.88793
4.38167
6.51450
-2.28885
2.11364
-12.37503
6.29048
0.77592
11.12080
-16.56315
5.58983
-8.46406
-6.80338
-1.25917
18.14817
-5.69493
-3.83717
-3.18454
-10.55164
-3.35134
1.45272
0.18529
3.32056
6.78566
7.52913
10.48808
5.46764
-5.38000
-14.28412
-15.86516
4.90528
-4.92402
-1.54153
7.66915
-9.00102
0.61911
6.31481
21.04694
-0.16396
0.70442
9.64011
7.08066
2.57186
-9.43807
14.79785
-0.44991
-6.67378
15.24608
-8.05798
-4.87124
-15.83016
-0.33057
0.84580
6.31198
18.25051
6.15764
-3.86363
-8.88047
-1.86080
8.02227
3.15805
-11.29422
-7.80038
18.82510
-7.77686
-4.54858
-5.30482
-4.78776
8.03183
-4.14599
-7.60748
10.25505
0.64409
-2.70605
2.75715
3.11427
8.20396
-8.61373
-2.83408
2.46877
-8.80577
-3.68976
13.48715
5.26391
5.13633
2.59750
-0.75324
16.50997
-6.89022
5.21980
1.72955
2.68676
3.93943
-5.59269
7.29939
0.99832
2.12767
-2.60589
-9.59357
-20.13558
0.26149
-2.30254
-1.12398
16.54037
-3.12766
7.33691
-4.58317
-11.03546
-2.41708
-22.11003
-12.77425
8.25868
-12.18626
3.26180
11.02931
1.76674
6.06406
0.36907
0.32370
11.54999
-8.41876
5.43565
7.78785
9.49399
-16.66308
13.07481
1.02584
3.53293
-2.52949
7.26193
-4.32640
4.11001
-6.63079
-10.78813
-4.38050
1.52147
3.09494
1.34349
6.24409
1.72138
-3.39596
-1.41084
-1.51192
-2.13405
9.68360
-10.10030
-2.80883
11.18634
11.37363
10.51758
-7.58409
11.84903
-0.75491
6.31986
-0.65244
4.80714
-0.73691
-0.79877
10.52750
19.62450
2.86429
10.99815
-0.87412
0.65792
3.92824
-3.15792
0.81710
-7.58457
4.70582
-2.17241
9.11260
-7.25712
-11.30677
-0.65067
1.96427
2.22458
-13.05073
9.85092
17.55376
5.58252
-16.05336
2.77681
8.70375
-2.43337
-4.12071
0.36326
0.55258
5.37057
-11.19849
4.28543
5.02808
10.09745
-2.78394
6.55544
-19.64515
9.29546
-5.26279
-2.29170
2.93014
4.98049
-14.42137
-8.64138
12.24702
7.25296
-1.88272
0.85984
9.83856
7.68293
4.61404
7.73277
2.39860
0.93233
-13.97513
-16.61371
9.54256
-0.39466
-0.65502
-0.10446
12.02235
7.84366
10.06122
10.01801
9.01328
12.05363
2.27901
-0.98749
-12.74538
8.13004
-3.11756
0.75974
7.20467
-10.30856
8.85829
2.11651
-4.30145
12.33176
6.05661
-7.40011
6.90936
2.23466
-1.02462
-14.68038
-4.96204
-0.15607
-0.94137
3.62509
1.82839
-6.43441
-12.50581
-18.37864
15.91281
-8.06280
4.61856
17.88087
-7.60551
-0.94612
-2.25613
-3.78335
-1.75901
-2.83541
-3.70116
-14.71170
16.22840
-3.02897
2.29685
-3.14436
-2.08536
2.35759
-18.39131
6.45303
-10.48296
-2.92993
1.50221
5.29617
-0.11054
3.06189
-7.14277
-7.00762
0.93694
2.99607
-1.83046
3.08041
3.97885
-4.79232
-9.20247
1.71092
-2.30399
11.56897
-16.98262
-6.76959
5.58926
1.00879
6.07771
4.73306
-8.26293
7.74751
-0.94507
1.78509
-7.22882
1.42162
-8.71232
8.57647
7.15468
-9.92999
8.00105
3.21688
-1.84784
-2.19588
-6.76453
-4.95865
16.62742
8.27233
5.07374
-5.10782
13.30465
-11.23343
-8.18804
9.36807
15.91798
-11.99074
1.12574
9.92895
-3.79745
5.21775
0.80232
5.36853
2.63011
-1.44351
6.34126
2.85441
6.09939
-8.55054
2.51050
2.09149
6.68475
-15.40308
1.55339
-8.20896
17.29737
3.05901
5.39830
-11.10482
-11.42432
12.08806
3.86391
23.11825
-5.90467
-2.36099
-6.56131
-6.91335
9.96204
5.72118
2.11737
0.52526
6.86053
-8.29634
-1.13389
-3.45355
-4.22135
12.77747
-12.57369
7.02705
-2.19431
-5.99030
2.92967
-1.25430
0.86429
-9.17130
-9.54927
-6.90205
9.90963
-8.64139
12.00765
-9.88252
-6.48037
-0.62121
-3.68338
-4.07683
0.47606
-6.57468
4.30581
-3.45201
1.03145
4.89184
-9.64261
-6.19517
4.95409
-0.32934
5.07864
-2.08332
-5.31127
6.61462
-3.75760
-0.67925
-7.21613
-0.68241
8.43077
16.12947
1.04986
-0.57618
5.11099
2.81905
-0.19898
5.43920
-7.27552
15.85465
-7.34356
-10.60347
2.52498
2.56180
-9.95788
-8.17828
-2.79564
10.19377
1.95915
-13.28895
0.47623
-0.21736
0.03225
-12.40528
1.40299
-4.18636
-4.33482
2.53489
-2.70595
0.18017
13.70248
-3.35842
1.06162
1.90828
1.57440
7.16581
-0.41524
5.72788
-3.45020
-1.75104
0.23437
4.12686
-1.25304
-7.14286
7.91207
6.50835
-14.90741
1.90576
3.89770
6.06534
3.84620
17.32070
3.90677
-0.03355
21.54684
12.28950
3.34048
7.35028
-13.62453
-10.79455
-16.05184
7.32202
-0.51480
10.92281
-15.05711
14.57164
2.37241
7.21490
10.11944
-20.53332
7.30340
4.35476
6.32738
-5.10654
-1.71924
1.06363
6.83483
-5.03031
13.97714
-0.18953
-2.12435
6.90623
8.54204
-16.59480
6.23981
-8.03007
-3.97995
13.99121
9.47169
13.68772
-2.36635
-23.36399
0.72022
11.14673
-13.46897
-10.51067
-12.18917
8.87003
3.21457
-8.48644
-3.93532
4.35213
-15.20432
-7.65511
-4.29156
-0.40300
-8.39550
-10.07741
-2.54800
4.63974
4.94307
-10.50734
11.81909
13.18446
-2.52190
0.03285
6.09039
12.55750
-3.60091
1.45091
0.23377
-8.72788
-4.56801
11.07821
-4.97829
13.21427
12.93447
13.30565
-3.39041
21.42371
2.45102
-10.45612
9.32350
9.87803
-3.56444
9.92711
12.25096
-17.05726
0.75189
0.89388
5.29016
-4.66018
-1.56278
-12.12430
8.82448
10.62031
-2.73335
2.44918
7.01191
-10.02848
1.54744
-8.23552
