19.71476
-11.33916
-91.01795
14.00302
24.95533
62.78239
-15.08588
20.53019
-15.05652
-22.06664
-7.07613
-31.43333
-4.09788
5.55224
-18.45900
5.59503
19.32547
-3.46655
-28.78129
40.85377
24.60072
-34.97171
43.15311
-52.32482
-0.37284
-5.69918
-11.88605
74.51216
-25.41909
34.76957
18.89409
31.53874
-47.06861
-17.14359
19.15072
7.00796
-8.30188
-18.86606
7.62589
44.79715
19.75847
-1.98378
12.71495
14.74607
22.42743
8.83287
-34.79772
3.64358
44.14200
-12.65564
13.30226
21.26717
-41.92102
-55.25632
-6.14555
1.80486
-20.61570
-2.30779
-46.77421
-26.42923
21.16472
-6.15930
-20.68631
31.74052
9.51366
2.92726
-49.48956
-19.50846
-40.10400
-44.60124
-8.64355
-43.57959
27.98095
-15.76329
-15.02936
20.50860
4.79280
-12.88562
-20.98944
-43.20691
40.28244
10.69268
34.53085
-23.95975
9.35963
9.14002
-9.25110
-24.21613
19.52960
-35.83426
-7.26183
-5.18174
-1.57281
82.63676
-8.46707
9.42639
-37.16152
0.29698
-35.65841
60.19967
14.49298
39.90006
-0.98144
4.68145
-7.84523
9.93364
-34.17710
16.70998
38.27134
55.46744
2.39644
10.55940
2.74906
-51.47878
-13.76107
23.78460
10.47598
-33.78242
-68.83305
13.22642
-68.37965
-22.61405
48.75067
-22.33063
55.73798
-8.08938
19.25327
-1.64512
-27.58558
52.43316
21.27124
15.94350
44.41978
36.90704
40.06620
3.59713
5.30196
13.57828
0.83416
-16.53146
-17.87229
-48.77125
36.29082
-14.42139
2.77518
55.51357
-11.88723
-66.56303
-21.63275
-22.75140
5.16473
-41.60616
9.61554
39.91332
17.38024
37.00988
-40.50912
26.83953
-33.03963
-30.06072
-12.06916
27.84953
38.79792
68.79558
34.08666
56.87075
-12.72295
-72.11474
-1.62468
27.59892
23.69231
-5.41868
-5.70535
24.83434
-26.34017
42.60020
-25.36322
34.90849
-50.74012
-16.10291
-14.21204
8.43849
13.76002
-60.35536
4.21386
5.16025
-24.34704
-8.94752
21.22718
15.01479
32.30656
34.83228
-26.67413
-23.71450
29.70580
-19.98912
43.09398
1.77313
-32.67037
-14.90647
28.19352
-8.43359
34.21398
30.33685
-9.93191
11.47878
41.03599
36.70344
49.27022
-45.39845
-46.63517
13.71737
34.19955
-2.42219
8.29963
-18.61457
23.34338
-39.33466
6.07150
-0.77798
-4.20802
24.01439
-4.20782
-14.55744
-46.40788
6.84724
-57.49739
21.64249
-31.41278
-16.85274
15.26592
-35.94536
-39.19124
0.57081
-51.55771
16.20033
-31.06647
24.10431
57.64868
31.90243
22.63396
9.73853
-13.42856
0.21657
40.96612
14.96036
-9.67825
-8.14692
40.53640
-23.62290
19.50852
6.32293
70.37966
-75.88998
17.32141
3.57008
26.29330
-3.09500
-59.44637
60.39462
-21.45792
24.92079
-18.71881
0.13507
-25.06355
-45.69464
3.89455
-79.98801
15.43671
-1.43671
-15.63421
45.09762
35.28300
-39.32109
11.25875
-17.85056
-9.83459
41.60843
-20.33383
-10.45358
-23.92734
35.58726
-43.78500
31.53900
45.38257
-25.68480
58.61734
-4.68430
49.01139
-13.88933
32.77527
1.83702
-50.45429
-66.31700
-7.62788
-43.39256
-1.74507
1.52593
49.39232
64.04930
-3.86498
26.36351
-33.95278
35.97754
14.12724
-27.46198
-26.60750
33.51593
35.39824
-20.52374
55.70890
-30.10901
17.38274
24.01854
-4.29505
-20.63525
14.39512
-61.87153
-10.55896
31.84046
-3.00180
-73.57737
59.73887
1.01558
8.18576
-26.12150
-19.19124
-9.55965
32.58669
-6.08969
21.82503
-41.62154
-4.44153
31.30633
63.52979
-48.44584
-6.29811
16.29154
-25.83089
-13.67298
-30.37008
35.90130
-31.68397
21.38712
30.43666
13.20907
-4.68729
12.30345
-24.30771
8.89037
-48.10300
69.21395
2.85348
9.25856
23.46473
-2.49379
-27.68257
39.90945
-11.82554
-44.55180
-72.71323
14.23647
0.82600
-25.05072
24.14808
27.42953
-36.76520
-1.22866
-65.42685
17.48446
-68.42499
47.86605
34.18789
14.32050
20.66858
7.61599
69.52700
-34.87264
-6.85075
-8.77310
79.92689
-27.19859
38.52338
-12.87608
30.94651
29.27171
-10.58237
-60.16308
20.22026
-2.47406
29.32075
25.92954
44.03130
8.24087
67.22595
79.49551
37.70644
9.69172
61.23407
-14.37325
-7.02255
56.12763
39.93551
36.89737
15.52387
10.91774
46.26601
45.48485
-11.45641
9.84628
-21.87922
40.42458
-6.47766
-13.13277
-5.15805
-20.88840
15.96245
-7.26334
11.09095
5.01395
-31.35016
67.08640
4.89832
-36.30171
6.41674
34.52877
-13.43771
-19.65359
21.75191
15.54196
-61.42348
-27.93774
11.19601
19.65163
16.05349
25.08453
42.80080
-6.27892
-71.82244
-41.72451
-22.02890
-29.78320
-29.26686
-21.63489
33.13173
-20.77252
7.18605
-18.33128
-18.31601
41.46840
52.80404
16.30676
-44.14930
-41.39386
36.88296
-3.92773
-20.86952
-68.68336
-28.10486
-21.38642
-14.86903
26.25833
-58.41780
-16.41531
-21.73702
10.38926
15.15709
20.55696
-58.15551
6.89980
12.98598
-0.40195
19.64896
-34.93881
8.70925
-2.60709
56.31662
-21.41636
-21.35977
29.00051
-13.96727
-16.30560
4.25484
9.23713
-7.08042
-21.72265
37.46678
29.22322
28.26598
-28.88801
46.72627
23.83147
-104.65940
18.80988
46.19892
63.23295
-7.17231
-68.81415
-10.43444
-2.52004
28.07978
-25.31955
-10.44064
23.15224
-7.88185
2.65063
-20.01300
82.49305
-27.91334
26.12863
27.28170
-8.64788
-60.39356
-10.52119
32.24864
3.01113
-23.30440
41.33751
-17.97932
-2.22310
-4.77429
5.88249
-4.12068
-0.51522
-6.66589
12.71663
3.38639
-54.35914
-27.95225
3.79998
63.50229
29.87026
11.37247
-66.25839
-20.78783
-4.36525
-9.04969
-70.33110
-3.20857
-25.27749
10.35898
-3.79963
-1.74809
-55.27785
-24.29392
-58.80441
40.60994
-10.88313
-23.67432
-25.78127
53.83398
18.63283
-29.54734
68.94572
-27.17970
-11.27663
-27.07929
-19.04319
59.99893
23.93078
8.01620
-8.16402
-30.94328
0.68771
0.20706
-23.25209
-44.10153
38.21539
-53.09065
-12.65855
-4.68102
-30.31953
-30.83225
0.91161
0.56161
37.05533
-11.33844
45.16396
-2.39274
9.29084
-33.29281
38.24364
-2.91285
24.68175
3.31628
59.12015
-3.95518
8.53155
10.75589
-4.52870
-21.04927
29.04090
-13.91718
-5.51503
-50.24884
-6.56548
58.28188
0.32010
-36.43377
3.66088
83.76275
-42.14423
27.09035
-6.71873
48.14748
-20.02034
-15.18755
-14.71555
16.93987
-17.34087
-26.82247
54.28329
-17.40635
-5.49346
14.29986
-34.63328
-5.93598
17.81655
0.76517
40.33918
-48.72792
-35.29175
-4.73545
-35.54851
-17.64126
-37.06416
12.75597
27.09574
-63.19011
38.84198
-36.47997
8.94820
-13.46011
-8.34455
-35.45161
33.52209
21.61837
-58.93791
32.05853
-14.14002
9.47232
13.07388
-13.83052
-28.62395
38.81670
-48.26286
4.43863
67.53533
-11.37043
5.42720
-30.35866
-18.18104
3.47386
-18.20157
6.81467
-40.53405
4.47886
20.30976
30.83021
-15.23431
20.63491
26.24332
37.47769
-46.14833
-19.01103
-17.33946
33.97739
-6.96209
14.50356
-29.39256
66.07429
45.88039
19.40879
26.17924
-61.41145
49.02612
-0.36475
0.78109
19.73828
-11.98621
33.92967
55.20590
-29.49030
7.67280
6.81374
38.37527
-19.17498
71.18778
-12.58649
37.26254
-23.54303
-42.38780
1.18399
-15.83977
-44.50808
20.45466
-12.63228
4.58183
34.40383
26.23147
7.36611
-42.44744
-1.30789
65.80636
-51.56854
-16.97454
-5.68169
-33.78700
33.82043
27.79750
20.48052
20.89601
-36.31429
30.68571
43.99714
-22.24446
26.46217
3.76738
-31.53219
17.93166
-30.42331
-0.05898
-18.89828
-4.56682
-13.08897
-48.36514
9.71068
6.71487
-18.18407
19.04023
-17.74898
-31.20095
11.04926
-28.00236
1.43786
-4.62910
-57.12116
24.70777
29.31331
2.76769
-9.47624
25.89560
-32.12260
-9.85322
14.87132
23.72612
43.22156
-13.77765
-23.29416
-41.55264
8.27871
7.00147
15.91910
13.78525
-10.63560
-0.18512
50.18852
-37.24508
-37.53563
55.00883
-15.10047
-0.80774
-43.27082
28.69230
19.06937
-25.27781
-7.75334
-1.35600
22.26503
-10.74647
37.38681
-28.89597
-41.18091
3.97923
-20.44384
0.21889
-17.99019
29.72783
-1.18722
-0.08784
-21.30555
33.54075
25.48553
-53.50673
-27.44307
42.53409
-24.45913
-74.12843
-55.40059
-24.32111
-50.65763
-13.62673
25.29568
52.22918
4.96214
58.44791
-10.26004
26.44424
38.90290
5.97185
51.55383
-16.56243
-3.81989
14.46665
-13.00073
65.80040
11.21620
-1.62435
-21.55172
43.08018
-13.55404
53.23359
-11.31118
1.75184
21.21690
26.28731
45.08615
75.83109
-10.70343
-32.97372
-17.25089
-12.89178
0.46540
-0.62323
14.53759
-41.50850
-7.79614
4.13602
-31.74913
-18.44735
-29.56775
-5.88074
36.22229
23.07517
19.01466
59.00545
-8.40797
-0.84385
-20.72455
-25.25416
-18.61035
26.31315
44.96279
-27.36598
33.69917
-11.94701
32.90912
-0.36923
-21.16376
1.86649
8.51268
-5.05618
-1.49700
-29.48988
-31.40304
11.30946
9.83728
-15.73988
12.13600
-25.90849
4.01244
26.37493
8.35740
23.23765
2.68061
8.68709
36.61144
-48.44723
38.34076
7.78441
-57.25677
5.44653
97.90274
21.48293
-40.44832
14.67082
-25.26838
-77.41419
-18.48511
-3.80696
9.40911
-24.05849
-21.05586
-5.87973
3.11149
-23.50422
8.82180
-8.15622
-25.01225
8.60419
18.19017
3.10123
14.91756
-13.87646
30.87375
7.33283
12.45389
3.88816
26.42137
24.35549
0.64620
28.21489
-11.22414
23.40888
37.91107
-39.21884
-25.94200
-24.35830
-11.32721
-29.32604
-21.72268
56.91037
-44.10524
-14.50924
-21.14701
66.29730
-31.66087
-1.91546
38.18093
-35.94608
-27.24423
-7.21740
-2.70343
-27.13319
-3.15937
46.03555
-69.37088
-27.57534
7.62992
-66.73965
50.93814
-46.83895
9.05204
6.06848
-31.12402
79.83810
-13.02286
-28.05180
22.44658
8.71115
-68.33839
-5.41381
20.60353
-30.33650
33.53734
-48.59638
-17.82022
48.20376
6.32198
39.83811
25.26588
-32.71823
12.69835
-53.63560
-11.32769
16.30308
-17.43912
-44.00476
-6.35838
-16.84464
-44.17295
-17.81599
15.55458
-23.58077
14.79399
71.20387
-37.95344
19.05065
-43.17325
3.59506
-52.94193
-48.23988
-21.77331
13.90835
27.29952
-18.52080
30.56013
19.91701
-4.01037
13.90541
17.06597
-17.36389
-48.66688
-2.00027
-44.24871
2.23199
-5.25209
39.43389
33.02925
26.01139
-55.28073
-6.42939
-16.89131
-41.75041
-26.55536
20.03556
-45.57193
25.34691
-11.13592
75.86020
3.36099
-23.55176
-30.86860
-9.30505
-35.35172
-67.65656
-27.43338
-48.99737
-24.36184
33.82647
24.34448
15.04228
-42.67926
-61.01502
2.77402
-8.33373
6.53645
22.93356
-17.70714
19.56341
-70.50524
4.12347
-22.52289
3.21054
-56.64002
6.72903
-6.16094
9.42166
-9.85843
8.26102
-10.82016
-25.69802
-13.84997
41.22325
-7.46691
-30.84949
-23.25758
28.54154
26.51171
21.83241
7.51162
53.81410
-29.19169
-23.66581
52.83640
-7.83890
5.13968
-47.98616
-4.93525
15.53298
8.00607
-26.36240
14.44516
-8.47194
13.94819
-45.06548
-37.44146
41.45079
13.81233
-22.88411
-34.66216
0.08063
-15.19519
-33.76684
74.49635
9.51627
-31.83830
13.00288
8.72345
20.43371
-34.56311
-12.64561
-0.74624
16.33261
39.46773
30.72601
50.19242
-22.09342
-33.47492
-6.86205
-29.36222
-10.57321
60.78021
11.56629
-16.32370
9.24782
9.08564
-16.09734
46.55310
-20.69893
12.97624
-15.37324
-38.29246
-62.77486
-4.36634
-25.62400
-27.02148
-7.82832
-18.28235
37.99557
2.79977
-45.23343
3.38477
34.89562
-8.27278
-6.75768
-9.83631
14.59721
5.55020
9.45514
20.99707
7.10883
-2.29580
-35.63858
8.23526
-18.46976
5.00656
-6.90460
-23.56528
50.69919
-43.15551
-1.92904
37.35118
-38.12481
9.95709
16.19155
-23.88881
28.43652
-9.33075
0.29853
36.30477
-17.76134
-5.13730
8.47363
-54.57729
-40.90041
0.31630
0.21833
-5.20368
-8.80823
-36.40868
-51.55192
-17.13527
45.79001
65.87191
10.12587
18.30533
-19.98138
1.58487
-12.18662
-27.65652
40.01940
16.78806
-18.52459
-6.97939
8.29651
14.36398
2.42497
16.99745
-42.29127
3.47155
-29.36228
-5.54779
-47.13300
-10.18047
7.25259
-16.61559
114.86581
17.96644
-60.99390
-24.66298
55.35715
-21.80705
36.74092
-57.54092
-28.65001
-8.89590
-39.62923
-16.05192
36.25286
10.39659
28.07363
-42.96356
-31.18172
26.77786
16.76758
-30.42151
9.86325
-6.63852
-37.11255
-58.54459
25.09399
-18.69455
27.38513
-48.55040
-9.76923
-80.93696
-49.53507
-9.64203
18.09263
29.40695
28.23690
-31.10993
-17.41758
-13.86256
-46.99473
3.97911
-10.38901
36.14701
-37.60597
23.71335
61.80716
0.18271
-31.88126
5.46388
-23.59263
-18.49504
-10.12163
-52.88430
-7.32239
6.91660
41.50238
5.35539
32.63145
-17.69111
-22.11278
-37.92305
19.82046
31.47118
33.72817
22.52116
13.80850
-17.62450
-5.23032
-13.44943
0.48099
12.72319
18.49657
3.97924
-45.34041
-1.88691
33.89523
-29.41106
7.64161
3.61454
-47.32775
-26.55303
7.78689
35.02520
-0.89714
41.05051
18.39065
-19.13523
8.62174
-50.00458
18.81594
49.78600
66.58117
3.77248
-12.92322
2.04894
-26.43137
-8.62886
22.62940
17.18410
57.71926
-59.82759
64.91260
74.78022
-26.70868
-33.86393
20.45966
-12.73863
-10.30291
20.18914
29.73164
-90.08084
-21.32686
-29.85830
14.71998
-42.22386
-20.05456
-36.88700
-38.63778
28.82397
10.78719
-13.85456
39.55491
-4.77970
-121.45920
-49.77985
-7.30934
-23.16613
19.30432
-33.70862
-53.24055
-1.52702
-20.09807
-36.22077
39.79717
12.84675
-6.92741
-3.27919
8.27659
58.27583
-17.57668
-15.94013
-5.99422
-34.09999
39.75369
-43.34794
-65.01746
-5.35690
-18.08244
-46.39650
-2.61120
26.68459
37.35824
-10.14648
-35.60885
-13.28367
-7.01561
-44.47312
32.10514
4.23237
-30.43811
-40.62421
3.70431
33.42968
45.65034
16.11900
14.78474
-18.39179
-0.31272
-59.88582
53.09714
-16.18552
-10.61515
-14.33640
-46.59338
10.46531
19.80453
-1.03484
58.21001
-48.24652
41.46079
32.45167
-21.64379
-40.60526
22.49849
21.39227
-48.14318
35.97551
2.04087
-21.71510
-6.11018
-0.36198
10.41756
51.23391
70.38705
-35.17832
-11.15602
-44.55063
-11.39741
35.13888
-22.08147
-17.03898
16.65968
58.29179
80.01723
17.25892
22.63991
36.09105
-16.55766
26.26427
-1.16514
-67.19690
-13.64587
37.41123
1.34688
-9.30928
-18.13813
44.54527
-26.53714
-25.51060
38.51819
-10.50332
-2.00345
-38.33231
-18.30620
-47.05115
-32.78639
-3.26479
17.95118
15.81455
5.79953
5.45869
-44.92930
-33.70365
-13.19319
-70.30104
-32.87044
-61.00247
-18.67586
28.44746
1.87222
17.11383
-59.90831
12.07722
15.37648
27.38404
21.20615
-27.30618
3.42838
-12.54864
9.40552
52.03907
-45.16837
5.24373
15.80567
-18.12963
-19.88843
-7.98109
-4.09451
-0.08518
28.49741
30.46890
4.37791
38.23553
-10.89366
-10.12642
-85.48667
27.10369
62.91667
22.23901
-59.92956
31.72060
-33.64184
33.33499
3.12947
-29.52169
6.49792
-16.15386
-23.02953
-11.24930
21.06773
25.57759
-24.78302
-23.48831
10.62456
25.94280
-21.50444
-68.62749
8.65833
-13.44331
31.64421
9.44498
7.77027
3.25942
-49.46954
-12.14461
-0.06668
-43.51157
-21.94538
9.91118
58.39718
46.95143
24.53453
-0.74774
24.87994
-30.01756
14.14093
-10.38372
20.43872
-32.95991
26.42268
31.92490
-1.65944
-8.25410
-20.33567
23.67844
-5.30154
10.57438
-26.36391
6.22055
16.64583
-79.35660
32.26105
-41.79649
-9.94360
-16.45821
-51.98296
28.40975
63.31309
34.88935
6.79342
-21.84691
-6.39558
67.27601
25.93117
-26.31326
-32.06360
18.82373
-14.72733
-12.47337
-4.58089
63.29156
-14.55201
7.51404
35.19426
8.80066
-44.99450
43.69600
3.33007
-15.87360
-27.30559
-48.90513
-37.00642
36.73946
-18.03885
-21.84854
32.34421
-8.56832
-25.98533
-18.93307
-5.00042
74.11731
-10.15877
40.48908
24.79264
3.44287
-9.62116
7.86791
-5.90659
11.96217
-71.80526
64.98453
-8.99404
5.79086
27.77170
-8.46910
-34.58257
7.73261
-21.34248
-55.17871
-97.71210
35.72920
-6.76124
-15.58749
35.96172
-1.04465
4.98971
-3.36492
-15.51955
-24.95524
-0.27056
-28.90287
0.70493
-23.97978
3.18407
44.29311
-7.18519
43.67515
-4.79960
-28.65071
11.68914
8.41921
-24.61622
0.32304
-23.86768
11.87613
-9.90446
-21.67374
34.58457
-10.56384
45.99202
-20.03284
-20.70404
23.27107
-11.92626
45.37514
-47.80791
64.72330
-2.63765
38.71693
-5.76154
10.12959
17.28133
-33.88279
-23.55248
14.80573
-14.68515
-43.54665
11.09547
-24.52517
16.50899
56.28499
7.72007
4.65872
-52.52911
25.13161
-18.02399
-14.25130
29.34067
55.41838
-21.62615
34.70976
-1.79405
-9.39183
35.91227
4.73975
12.59426
-10.30758
34.05464
18.46075
-51.02909
-30.45320
-14.65012
-22.27891
70.02523
0.52213
26.11320
15.68628
-14.07637
4.13201
-4.28765
39.74645
39.01171
36.63518
-18.92565
-22.94490
34.95593
-24.98455
33.93288
-70.78932
42.97425
-3.85456
-0.74887
33.74288
-12.39012
-3.24627
23.06574
-14.27530
8.42901
28.60244
-24.89399
-7.42544
-27.99951
31.65278
16.90336
-1.87776
77.46859
-14.20904
55.05314
18.52621
15.69324
-10.48552
-19.23257
6.94459
46.83870
-3.63592
47.25027
-29.79146
26.57686
5.38323
-27.69160
-7.44727
39.83004
61.09603
-0.54398
22.24247
-40.03045
16.16488
5.21703
25.27946
18.41407
42.89321
-6.44692
17.03622
3.65113
-4.69536
-8.00299
-5.28613
3.87852
-51.24231
-27.00128
22.53296
-28.34678
-22.93151
-11.88199
-28.36615
22.38370
-0.12305
-0.36214
-37.34886
6.56450
-42.81380
-55.75744
-12.24882
78.96573
-4.56407
-29.18865
63.60536
-11.36802
58.06481
7.86337
40.91335
35.51053
62.02343
34.50241
-13.75880
2.71179
-26.46933
14.07393
-16.98056
47.21779
27.65485
-10.53368
2.55492
54.24507
-33.62148
70.76688
28.13042
40.02944
39.75604
-5.19064
16.65761
-34.62639
19.51384
57.37562
15.55615
-47.70979
-19.29312
39.48272
-7.64740
-36.93701
10.86226
63.10296
5.37064
11.96824
11.86773
-23.76768
-7.10119
-5.12019
12.70303
12.00861
-33.61945
35.11595
-24.82442
35.19922
-26.89342
-0.05661
4.40190
-19.66860
13.36431
41.12577
51.37599
28.51389
45.32913
1.27457
-3.83602
-4.62579
-6.51606
-39.24552
-2.43372
-21.58081
20.14833
36.59616
-9.80666
5.72548
7.14337
35.68265
16.19177
7.29874
25.19594
68.57011
39.82369
37.91632
25.91651
51.13118
39.14539
0.16609
16.28898
-22.58842
2.01618
33.65664
-0.03054
-13.68432
-12.01524
-6.31733
55.90603
21.88774
-16.63153
-6.75487
-5.89925
-19.93834
-11.89560
5.78889
-4.51854
31.66066
-40.59857
18.36574
-3.81648
-3.40856
-29.60336
32.02118
-61.17122
15.18746
15.19340
-18.95891
12.76049
39.04111
6.49819
4.52483
21.19324
34.72496
-33.62630
-0.52099
25.79071
-17.12683
12.10584
29.59730
-1.66341
-17.62095
-7.63897
-6.75990
-14.23219
27.49854
-3.92494
-28.79513
-28.03577
27.17836
37.35020
29.33958
-21.95728
27.95371
-29.77390
5.46388
-35.06564
-38.83321
-41.13642
18.73143
77.32477
-6.97209
23.36025
12.32570
13.11418
-33.80011
-28.21430
22.42818
27.12128
3.06487
0.89294
64.75680
-33.53884
-40.91336
23.10645
-11.86067
48.36773
-19.21141
-46.02595
-2.68564
31.27249
-39.84992
-26.21341
11.16635
-9.42783
-48.54083
-14.06840
2.49873
-16.15803
30.40947
7.99617
-16.20135
17.13132
-14.06677
59.72294
-4.53571
-11.38202
-40.86182
-17.27775
2.22911
41.97785
17.63398
-43.00861
27.60599
-64.22664
49.15325
0.17590
-29.64771
29.33866
27.99383
-13.91721
74.08271
-31.23196
14.10128
-14.54804
37.32418
-11.73910
13.96114
-49.39454
-61.51092
30.07398
-58.22957
-7.65487
2.00932
6.87162
37.85485
2.44291
-1.06112
-68.60735
-46.75859
10.63404
14.29561
23.89974
-14.96938
-27.97915
-16.12890
30.12990
16.61020
-7.20953
-42.92971
22.77717
30.32755
11.77936
-34.29964
-3.53341
-14.19462
36.12935
10.54810
-16.91683
55.61503
2.56625
-36.55610
3.67093
17.33664
-4.97133
4.57904
26.47077
-39.86831
-28.74247
-5.80200
25.27999
18.56165
0.83874
26.35736
-12.87083
-8.76568
-13.44080
0.47140
-22.71678
2.24209
-23.79742
-3.88174
98.36214
-16.06392
-40.32186
67.54798
-29.78111
-1.90897
34.15816
-16.71400
26.16812
42.47513
4.69843
3.18675
-8.27625
3.55131
-41.96861
-13.49653
34.03664
-16.46454
-64.04840
36.91083
-3.81397
-12.61405
23.74845
-4.63036
-19.66519
-28.64125
-17.29623
-30.93016
42.38064
34.97075
48.74526
-29.72581
-37.88740
29.95040
-23.68722
14.15412
5.50878
42.25686
-6.53317
62.23013
-29.29591
28.50656
-9.74267
1.56695
-16.82150
29.58185
-7.49336
0.56524
14.35447
-33.62053
63.85887
15.28078
-46.27830
29.00475
-22.99023
-28.04506
-10.11428
37.29314
14.29196
-43.73092
40.15396
21.05682
33.63658
-26.42600
-20.64659
-43.19843
23.01143
-35.86039
-38.83598
1.56452
-33.10962
24.23219
-58.07972
43.57258
-63.05872
-13.14289
-2.56208
-24.71429
-3.24581
-44.59434
-53.68129
-55.05240
23.30408
34.49946
-17.52722
-26.32699
-5.69721
30.27829
9.75970
5.43817
-19.97220
14.63347
-46.89189
15.88924
-30.81844
60.02665
16.10322
-14.77097
-1.79894
21.74816
14.79081
-10.12061
-14.20805
5.77543
59.72873
-24.75565
40.12664
2.38766
-16.81219
37.81855
-3.71729
-36.32628
50.61481
57.49454
-29.69543
56.24022
-0.74180
-1.45117
36.89114
-29.31432
34.75846
-1.80737
1.75690
17.42074
-0.23117
-22.30736
35.98217
41.13962
-4.64551
-25.19535
-17.90874
18.75051
-26.56843
-12.97514
23.34392
34.43056
59.55610
35.91446
-26.11117
40.14905
10.63820
32.92465
-2.92743
-21.53454
58.85192
-1.07610
12.62172
-0.68426
3.67032
-20.35262
3.59808
22.85004
-39.96568
-16.61444
-25.26504
-25.42054
3.62692
31.51570
14.53671
12.10840
-8.11269
-64.72804
-6.28401
1.57694
50.75909
-10.91542
25.91579
-30.74797
4.57595
8.48928
18.77351
-31.35428
-3.56179
-33.74153
-2.44075
-51.69069
16.83689
16.84856
34.81217
-2.52104
30.87731
-11.38300
-80.67852
42.27006
-21.82243
6.15147
8.22863
-28.52330
-24.11959
-33.11668
10.10848
-22.65597
-30.61442
-20.48500
16.53537
70.08192
28.33703
-20.91322
21.21212
-33.33436
13.43290
52.57270
23.18229
-0.29177
-19.96895
-32.32860
30.95198
-11.28737
-12.36079
-4.41330
1.56350
34.03420
-26.09999
-11.97219
44.18527
15.01134
-20.87656
24.21975
-7.14899
-2.52435
47.87880
23.47439
3.97146
12.20427
39.34953
-80.50552
53.05912
31.82809
87.92346
14.73707
40.63673
-1.92939
-21.34533
-15.68050
-9.49659
-0.36050
-44.42157
-13.64762
-26.29313
-49.30117
-63.89228
35.87969
29.77088
-2.96352
-27.81531
6.93700
40.26552
37.06841
-36.74239
36.03805
-1.47162
13.93354
-44.10833
2.73359
8.70704
10.11673
18.68039
48.05705
-16.62241
-7.57864
-4.14802
18.78948
-0.93832
6.74040
8.54860
-2.91880
-48.67567
3.78205
-4.35373
63.11249
-14.23490
-8.66220
-9.02874
34.13704
35.62962
44.24975
-38.96798
5.39075
-38.01242
18.05352
39.11311
-44.82160
10.44000
22.74847
39.35021
56.74222
23.87312
-42.95694
13.09773
37.91836
23.91061
9.09901
-2.39083
44.86039
34.00411
90.89683
-10.94738
-35.23701
7.04129
-30.98150
5.05295
-8.16515
-22.12259
-29.03760
-6.32929
23.43642
49.18742
-32.29270
-5.83339
-49.24092
-11.75191
-43.62139
-4.55313
50.31057
-36.20587
-12.51691
-23.32978
30.92220
-33.16160
-55.73991
22.80413
8.58653
47.05338
-4.98551
-60.12612
-15.55229
10.24950
-10.84641
36.60189
-6.09165
28.76834
-21.88968
30.16305
56.40122
4.64619
8.08879
-24.88327
39.55772
35.08270
32.91586
-12.22509
9.90312
36.45498
0.81979
-24.29479
22.94004
-38.80988
-11.17693
-24.59232
-41.21800
-44.38274
-21.00364
31.33092
-10.00068
-27.96232
32.05786
-70.85206
59.49009
4.42030
-10.42995
-5.27493
-0.62644
-75.53607
14.52046
20.04619
0.92692
-26.50465
2.12878
-32.87995
22.35874
-26.69941
-31.84646
65.64912
-1.76583
26.45467
-12.35141
10.85007
28.55990
-32.26855
21.73485
38.18027
20.15612
-18.89309
32.64877
-14.02979
4.67673
-21.00431
27.05449
-31.54962
-13.34371
-16.82735
36.52969
3.27439
30.72143
-23.41891
-15.89271
-6.55118
12.36329
-41.29696
3.92316
-26.08793
-13.52039
-40.66114
-29.90997
-86.78348
21.35813
-18.61551
56.35694
-59.77269
-19.56999
28.96350
19.78289
28.02182
59.01884
-17.66277
-26.79789
-8.46639
8.53621
-4.12026
-30.05717
-4.64305
-19.61184
3.48795
-28.92273
-83.55374
-13.87985
-8.77537
-32.45350
7.65998
-39.87501
10.18777
5.32320
-17.35576
-23.46228
21.47162
24.28811
-24.68665
10.43939
-56.93859
-42.59931
-13.58840
-70.11063
1.77901
-36.06951
-35.67324
12.58147
8.33628
-34.46327
28.91421
-20.31872
57.67822
7.35616
5.96091
-32.65614
9.30183
-18.02007
14.89833
33.33524
33.94499
8.30165
23.05067
24.35531
-71.79786
-59.33314
20.13637
-26.54710
-18.45662
23.72897
-19.47992
24.46790
-0.72391
22.44385
24.81935
-15.76036
-8.33866
-25.56080
-54.19206
-67.29639
-23.20086
18.84455
-10.61830
0.43293
-50.09310
19.33008
7.21318
-36.30568
8.77471
7.79096
8.81110
-11.52525
-15.32670
32.77845
-30.28885
-12.38990
39.23969
2.27495
-16.38842
67.69574
-7.24571
-36.69378
-17.92253
-15.30982
5.39746
-6.29765
7.73951
14.83883
8.80990
-49.53174
0.40192
17.09711
43.48782
-44.43628
23.62401
17.78047
-67.28513
-6.40157
-38.75460
-20.33003
11.89227
23.66803
-46.58767
6.60521
-35.51033
29.85226
-35.27777
-43.22315
-10.34304
-0.89963
-28.48495
25.88702
-19.23330
10.62849
38.45467
-76.58928
19.47777
-74.82296
-28.03706
55.14633
-13.95507
-24.52497
8.12043
3.32729
17.97443
-19.14678
39.31557
-5.75970
-2.39906
26.08107
43.95760
1.73302
30.71936
-3.66269
38.62841
-13.75923
16.50520
-35.93227
3.56870
-31.49050
-18.34272
27.32040
0.28736
22.80349
24.16008
-37.19726
10.80505
41.38037
-4.75091
-5.01955
25.13929
-47.80745
16.34565
7.37019
-13.70072
12.51512
-37.98192
-6.80708
24.42181
36.25016
-19.95308
27.12035
-73.83382
-18.41547
-11.04647
14.92560
-10.06610
-0.47438
-11.12049
77.39383
13.96852
6.27224
-13.82332
18.80541
53.75074
4.29222
51.95978
11.31413
-33.75437
14.89022
-10.91549
37.71480
-43.15864
-3.65652
-12.82991
-7.43489
-49.91000
25.13972
-43.80485
-28.66331
-5.08129
-2.47801
-3.90564
-27.40114
19.35075
-20.29190
-8.52281
-8.30129
11.17295
5.33543
0.81688
-9.22307
-22.01978
-0.00263
37.98124
-26.82628
-11.48292
-6.92253
34.55010
-13.69160
53.47513
-51.30450
-13.32661
-65.66574
26.56516
-20.57969
42.79399
79.41160
13.02433
20.28788
-84.10324
1.71306
-4.98165
2.05072
23.26799
-10.67738
5.47521
31.83865
16.74437
-15.54174
31.30195
-12.48892
-51.54092
-5.90911
51.46495
-38.05165
-24.15188
29.29192
-20.44102
38.34680
-7.34046
-0.60117
52.67856
3.42314
-15.08313
43.26624
-17.48625
-19.75551
31.61496
5.45764
17.51793
35.97665
-45.07038
43.60078
-45.05430
-1.68021
0.44023
-21.92818
-4.07210
-55.16194
30.35309
17.54620
-3.93517
-25.54346
2.21241
-23.76517
-11.95984
-21.85023
-63.92831
-64.41842
-17.48892
-33.43765
-11.22853
-29.80367
37.34578
-64.87532
9.30666
37.40015
-29.07627
-14.22912
-31.16218
23.21403
43.75851
-18.78119
0.63447
-21.98094
0.23455
-18.36477
-22.72755
-20.35864
21.32643
56.44733
-31.86419
25.91843
-13.81481
3.65847
10.46845
-31.00831
8.04663
11.90497
-24.71933
2.18503
3.81091
19.55009
27.01512
-3.74480
-13.33230
37.31563
18.70070
6.02305
-22.65532
-23.16154
-29.79447
24.06902
-26.37172
45.60333
37.87274
-17.30909
27.05530
-26.16049
-31.36067
-14.60286
31.07429
-12.40445
-4.42051
8.53543
-52.14632
-21.00367
18.31437
-17.01117
-11.83980
-23.01993
-22.04677
16.12163
-14.97583
4.78641
21.80092
10.21960
-34.66156
-13.98884
47.79550
-25.01720
41.26962
20.59782
-6.34831
51.29834
68.22450
13.01244
-19.00400
10.21217
-41.03674
39.82434
1.61527
34.71169
2.67394
-17.24914
-2.04220
-7.57434
14.64692
-7.08592
5.95535
14.26244
-47.58004
2.06814
-5.29326
8.76805
20.67305
31.05313
-6.64839
-24.19029
-70.54354
6.79635
-60.05593
1.40653
-15.83532
-42.97387
-41.99504
-62.66258
24.06695
-30.58013
21.50554
8.58473
10.93225
-31.29385
10.02024
31.76732
-64.97031
3.75878
20.14859
-15.57312
-0.08707
60.11204
-46.43306
-39.15438
25.64693
-15.18963
21.73289
-48.33329
-34.64131
13.13610
3.34803
32.04737
-13.75410
-12.73304
27.64862
-49.68338
-7.88698
-36.44174
10.78237
69.91243
10.06779
13.71106
9.72138
-24.96538
-5.02402
-13.35377
71.16889
39.95750
15.99921
-40.53693
51.54137
-58.06086
33.85278
45.43596
-31.69293
-5.15706
-6.44018
35.00524
-14.15565
10.92182
-4.35252
43.60474
30.70800
25.80401
47.16511
-15.18223
12.50508
-38.48497
22.26423
-26.86656
-16.54623
-29.52761
35.32197
14.89950
-3.13731
32.20854
19.57771
36.62797
-12.19998
-10.15485
10.08765
77.77043
33.92321
22.44397
33.56911
-37.59451
3.47043
25.64394
64.18230
-14.78020
-31.59551
-28.20100
-18.90567
-12.20954
50.00781
-17.33431
23.05581
-1.97852
55.98283
-50.18350
-55.44448
-46.45560
-3.36223
-14.18566
-46.84363
2.42980
61.63016
11.34345
4.61661
6.69288
-13.25670
19.79473
2.55259
-5.01841
-4.23719
-7.71245
16.44234
18.07990
43.73176
-1.43749
-36.35307
-22.12985
26.43098
-16.85130
-13.25312
-18.94225
-2.95972
-16.11284
-1.34017
8.12692
-55.19573
-24.52731
6.19428
62.08337
24.46862
-9.97088
22.94021
5.34331
-48.64018
3.92503
-27.61504
48.60817
48.94057
-27.93718
-8.11112
39.83680
-4.04811
48.32823
19.33155
40.57046
31.39743
13.34306
-31.32817
5.30364
28.51869
77.62549
7.88339
-1.43404
0.92999
-65.21466
26.72367
-34.93050
-27.11667
-22.65631
9.81410
-29.11618
-26.96247
-23.92057
17.12684
55.44783
-37.49648
-7.92117
11.19622
-9.95271
14.10831
34.78909
-30.32549
54.07452
53.97147
32.18871
-3.76207
17.86219
-4.01629
-11.70354
-22.78029
-1.64800
2.42872
-15.03392
-48.68102
-55.58070
-40.35184
2.33220
4.68486
49.91784
-96.30646
-28.11584
-8.31944
16.37560
39.25380
-39.64310
65.31174
7.13146
6.96111
3.01099
-24.63156
-41.67622
58.74277
-3.09325
-25.31968
-9.48953
-6.29596
15.00629
-17.48318
-15.54563
3.32262
-80.45652
-11.00200
26.99451
-58.67498
-14.97816
-21.75081
-3.91144
-4.96426
31.72694
23.60866
21.42450
16.66789
-7.32678
-41.63306
-4.36420
-10.21589
60.38132
-21.82732
22.94768
-18.75907
-22.63719
-6.00580
3.07769
12.20238
16.50980
26.78847
27.60266
-16.46519
12.40894
2.98992
3.09138
-13.00855
25.53598
-17.52916
32.31593
-59.19530
-49.55217
-32.74592
-31.33540
-3.29163
-9.97266
-0.96370
0.67159
11.06758
25.40819
4.53165
6.50730
-22.59156
12.06317
19.77037
2.71286
21.69710
26.19601
4.61236
-14.60664
-63.52163
-50.72777
33.14577
28.30387
-4.72095
-3.95205
-42.25322
-25.52381
-16.83489
51.22495
18.29703
-22.05907
42.45302
11.84872
-46.41632
-74.72161
11.60726
57.48797
14.77380
5.42509
6.50021
-23.91480
-79.94029
-10.93673
9.94434
-4.86596
50.27221
-17.67347
42.75399
-10.07862
20.70183
62.94697
-56.14132
41.45791
-42.69525
28.54615
-13.69483
14.53797
-15.92391
-23.27953
-50.15708
-12.93325
46.87752
-44.09349
2.10101
32.94594
5.35527
1.31683
26.87744
-2.79574
15.29975
-14.93680
-1.46294
-26.28822
36.93351
1.95386
10.62240
10.03401
44.84104
53.91496
-24.37162
-3.32468
-15.26298
34.29184
-48.99552
-23.58034
-10.01185
3.80296
5.74373
-23.93505
-8.51903
-8.69552
-13.39833
-14.77315
42.15983
-40.52928
-25.28796
-86.20957
-31.16222
-8.91996
0.48429
-47.47694
-25.51804
-85.95038
17.83447
45.81214
36.38259
-73.18792
15.94105
45.34729
30.98105
59.82795
-2.96392
16.90721
-9.84882
-51.95078
-10.84277
5.42472
-44.25774
16.39001
12.26517
-22.09044
-25.55736
-3.17087
54.62593
-29.13043
-16.89610
-15.81989
-22.10711
30.01019
-24.40463
3.44136
47.13925
5.81443
40.10833
-50.02234
10.43752
-13.18463
47.63732
-82.89040
53.33827
-11.64142
-26.45794
-14.65955
22.63732
53.74078
32.78652
-23.20565
-16.78053
-44.99914
-6.17184
-64.78453
-0.78300
18.80226
4.26481
3.12721
-15.08467
1.45969
-4.14768
8.35941
0.11013
-8.59341
-5.80796
-16.26547
18.51223
-19.55091
58.84228
12.81602
-34.58970
-17.81840
27.60545
-18.73337
-31.38335
-15.83045
-7.10608
4.36643
6.05235
42.72038
34.44306
-19.45524
-38.36714
50.24234
-0.93747
56.35225
-12.64479
20.29728
7.03355
-45.54626
-40.40227
-12.08835
-11.04822
-1.24345
20.44914
-22.01510
-5.15771
4.40253
-50.28230
8.58600
0.93827
52.61724
-11.89746
-20.76686
22.27592
24.01296
-17.45244
-34.59074
13.75298
-41.95553
38.33048
40.69479
-39.75898
-19.02824
27.56775
20.64081
26.13757
-6.35641
-51.29585
-57.50776
-22.76055
-12.00406
-28.62363
-4.18787
-23.46598
28.26286
-25.94011
21.80387
-1.28798
-54.54911
31.71132
4.85278
-21.27009
47.34487
68.21346
-9.81086
22.92999
-34.78019
43.90117
-30.73459
-45.74921
-27.38665
-32.17694
-21.52505
6.24898
-60.67777
41.24892
40.35209
-45.22645
31.13261
0.67558
-5.27889
35.82682
67.01425
-24.09904
35.94026
-30.11503
29.15233
-1.70201
-41.88862
31.92971
-31.49130
-34.73265
-6.17138
-32.41466
-56.72773
-21.39007
-13.50439
-4.98140
-44.15558
68.04689
-29.01427
34.84482
35.97017
55.18841
-19.32409
-14.65614
29.12067
-50.84211
-11.02378
32.46459
-17.60873
-42.57736
-16.85082
-18.46065
-78.16136
35.96363
25.35942
-53.17273
-13.34335
11.81161
10.28211
-48.54888
1.00406
27.00304
17.79948
8.43182
-14.17318
7.43348
-40.91826
4.83624
19.99836
0.92146
14.24635
4.23007
-3.61712
8.64090
-20.29150
-44.36301
-13.98181
10.95501
-1.52510
13.33914
-6.67738
-11.56894
-11.29920
-44.70316
72.82755
-28.27063
49.35831
37.15653
17.27894
5.23101
12.53331
8.97620
7.60286
-15.06494
34.04283
1.37520
-42.50836
59.09602
14.27149
7.37194
-21.84590
-66.57863
53.06958
-49.75350
-15.10111
25.08310
10.36299
46.64020
-1.99879
-1.21965
0.75660
19.03299
0.95723
-24.39509
-34.23452
-15.97510
25.39436
5.59911
-52.49738
41.50409
25.23417
10.67920
48.89694
27.59562
-22.25520
-68.11238
8.86804
-24.84992
-24.23806
7.92949
-39.36881
-11.03047
-38.57533
18.04494
-57.48760
-49.18777
39.60904
1.21160
-64.07751
-74.71856
-13.75170
-7.50399
28.05560
38.25933
-17.59710
17.23525
-1.03461
-8.37014
-0.63719
5.26593
14.07159
24.50705
52.06470
-2.12010
-22.89650
8.47827
-21.75773
20.73363
-24.95272
21.12420
-35.32983
0.95603
-20.41051
-8.87939
-26.44226
-37.31981
-45.05643
-51.31276
-20.17371
-19.36803
-1.13599
4.25405
9.29292
24.00558
-23.14815
-7.24668
-30.24814
5.19401
41.63642
24.74038
34.92246
-30.49776
-62.73615
44.73656
49.10658
10.19490
-38.11791
-28.18715
-6.55400
-21.12807
-4.25881
-10.57677
-6.37631
2.76551
49.12330
-54.81724
-25.48791
12.21987
-25.87762
1.97535
9.28197
-19.96177
-51.30407
4.92721
-27.66207
39.89877
8.54831
74.51544
7.60630
0.73135
9.49377
-12.50560
11.85227
-63.28038
-42.87351
35.80823
28.25697
-1.68256
23.03932
-12.16066
7.27520
3.31801
-27.34113
17.82142
5.60494
15.21642
13.85228
-22.87186
96.12286
-3.51285
-15.93017
47.13865
-3.39922
31.00672
47.85291
-34.20296
-13.63016
-48.08675
-62.84796
-8.63952
0.66493
17.24481
7.02646
-1.02811
40.77332
4.03596
-25.33732
-6.60843
15.50195
-5.46804
56.22092
-27.19291
-31.45443
19.72225
34.13237
26.16388
-6.98916
-2.10598
-45.27784
3.33824
-12.48625
-9.78731
32.22306
-12.38463
15.31956
-10.03217
2.02867
26.18525
74.97346
54.15108
-57.66981
-40.44189
22.31944
-51.59840
-24.71523
23.33938
-45.45796
1.32142
-5.26956
20.42583
10.41594
-26.41774
-0.19226
9.37268
-25.07195
-4.03189
-14.07372
22.94441
8.74393
20.16810
4.13622
-16.32850
-6.34085
16.94796
66.08370
-25.21374
4.90406
14.04021
-37.38487
-47.69054
17.02860
6.77436
27.37214
-83.04247
22.42122
6.37209
-14.33504
43.44388
-11.77205
-9.14488
68.66380
-14.43388
22.55742
8.06170
-1.15443
-50.02355
42.46815
-20.48755
-20.78788
-19.23166
20.50791
-41.53389
-18.56141
10.47608
-6.50700
-23.71351
17.00618
7.95271
-1.89054
1.25444
-19.43372
-20.85474
-83.82535
8.90850
-4.33837
53.53133
8.24400
36.90783
16.13264
30.80706
26.91214
-30.77376
-26.50077
3.31912
4.73960
-67.32551
14.82280
-9.22820
66.14943
-5.18207
-1.55094
26.53605
10.33043
23.99199
-36.36129
75.04397
24.93924
12.45386
-14.67787
-4.46140
-22.09679
22.23631
3.26400
-1.28200
0.52286
-41.39992
-2.55891
18.45209
3.64463
51.71354
-11.84147
3.44683
5.02580
25.91198
38.88674
-6.32571
11.89139
-53.56658
-11.38157
-79.95712
23.79251
-10.78516
-29.26897
-2.44216
16.02508
-43.45173
8.24261
30.19535
1.98775
-27.91326
20.61615
-10.29627
-2.44585
6.34280
15.05009
20.91287
-10.99722
33.59084
58.70810
0.09731
-63.89319
-0.67530
-28.94437
-15.97001
8.46150
-57.59307
11.01607
-41.78828
-2.77549
62.97540
-55.58386
7.58864
38.28620
-0.84659
-43.58133
39.27896
-52.50856
-22.76610
-3.99713
-20.74405
-7.33176
34.51281
-15.51313
2.22059
-69.74565
60.18060
27.27146
-84.60192
-17.51739
1.58017
-21.52436
6.74050
-62.01720
-27.01338
-7.22184
16.27583
-38.09740
-2.98462
64.68266
63.86569
-56.07361
-73.71655
-15.56598
-24.10794
-45.67535
21.53131
-22.83545
-16.58303
-6.32373
-29.91574
-22.64198
-28.89631
22.01352
-4.08475
39.77787
-2.37810
-44.12026
-26.96108
-3.97368
-16.65083
11.87027
9.47271
-64.17119
-19.61566
17.98741
30.38523
25.36018
-16.00575
-44.00211
-30.07643
14.72437
-64.30165
-5.58832
-37.27915
-8.69814
33.90972
-36.95417
9.41465
6.57997
-29.91109
-29.53384
-10.97937
-19.84148
18.46352
13.21127
-38.46114
-28.48735
23.77474
24.35252
-29.29935
18.73818
34.26725
17.72814
-11.42293
-40.94725
24.23340
-25.86999
-8.05892
7.49429
-32.48679
9.16227
27.92573
51.34757
-43.03914
-39.20079
-34.62873
15.00935
40.51472
-38.56331
-9.49497
57.31006
25.55428
33.45709
-9.43709
22.22500
35.61419
-39.25866
-3.89313
18.59987
12.70946
-60.14273
18.22363
8.50986
2.16342
5.59133
29.60882
-62.56762
-35.40809
-5.73593
-15.83237
-5.69374
-29.88929
-59.76027
12.51001
39.63526
18.49224
13.21385
71.94365
-28.89997
3.26326
-27.83719
-5.83513
70.15644
30.72031
-32.28772
-12.50035
-20.24074
-35.47025
6.89500
17.00543
-11.31524
21.62565
23.55354
6.56417
8.13682
-4.50889
-32.42946
-58.39298
-9.98731
-4.14219
19.19389
34.48454
-16.52103
36.57624
29.73805
2.65842
14.72259
-2.71090
-13.74239
-18.26724
-2.62461
33.09811
-13.06778
4.25769
13.40115
6.97306
-48.70482
5.28386
-11.83654
-2.46562
-15.46109
-1.18541
28.11787
-36.52487
21.16091
16.62676
16.57758
-9.26464
-18.54574
20.89734
5.85456
24.42705
11.10209
49.45786
-21.40562
-17.69471
-26.53270
45.53031
-26.99323
-39.72276
34.52646
-2.14741
39.15006
9.70980
10.91296
-61.79532
12.79380
-59.93216
-10.35986
12.49611
-48.42097
8.52287
20.04340
-9.17162
-12.17039
14.57001
-45.72023
37.50607
14.71131
22.26530
-13.03835
30.10654
91.32467
-12.06798
60.29185
-12.48978
35.87984
18.43653
3.21427
7.78256
-17.89559
-47.23379
35.09650
-64.30630
-59.37243
26.83837
-56.14685
1.24755
-24.42823
-32.62802
-35.21193
30.54010
12.01265
-58.98032
6.75901
-0.38156
-30.01848
-10.32429
-28.41749
-2.56737
-8.51618
-13.93691
34.63795
1.66156
21.98538
-13.87616
11.49090
-6.31153
31.10754
22.81162
-20.16914
-6.84693
-11.57047
-8.81638
-17.33579
47.65715
25.66861
24.13473
22.36873
36.38643
-60.91631
16.92434
-14.18598
-21.37052
39.40087
19.91463
1.89814
55.18308
12.92474
35.15010
6.70007
19.42277
-3.44119
40.19400
-38.98265
-20.02974
-5.62639
6.70219
-2.02068
-16.81611
18.27742
-11.40349
-46.71186
-24.51814
-2.90305
3.95531
-32.06380
22.60490
23.58551
-2.47528
-6.56857
-15.49611
16.44867
5.80878
-35.37063
-28.27191
14.49944
-25.83040
-1.65982
17.36410
5.41278
-16.35463
21.77324
31.90545
-34.29671
-5.96761
7.93310
-26.45564
6.43283
-30.34145
-30.93077
22.14748
-27.85896
-30.51070
-7.60223
-35.26594
-29.55308
-10.05367
11.55216
44.05935
-52.92772
22.91200
-0.31260
43.47264
46.80488
-40.88370
-3.68931
6.12775
-37.90862
0.75473
-15.27667
57.02653
-25.14600
31.65513
17.34109
33.59239
30.01689
1.19307
-7.03979
-0.06696
-7.37368
-4.32427
49.07433
-51.86258
-28.74630
-14.46810
-1.12799
26.90582
45.60013
2.82283
22.00095
-32.23832
-15.39171
-49.82873
-90.16052
9.56001
19.22543
38.69495
47.95056
16.88792
-6.40150
4.92035
-29.10318
-42.24598
72.95503
20.16785
-52.88391
-4.43144
-27.57557
-35.56719
-28.02992
-1.41061
1.66604
-8.98283
51.00265
13.88040
47.54857
-28.72742
9.71405
-21.65329
-29.58421
-37.33499
9.23592
-69.50342
11.41377
-12.65791
53.11420
-64.58956
-35.16168
-87.74766
-39.63305
-0.69793
49.82962
11.70756
-3.76869
-15.48889
16.68588
0.09881
-12.18741
5.31867
-38.94918
21.31265
-2.47990
58.23107
-60.89498
-30.05195
-5.82469
11.41244
-13.84367
-19.45693
-20.69873
24.66330
-17.47806
-7.48331
-17.36563
-56.64363
17.19842
-36.86553
-3.38456
-16.26984
-20.42902
43.41001
-32.27069
-11.13517
12.40318
-17.86728
-11.95024
-10.48999
26.78398
-8.21906
15.11112
3.11755
-33.68682
-59.66611
-37.24060
32.99129
12.83878
5.16595
54.48216
8.35618
-21.07553
14.52737
-32.06424
64.07442
40.69226
-15.43509
0.16660
-41.11083
24.08134
-15.76425
26.25925
-3.43283
-35.09516
25.21423
48.00074
-16.08808
11.23404
20.49483
-0.33642
-54.28005
1.33572
19.45502
-20.99378
8.66595
-32.05085
31.33389
17.99013
17.95487
-33.49311
25.69433
9.29504
44.54081
-45.09123
-11.12895
-8.29917
33.89307
10.32399
16.85977
10.96711
2.88766
67.58816
22.06725
-37.83911
7.17104
47.85102
-30.05760
25.85288
-20.07212
-0.50168
-33.41534
12.22172
-58.37180
-20.49824
-37.43253
34.50807
-25.83714
-18.96995
34.44996
-50.03005
22.04862
-30.12401
-42.05014
9.55063
-20.29475
38.39791
-4.39765
5.59787
21.44909
-24.97432
24.23175
21.58015
-47.24590
-16.48827
27.76306
48.71805
49.75314
34.24863
-0.89274
11.44509
-15.08870
-4.99217
0.03827
-42.25683
36.66847
-3.13922
37.62181
-58.05953
13.31044
-24.03854
-21.80685
9.69800
18.08060
29.67896
-56.35068
42.52783
-9.60945
12.87906
3.45615
-24.50014
3.05272
34.90882
-41.03937
-16.18888
45.08548
-5.61583
6.20815
-14.74753
-43.89267
9.10359
-47.75287
14.77560
36.46092
47.75140
-58.93836
17.69359
3.93835
-52.77082
44.47867
18.20640
-17.01994
32.08592
39.53667
16.32903
-53.62634
0.50219
8.12258
16.09097
-27.66356
-22.18952
-7.52981
11.77313
-54.83286
29.99800
-31.96489
-9.27337
-12.51777
-15.76650
1.09756
10.16199
72.09183
36.23447
-6.74095
-68.30853
-16.58314
-41.27064
57.21881
40.55995
-26.46939
-44.37639
-6.55049
-29.52389
19.52596
-31.92104
12.57201
-12.46594
-42.97304
48.85738
-49.14033
3.33097
-38.22130
4.11522
-6.96992
-17.17734
-29.10601
-26.68019
-39.36634
29.71316
-32.48484
-28.33543
11.50342
-2.57631
51.68092
-3.26392
-46.53174
-26.36478
9.77162
6.43536
-0.83841
-36.00472
-13.19380
-18.62680
29.48964
-28.18955
-24.85863
15.63345
-33.11327
-87.41336
-16.50266
50.05782
9.42935
-57.70061
-49.99655
-36.38699
40.55341
-3.92055
-30.24260
17.45662
-44.17477
51.64012
-15.45189
44.36817
4.23200
-77.30080
-18.58119
19.20488
-22.68205
33.08221
-5.39723
-30.27259
-25.75502
-58.33547
11.15414
-5.55126
1.49298
35.33908
2.21135
-7.42673
12.58734
-32.40201
20.38113
-55.69662
19.68463
-69.94525
18.44970
-70.30075
-53.54548
12.27881
9.52792
-13.86851
4.53760
29.36544
28.54034
27.08531
22.24492
70.77903
-30.05528
13.86602
-9.40980
-4.22474
-23.01450
8.07555
15.06946
-15.04110
-21.84701
-7.52390
38.03736
23.43884
-16.54747
-25.70458
69.12182
64.27242
-14.55252
53.46683
19.90032
-17.01053
24.78416
-21.22132
-16.47102
-8.09469
-38.13507
-24.76041
-9.01301
-34.34752
25.74458
-40.15898
-17.95056
-11.00491
29.98792
49.19775
-10.23986
-14.44931
-7.15797
5.34822
20.39668
-25.18859
31.36375
3.07751
-15.55131
-25.29590
14.62604
11.65007
-65.77426
-36.05040
32.35829
-12.43378
7.20747
-12.74106
1.58644
13.81280
-38.79602
-48.46052
54.64826
8.38910
-28.46700
-9.37545
-7.17277
38.73347
38.37822
32.21852
-22.12113
-14.83154
-18.34229
-13.29739
-42.62062
3.35725
-8.75763
66.28180
24.47168
26.65295
5.12291
-31.62032
25.99841
-52.16926
22.15889
44.96918
4.18579
-10.07248
25.97059
8.48815
-39.83393
35.88898
48.01532
-22.57679
14.60835
14.08673
2.64180
-24.71352
26.22767
27.26309
-28.72203
17.94742
8.43146
10.09312
7.74186
-13.58304
-8.02435
13.75494
12.33435
20.58888
28.92515
-6.19371
-3.46408
-23.16404
48.03743
-51.23940
33.00538
-69.02882
-18.49773
46.35524
-11.01083
28.19105
52.33714
-36.50354
22.34203
30.22354
85.58585
54.48695
0.80946
1.57682
-5.62480
8.65410
25.44623
13.18984
-52.89536
18.57260
-15.20028
21.22115
-44.32351
-28.76129
8.63707
-58.64216
23.46967
-26.57305
9.73355
-16.77369
4.40160
6.08087
3.76545
41.30686
-30.41954
-48.79994
-73.70932
-22.93544
-57.53988
73.42514
20.58656
-57.69032
4.24364
-13.82939
4.20128
21.43433
10.20029
3.00130
-31.02438
27.82803
19.86214
5.49264
-36.17911
-40.27506
-3.55811
-2.56148
-20.65439
-42.37974
-2.82902
-2.82124
-29.64602
3.44659
-2.03154
-30.21069
-45.16963
8.95421
-31.98241
-27.84748
28.98597
-40.79073
-46.12793
-4.46991
6.44786
-23.09979
-19.96961
-17.10711
-67.72546
-19.77829
26.48709
-8.00607
-11.42374
20.98565
-10.95229
10.26409
10.99884
-4.41406
-18.53839
-9.50822
-12.34476
45.65947
39.15164
35.94788
28.79264
2.42009
17.38044
61.58814
-15.16775
-28.75571
-47.15881
15.70472
-5.17758
-34.02535
-25.16319
-19.37838
71.55942
-38.62032
-21.13054
-9.61938
14.29028
48.87731
1.06829
-23.81630
16.96929
19.67284
-16.60653
-19.18360
-33.97950
-53.86064
29.06016
-31.06481
4.18970
-19.88480
-7.56469
-6.75348
0.35920
-2.33577
-14.87999
34.51383
19.03089
-22.80441
-26.44972
-19.56668
-57.51818
-28.03238
14.02373
-0.84187
-7.01555
10.86793
-13.00960
-13.46576
21.20550
41.29494
6.41577
28.77395
-13.82376
-38.13630
26.09729
-39.44539
0.56260
14.61976
29.46643
-14.22509
-12.87373
1.60098
-47.52796
20.89426
-17.57235
-15.51250
-49.29461
39.97781
41.01255
-49.31895
-2.57141
15.63498
1.66052
-44.98283
-30.80988
-41.52820
-7.91502
-0.83441
-15.00975
33.97426
-56.05086
65.65809
-25.11461
39.09606
36.06563
-45.48963
60.70913
60.42500
60.31994
11.77328
11.92170
-28.98180
-28.88467
5.88343
-9.79784
9.09869
-37.23651
-17.66762
-14.20065
45.72155
8.96113
33.62510
-30.97390
-4.72084
-4.19970
-48.43034
-34.04701
20.50268
-28.82453
-40.71106
-37.93353
0.27595
-15.56758
69.22873
43.18643
-44.29489
16.32248
-7.40114
24.36682
38.37675
-21.17814
-2.06217
-47.30316
11.82973
31.82557
-7.12139
-5.18496
-44.05711
3.43453
-25.07442
53.22682
24.12304
37.37704
-56.27308
-21.15332
-50.33194
-46.08413
-21.46184
-35.58978
-3.87829
37.93168
4.43701
-4.96052
-1.99523
-18.82080
-24.96749
-10.56491
20.57438
-42.80610
6.61841
19.58145
-9.90285
32.83537
38.86305
-43.07650
30.77384
-5.97785
34.54514
-6.23579
39.77611
0.23876
21.43282
-43.29599
-6.52693
-63.56985
-63.11989
4.61960
-35.14912
6.00179
23.39227
8.56247
-1.37100
30.12052
15.94419
49.43112
-5.36994
14.86166
101.16728
-21.02189
-12.20606
-43.17254
-27.93935
46.26894
-12.60063
6.33545
14.09562
-6.47202
-55.98335
54.65851
-23.73743
47.41040
-46.61841
46.58712
6.10555
20.14897
-42.66788
40.16110
60.85777
-26.78688
-21.41890
-21.33084
-8.42020
-9.63394
-68.47658
-25.12812
23.90499
-47.31096
35.29522
-20.92558
58.68600
8.71346
64.52217
-14.99209
-17.42816
-1.76691
-43.29263
-14.81849
-20.84582
-25.27127
-67.19124
1.28759
29.78609
-28.73916
8.56494
57.55396
9.49402
34.15387
-45.71777
-48.00104
-11.18247
-11.66196
47.63282
4.20099
2.47701
-28.63950
-2.88276
-1.17608
2.87369
-15.80390
10.09274
33.29664
16.86766
-42.74857
-81.52507
-2.74529
-0.77564
-22.16124
-4.73013
-23.43225
45.35222
68.30929
38.52237
-48.22405
4.97845
15.70735
-26.43860
36.64856
-11.57836
-36.74760
-32.00083
-9.58416
3.81662
26.07497
-19.67222
23.49972
73.70453
-25.68154
-55.53912
-6.94036
-5.62542
16.78813
-11.75861
-4.04394
7.29565
-19.12003
4.58680
-41.59513
7.86339
0.70374
-0.92096
21.38661
35.49600
26.73934
-73.88558
-4.10514
23.10061
-15.45960
3.23794
-13.56937
24.07164
13.00274
23.28740
22.92794
-1.08264
7.43455
10.83745
26.69045
-14.95339
21.18837
27.08038
13.99991
44.36281
-32.19660
10.41747
9.54651
51.12922
-28.03547
-7.97971
-1.94670
-37.59854
-9.52614
40.70355
-3.30381
-49.28942
20.88713
-21.45101
28.59987
19.31688
17.69884
28.92503
23.44233
-39.00982
26.35788
-37.44402
-37.92030
-11.92631
-12.29963
-37.08508
-23.14974
-8.97937
35.54326
51.42551
1.57623
14.42784
0.85576
-32.80055
-38.04864
3.51646
11.63959
9.35760
-5.05580
-15.53776
16.93463
44.37986
30.21670
19.84756
22.74658
-40.30350
-37.35610
25.98490
40.41921
-41.55086
-10.29046
10.00898
-2.37832
-45.58066
14.24889
24.08756
7.51785
9.96670
-11.66250
-12.34440
-8.27019
10.17007
31.64816
10.59412
50.96578
17.81602
1.41734
-3.13860
32.90513
3.56764
19.31682
-56.37660
46.80664
-8.88447
71.18520
12.86408
25.83089
9.67301
27.35420
32.24425
-32.39512
-22.68959
-13.72507
39.54241
48.99553
35.07437
-52.88473
38.30310
-8.46485
10.93760
59.34993
19.05066
1.25511
41.06762
-41.89275
-32.65693
-20.00310
54.64467
-2.91309
-20.25690
0.70249
22.80886
48.05676
-68.57492
-38.61576
-38.02023
18.58002
-6.88578
14.55844
15.23741
-18.52539
-37.19077
-19.20292
-15.67802
-20.56184
-16.53785
17.76801
9.78672
56.63978
37.06300
9.61550
-7.70682
-29.76303
30.41807
-64.79641
1.06156
-16.43542
-8.49997
12.07418
26.91553
4.15522
-24.45923
-40.75660
15.03952
-23.00708
29.91509
19.38999
-47.87383
11.07744
23.07985
1.33640
10.51293
-23.35824
-2.55777
2.04216
-24.73227
-5.02814
2.81502
-20.16784
14.59464
29.30532
-32.62397
-21.20989
3.40240
-18.23110
-36.38482
-45.76462
17.59722
5.20508
6.97696
18.60509
-15.97421
41.23508
28.50910
16.88511
56.46003
-17.40792
2.44828
-2.46104
-4.83114
4.01600
-22.38308
7.79308
24.81108
-42.47705
62.15862
30.73108
6.20932
16.15932
-10.21881
-18.18268
40.04776
54.73395
-34.31302
25.30078
-35.82263
-48.79418
-25.26909
10.61837
