-14.30205
-3.60194
-7.78556
-20.09641
-21.16981
31.94997
10.87228
-29.69468
1.38712
-23.45921
28.32695
-5.19645
-14.41808
30.72066
13.76370
26.82040
3.44666
-5.51757
-10.03641
24.56142
5.25595
-23.14769
-4.38489
-8.57752
21.55750
3.16966
18.18475
-10.82524
24.62421
-19.75616
-18.37463
-13.78066
2.75486
-16.44779
-6.09522
18.89105
2.83694
6.48778
-38.79073
15.19439
-4.73365
3.69647
17.51976
-8.50840
-6.85338
8.53265
-1.63751
29.13131
17.59118
-7.88840
8.12103
-27.94293
3.90278
8.42944
2.19469
30.82021
-7.03811
-26.24686
5.83722
-8.17063
6.02319
-0.58274
-16.32838
10.33486
26.84965
23.27662
9.63452
4.78970
14.79200
-13.40474
-17.49262
-15.70417
10.72433
-28.70810
-13.56563
-22.21825
-33.92261
9.26633
-12.47432
8.80256
3.25227
-2.53114
10.70984
10.86050
1.19921
10.24511
-0.14559
-0.37846
24.75021
-2.62784
7.87838
-20.78070
24.35970
1.49047
-24.63750
-7.78385
19.97647
0.54101
-2.17741
-6.40363
-8.91453
19.64245
-2.66641
35.78247
18.96227
2.60276
15.14121
-5.97269
-32.16749
-3.66577
3.82685
-5.41907
9.54699
-20.72124
1.42871
-1.81261
5.24622
23.12262
7.18880
14.01018
-23.70008
14.76846
-8.42817
9.83005
-7.83859
25.72629
-4.04132
14.34500
19.14981
7.80858
36.06914
-5.23653
-13.23901
2.94624
9.06950
-5.99471
15.52830
-5.00492
-23.33377
2.66534
-10.44305
-1.85171
-34.57910
-2.10367
4.19115
-8.58041
-8.78508
-23.78884
-18.61796
14.85510
-16.76023
20.24187
-10.15095
-24.48479
20.71917
8.69144
5.72610
18.72684
11.87463
0.35495
-17.71683
2.86024
-9.69729
8.89348
29.15214
23.13422
-36.94237
-11.22994
-30.53220
-10.37987
5.60744
-13.65592
-13.24708
-17.71740
18.68498
-13.81336
-36.02472
-8.65199
36.80974
-24.68654
-34.14451
-39.56815
28.60831
-4.14982
-12.88137
-6.52041
-19.30822
-7.00836
-3.45745
18.69560
9.81387
-3.65359
12.11229
25.32646
3.52977
-11.35065
-19.02382
17.87355
-3.28328
-9.55797
3.56403
-3.56646
0.69255
13.61219
-25.18813
-2.21874
-8.29046
3.27796
-18.11369
9.96119
-0.78434
-10.42251
-1.82851
-22.27425
6.10651
0.93278
-10.30761
24.46199
0.28917
19.32921
5.08581
-39.78551
40.60854
-9.09965
-30.19538
11.18821
-10.65625
-4.19846
8.78892
-1.74016
-14.04169
8.36020
3.40683
-8.33285
-11.80320
11.10602
12.36568
0.21652
8.08565
-8.48599
4.34989
18.24507
-7.12105
4.25811
-6.37342
10.51372
-11.07868
11.15057
4.12936
-13.51417
-19.43497
-36.21031
-6.66533
2.17241
-13.07889
-21.21424
28.79176
-9.06560
-10.99498
-24.53572
7.83265
19.66103
-1.51658
-17.90213
-13.80419
17.67124
-6.02383
21.12656
-7.49219
-18.89211
-7.00215
-6.31528
-2.65029
1.65618
-9.63926
-16.58619
16.42996
-10.61714
-7.32890
-14.58852
-3.25036
9.17711
-10.98115
-6.54877
-16.32901
-19.14552
8.47439
19.63293
-15.44461
8.13714
16.65837
0.89708
13.48908
-18.64494
-25.63773
5.02726
27.93968
-12.35104
2.57097
-7.26026
8.29706
-21.78767
7.09337
-23.35372
-38.22314
-1.42202
-27.87762
-1.90658
-15.48753
-1.63990
3.59787
14.78969
-17.30957
-19.34944
-11.67532
-10.42853
29.14762
11.60461
-44.34833
-17.48486
-11.37150
-20.66892
-13.37652
-21.90304
-12.25527
-22.78114
15.84898
-22.27482
-10.76598
-10.24985
9.82731
7.49388
-15.94981
-19.80519
-34.40285
-4.20296
8.10372
-24.29284
5.17346
3.42719
0.26404
17.08146
28.58683
-19.80375
1.86082
-14.65699
-11.97910
46.19411
2.64668
34.01723
22.97287
6.88658
15.26779
-23.20446
6.54326
-26.97782
-11.22928
-13.49487
32.32288
9.22190
-18.37190
21.75570
-7.48390
-12.40681
-12.73294
-20.47088
7.88226
22.88613
5.45848
42.43052
-0.67127
17.69747
2.27735
-30.17384
0.18774
22.90089
-1.44514
4.11686
-21.66851
14.23595
6.23509
14.96055
-7.33381
44.70940
15.31071
9.40556
6.50284
-6.12477
23.31046
-15.96213
-9.80105
-18.81426
-11.09489
8.68464
35.45433
-1.19110
39.96445
-16.17050
4.86492
-18.56254
2.07702
-16.44379
-19.93770
26.60435
22.50928
4.54541
15.20992
-19.71921
-12.51623
-3.98281
18.16156
6.16339
-3.61207
-13.94376
10.52152
15.66248
16.88597
26.56677
16.40472
6.83537
-19.64810
-21.86179
0.21648
-28.29064
8.59309
13.19230
-8.20343
16.39282
13.75480
36.81763
-2.52019
-11.29536
-2.03972
-24.31238
10.65828
7.94659
-0.35508
-8.88463
-7.41930
-5.38576
20.84410
6.64202
-12.30481
17.98997
13.25286
-6.72164
-11.48636
-3.99407
16.09335
-26.52678
23.41522
13.86638
5.29463
36.41672
3.93951
-19.15666
20.80474
10.58103
-13.23412
-25.20673
3.53684
-0.29892
-3.77449
-9.09835
-0.13004
13.65101
12.17520
31.18070
-7.75519
-13.55158
-6.08410
9.86097
12.09957
-9.38875
36.00499
-18.29055
0.26443
-18.45568
13.31845
-9.55966
-29.36160
11.34847
-10.87583
-20.84880
5.59195
2.14582
-17.56548
9.64097
-19.81572
3.24300
12.12729
-14.72551
14.02559
4.62480
-23.73878
8.01686
9.00280
10.23219
-16.71977
-10.23870
-18.31326
0.10285
-11.62610
-14.04781
8.77284
5.41541
16.74869
-32.18513
-34.08539
-7.93757
9.40713
-3.33992
-28.45682
14.43404
11.25552
-13.31738
-33.11790
8.23285
1.00372
-25.91446
-6.55037
7.53393
22.22799
-30.45847
29.19786
-18.48764
6.63197
31.33161
2.15452
24.94216
4.29781
23.44143
28.20430
-7.44610
-6.40140
14.14832
1.83674
5.20872
11.84703
5.16770
1.05989
8.47126
0.37816
-0.38706
-8.17399
27.17378
-33.34100
31.39752
-11.22014
23.06045
-67.73942
2.68491
-21.61366
18.99598
13.52386
12.58587
15.60541
-21.35839
-16.73038
-14.46251
-7.13949
-4.16111
-3.22187
-13.88478
11.67294
2.61037
-12.33048
32.49296
-4.26427
-12.87038
12.61009
-15.96576
-9.18911
31.97292
15.59794
-5.10541
-18.86444
-3.53052
-15.99524
-11.51853
-14.04652
17.38552
12.96788
4.52105
0.66430
-18.38393
24.52892
-15.28824
3.18083
-14.41893
-19.16180
-3.83208
21.79291
-6.51813
-22.46847
3.31782
-32.74353
-16.45676
5.36390
8.61723
-0.93154
18.69528
3.71980
8.96267
-4.83264
10.27708
-5.32173
-1.66195
24.76351
-20.31642
-21.09523
-10.96282
12.19387
2.60821
5.03037
-7.92317
4.02239
8.55133
5.58924
-10.73942
-27.50115
1.36719
-26.31608
-24.58918
-10.32926
21.30411
6.42601
10.20197
-1.61278
-2.81368
5.41167
-0.62558
15.74323
-1.67583
31.22700
-6.03645
15.91524
35.68363
9.90284
26.36150
14.60413
-9.07963
-13.73999
-14.01125
1.60967
-3.18252
-7.86104
9.24904
-20.74120
-24.51897
5.29404
17.64484
5.59436
-28.33224
5.42575
-19.38269
22.77521
-3.81446
16.93780
8.43312
0.95908
17.62698
-27.25234
-0.16770
0.30465
16.07165
7.68304
-0.22310
28.32721
-14.46050
-28.32877
-18.67361
-16.07715
-19.76621
26.29263
-5.46949
25.95304
-31.65843
-12.74336
32.01801
-3.85327
12.11293
0.93549
-7.11226
-22.75317
13.41395
11.74003
-9.19839
-0.24526
9.41312
-10.16054
19.95920
8.35795
-3.86290
-28.87802
2.39643
2.76935
10.70604
14.33209
14.62358
14.98926
-4.17964
-6.04590
6.70416
-12.45878
-6.33314
-1.97069
-18.28499
-0.16817
-0.86283
38.00205
10.44455
-21.56505
11.44764
9.13154
-6.50710
-1.81322
23.12922
8.00414
-24.24781
29.06814
-2.62554
-19.95469
11.00997
-11.52307
21.67814
20.49536
3.77322
-5.98247
-12.93999
5.96764
-4.39392
-20.22876
-23.41081
13.17372
-15.90434
22.61396
5.40824
-10.67545
-22.04890
-33.37871
24.15901
-3.11685
3.64706
-3.01083
-4.13499
-39.28254
33.90506
-5.95195
9.48093
-15.83209
0.66161
17.63793
2.72033
6.23830
-2.75033
14.84736
-19.20740
13.04762
48.09917
2.02006
-15.52998
6.45348
40.43368
-4.04132
35.46769
5.22915
-23.38686
26.22883
-1.84667
0.44182
-19.62882
3.50364
-29.57427
-1.94506
-4.09527
-3.53641
-10.36365
14.27959
13.38053
-3.80400
-4.69956
-1.43188
-9.85073
4.26447
28.81841
-16.22285
1.49560
2.32218
-26.45059
5.15526
19.70034
1.28100
7.56191
-11.67277
26.32620
5.55876
-42.70296
-24.11389
-2.91971
1.01585
-4.43666
10.91906
-13.69278
-43.01722
15.05707
10.57194
34.43613
15.35493
1.66385
11.31215
3.85275
-3.26295
8.92787
6.78926
18.71029
-20.42468
-5.00796
-9.89204
24.93801
-17.55161
12.98802
0.70573
-3.83246
-49.68820
14.28834
13.57510
-12.29763
20.64839
9.55468
21.99741
35.13555
-2.32078
-9.91882
18.05368
9.72346
-27.82976
1.67948
-29.37408
0.25361
13.68941
6.12059
22.37323
-12.61451
25.16297
2.66157
29.94570
-2.45554
2.19387
19.34218
9.79705
-14.90901
-15.11062
-18.65502
-18.76831
-17.88933
-35.92338
7.82914
17.45873
-34.80258
33.65444
8.96923
-5.05228
-24.61503
6.93719
-6.98530
-28.28093
8.35273
-10.93052
1.20457
36.64393
-22.06268
-25.92370
12.05485
12.34093
7.51943
16.67238
-18.02564
7.78339
4.13220
-3.24787
-5.80553
-27.52880
-20.84671
-15.14491
-16.06815
-10.46837
41.06182
-7.03789
4.03613
13.85452
4.53843
4.00388
-26.45211
17.87021
12.74803
-15.87380
-3.60657
-27.82840
12.39636
-10.43913
-5.54079
6.23365
-2.02081
7.00331
4.30819
1.01404
2.75623
1.67247
5.75697
-22.95455
20.30956
6.71773
-7.45472
13.32201
15.62529
24.74253
13.05682
-11.48440
-20.12546
-12.46006
11.78063
-0.25140
-5.22492
-6.35443
-17.20257
32.95141
9.22532
16.74986
-2.21673
26.43110
8.28401
30.32946
5.69001
2.36199
-11.67777
4.67218
-7.05124
14.41251
14.23912
-27.88050
2.96542
-1.99701
-7.19107
17.49265
-3.45689
7.39765
36.61840
0.85821
-23.40178
-4.01469
4.73225
-10.81997
7.99656
-10.13584
-4.59688
-25.33668
-26.39528
4.74726
-29.01497
-22.54394
2.73653
-11.28961
-7.94139
8.26898
-16.30730
-15.46296
-21.41910
-9.51811
32.06996
17.00822
-10.45624
11.83571
-14.69076
-41.07345
28.18099
1.38518
-25.58030
11.68737
-32.41060
-22.96160
18.69514
10.87270
23.85011
12.12975
8.49127
-22.32676
11.97818
17.00994
-20.99205
-2.55934
-16.18335
6.78177
-15.68271
-18.30127
1.12238
22.10396
5.93509
29.93769
-6.37781
-15.63841
-7.22073
5.61529
15.31255
13.62701
1.04823
22.27243
21.69440
-19.70956
-12.84968
-0.94798
4.27202
0.09490
-30.18723
-18.86446
3.78774
-14.51914
-3.72827
20.40467
13.49595
2.02808
-9.47206
-13.85699
-29.29860
3.88326
34.10104
-9.54589
4.84065
3.88584
15.41212
-1.47352
-3.69989
1.67141
-4.56394
-5.39782
-7.33592
18.41478
-5.49596
-1.56100
-10.74460
14.31857
35.03653
-14.88257
8.62747
14.55109
-20.68569
-24.13816
-2.93538
-2.73515
-3.15611
-37.20177
-3.76653
22.69710
-25.09160
0.46710
-13.37405
33.55208
-4.68168
-2.49752
-36.09747
0.50707
21.88836
-16.63826
-11.67226
25.98505
-13.01618
-40.14761
-8.70881
25.16913
1.61527
-17.41909
-8.32867
-22.63144
-8.32299
0.80534
16.44105
4.89196
-9.36147
10.79308
-20.76561
-20.35777
18.06706
-24.16772
6.88537
4.36631
10.82301
-30.10798
14.53449
18.52505
2.63563
-6.88834
11.20924
-11.56528
-3.51439
-12.26147
9.05509
-10.53064
4.68967
1.69314
-15.89782
-9.67848
8.55344
28.09187
-34.81616
-17.79513
15.48306
-14.48399
-10.26893
-8.83001
27.97933
18.84772
-9.45582
33.59978
-4.50676
1.98815
25.55890
-31.49705
-20.93481
27.33192
3.48511
6.48986
23.51748
-6.70446
-29.15757
6.73619
10.80523
2.92263
19.71613
29.54511
10.49654
23.08154
-7.79158
-2.14428
-1.39483
-14.71364
-12.03091
4.77948
15.45577
-9.56382
4.87553
32.90195
14.73417
36.32181
-8.54777
-34.01974
11.30737
-0.99704
-7.22787
-9.54440
-17.56919
27.11234
-35.50130
3.09368
-23.03017
14.44899
-26.08673
5.19089
8.12898
0.81879
-2.12392
-15.74193
-14.17451
-8.87036
-22.51669
-13.65806
5.28921
-1.44173
1.54579
9.39744
10.05069
-15.06298
-29.56637
10.07757
13.06065
8.18412
-26.52951
-8.51261
-7.68439
10.11969
2.66433
-20.81941
4.13558
0.05966
11.44921
24.69371
2.35705
-0.67661
5.62571
-2.62868
-15.91437
11.49997
-28.70405
11.21143
-23.90431
4.98190
-12.17181
-15.49464
12.47556
-9.92468
-17.61475
2.29997
13.75498
-27.07210
8.81005
3.54671
-16.76800
0.14854
-19.62798
-16.60095
18.20275
-18.98034
22.48044
18.30373
21.27630
33.42647
-7.60231
-8.94811
-22.81187
-10.59317
-5.33624
-9.13318
-7.19572
11.02331
-27.19689
-3.20371
6.62210
7.94529
-23.70060
40.44957
-11.33704
-12.86858
25.75481
15.30796
18.95171
-12.12755
-2.76339
-17.33546
4.94840
13.68851
-25.79220
32.50179
4.72885
18.63460
-6.15054
37.00835
-0.59398
15.25443
-3.08157
5.45497
-11.58331
27.32832
-1.11463
-8.48872
22.52984
-14.26719
8.06236
13.45822
6.03008
-14.31021
25.66054
1.02255
-3.33018
1.41830
4.68276
-6.11400
27.65330
10.57186
-1.37938
0.83731
28.94533
-9.92350
-4.37997
-0.21042
3.86084
-36.62845
-5.22632
13.40004
-27.98887
11.90373
-22.11913
13.22258
-2.75081
7.08298
0.52394
-11.31551
2.72232
24.47229
-3.93879
19.77010
15.66897
-18.87073
16.56828
-16.74060
19.40603
5.68892
8.17208
-15.10609
-21.26399
8.98668
-28.08841
-0.65385
-5.18212
-13.02852
-10.03175
38.41108
19.23547
-23.09691
1.68098
28.28013
-27.37770
4.19037
-23.22949
16.61913
4.88627
-12.03734
-2.75191
-25.05796
-18.63458
-4.04466
2.50568
-10.45597
18.27482
-6.83984
6.99425
-30.80107
11.08562
-5.37825
-1.09217
24.41021
1.33723
2.53149
-27.38306
-9.03909
18.02999
-16.78290
-20.70404
12.81100
21.34547
-0.81012
-19.88622
-15.20350
2.53905
7.23617
21.42199
12.95953
23.00118
-1.12958
-20.36772
-4.37699
-25.37675
27.34466
19.62349
20.68700
26.33163
-0.29140
7.67302
30.10561
-34.21128
-4.78341
38.54624
-2.47773
-10.13176
-25.24040
17.29013
2.53337
-21.94516
4.59224
8.79231
2.80688
-1.34319
8.26015
-6.21467
18.34650
-17.04271
-16.55807
-2.11401
-4.05536
-2.56398
-26.38581
24.06391
-2.97577
2.30106
22.59336
-24.04445
4.39706
-3.42175
7.06437
1.19074
-30.01796
-3.36448
0.66378
9.28445
10.47578
-6.82526
25.55298
-19.89756
31.45016
3.54300
-13.82042
-7.61798
-6.13611
-6.91817
24.56886
-0.47022
7.79349
-30.77229
-18.89985
26.06331
5.42700
-20.20565
-1.35334
0.15915
-35.63961
8.24739
-15.40052
4.08161
9.29252
-3.32295
-17.80419
-13.21375
-10.45383
20.78035
-8.26927
-4.34485
-6.35749
-4.60684
20.32908
-0.82692
12.79609
-1.68683
40.05057
5.41878
-15.56863
-1.84977
-7.13972
-20.35064
9.80368
21.92887
-2.30434
10.13801
-11.85897
-12.05144
13.32662
-13.11889
-6.07591
4.78496
3.64676
11.61315
-3.03672
34.90704
22.21202
18.38400
3.77302
-2.26832
-3.58242
-6.12230
-9.75841
16.09531
1.21954
-3.67210
-10.25716
-23.48766
6.78114
0.00566
-2.07690
-9.97022
17.10400
-3.54073
19.09854
-2.48180
6.80196
10.73987
0.16158
-20.60811
10.75622
6.64777
0.94806
-8.02637
-17.25660
-25.95668
-23.27281
-23.62759
-14.39367
8.58058
-11.60584
8.38579
20.95449
6.16140
-10.13000
26.34023
27.82656
-28.85346
-5.44594
-13.55234
1.76765
18.78098
-20.96390
11.28415
20.33418
22.75453
-4.50586
-8.67519
15.50403
-5.40015
-14.22499
-4.75240
17.26777
-4.07968
-5.45279
5.06862
-42.02089
-8.15040
23.22131
0.94068
-14.21363
-26.83645
5.58397
13.57086
-3.26537
-10.00163
-16.96293
3.26063
3.84847
26.26012
28.07765
15.63207
23.30372
-3.86232
-35.21552
4.41182
-13.37361
16.05104
-12.08027
-3.55023
6.84246
-24.05393
11.95408
4.00202
-0.03826
-24.91317
-14.86447
-6.52062
-6.16684
48.21483
-0.07500
-16.61488
8.87924
32.70685
1.20278
24.22241
-14.24017
-0.43380
-18.10845
6.86769
18.38343
-12.37459
4.94625
-14.87932
8.19730
14.33473
-12.95893
-1.25477
-4.41105
8.59118
26.32100
34.86490
-7.47797
23.84906
-16.37754
-2.71437
-22.30762
-5.59044
10.18558
-31.59588
-5.96794
-4.01339
-22.53011
-1.89529
11.94129
2.39179
-2.32147
-11.19025
6.49528
14.86471
10.40255
3.13613
9.57415
-15.39274
-3.45500
10.21252
-8.31106
20.13033
-11.40114
0.98037
8.33067
3.01507
-1.51819
-13.06314
-5.81658
11.92363
2.16206
10.95653
-2.91692
-10.11849
-5.16295
-7.30054
-15.86255
29.98456
31.27171
4.93108
-21.83418
-8.34107
28.74020
17.46112
8.27046
9.62510
9.81374
5.94582
0.74207
5.28688
-19.78406
-3.03281
6.87198
10.03027
17.27966
22.20796
12.86427
-8.87420
11.29675
0.67126
17.27691
-21.42341
22.62998
18.90634
19.73709
18.76442
18.48476
34.94782
-5.45788
-11.73959
3.88610
1.20595
17.55497
18.80450
5.75193
27.93072
14.07230
-7.25698
-4.80376
13.05776
-21.31537
-7.75101
20.14274
-9.19264
1.17038
-26.26394
16.26736
10.54426
3.62491
-35.81640
-5.15776
-19.59867
-20.05899
16.80518
16.79152
-18.29226
15.21217
-7.16386
-12.79225
-10.27612
22.71731
-8.32473
-5.71172
-15.25324
0.76198
10.64323
6.79098
0.77076
13.91076
-13.65797
-5.08274
3.64450
24.27465
20.37238
-20.93546
1.97601
2.79509
2.71453
2.73009
34.89592
9.24713
-16.22931
5.72063
-4.35573
-2.15079
50.06961
-1.78513
28.91830
-6.28729
-3.80938
12.91321
-19.27750
12.63708
-0.03658
-9.88031
10.65514
-21.83030
4.33791
-10.87598
14.77371
8.06537
-12.58217
2.86632
13.99904
4.59024
-3.32292
12.01117
-15.51301
20.52532
1.61904
-10.74441
-29.40216
7.72777
9.65246
0.66020
16.80251
-22.74426
5.72537
-4.48433
14.26198
-5.16707
8.87112
12.55806
-2.15074
-2.66742
-23.51040
26.57876
13.89658
-0.16809
8.88570
25.10317
11.82879
-10.45490
25.89089
-4.06632
11.11797
10.84806
-16.62587
-18.84725
34.59926
-21.64932
44.09096
-0.44936
21.12180
-26.92626
-4.59100
5.75134
-30.53544
2.15141
7.55789
8.13989
18.42502
-18.97841
6.40062
13.91881
21.08325
-2.26011
-5.37790
22.12828
5.62523
3.63126
-16.04837
21.82746
16.20934
25.96887
32.82378
21.49555
-5.50842
15.98068
7.02327
27.63753
-1.73044
-14.12777
6.78830
7.19432
-12.09231
-12.98124
24.81259
47.87247
5.77107
5.08168
-8.65236
-12.80222
-12.34214
19.85233
-25.88319
22.79148
-8.03840
-17.22548
-6.31647
-5.64318
-3.70912
20.74737
-21.61112
13.45691
6.99503
22.57048
-20.70161
-11.03627
-10.13827
9.81391
-17.27319
-3.88453
-30.09062
4.55195
-8.27215
-15.25922
-16.46218
-26.30556
2.04218
1.61077
-1.79228
4.00942
10.74539
-7.03470
23.26313
-23.60815
-2.53888
9.90310
-24.21016
12.59469
1.13948
5.25074
-9.33206
-23.54974
-6.78833
3.81872
15.03527
-0.12723
-11.57476
-18.78273
3.31493
-7.71213
-10.20062
-25.04060
32.87313
4.80732
3.19583
5.01740
-3.80717
-8.84042
5.59847
-4.04097
10.74747
5.32983
-31.61314
-5.99963
17.30082
26.44569
22.53186
-9.94719
13.75555
-12.73693
-27.21539
-23.62228
-4.26747
5.11191
-25.18811
7.81133
7.11612
2.02232
-17.20984
-3.60659
3.10151
-4.99382
15.13153
7.82319
-8.34127
10.71138
-7.90215
-1.39821
3.77912
-8.92818
4.48410
-38.81289
-12.19669
13.86688
18.52926
9.82347
-5.07814
-23.73280
-3.01397
10.33884
-7.64809
2.08906
28.07656
-28.65180
-0.66400
33.35857
-3.47355
-11.35036
21.36073
-0.59049
3.95792
-26.83499
-0.35697
18.25698
21.80770
16.29324
-8.37619
-12.33348
-1.10031
-14.42806
-7.51861
-5.58175
-6.65683
11.83474
-27.68888
31.16208
11.45968
-8.62320
-13.68617
16.54738
9.54030
-7.13552
16.18765
-3.50512
1.37980
-20.27559
14.92053
-6.27878
14.80848
-1.40504
4.95845
28.26155
36.40896
9.48717
10.59785
14.47340
-28.88040
8.63749
11.70484
-15.64873
20.52180
-4.27137
-22.87497
4.96699
-18.20260
15.27712
14.25906
0.09346
-4.39843
-43.15784
-0.44620
4.81899
20.90576
-5.63488
17.35585
-8.73848
17.14967
-18.65792
-9.30232
-10.44448
-14.97781
11.66430
15.41227
-19.82786
15.23272
-3.37307
-0.97223
-11.59527
-13.95548
-16.84179
4.26422
0.33979
-7.27262
2.35610
25.19059
22.56612
-2.28205
1.65016
3.80917
8.52171
17.98148
-1.40661
15.54475
1.95043
2.90527
-21.31675
11.84372
-7.94925
32.02724
-14.40458
7.87181
-2.21589
-8.86945
15.75063
-10.93742
-19.49649
15.58203
-2.62364
38.36654
26.44885
27.44996
-23.37664
24.08498
-9.43907
34.25359
20.92261
2.12387
-20.44434
-3.48140
-19.67405
-7.25478
-14.45834
12.98760
-30.32039
-34.79994
17.41157
38.25631
-8.92433
20.54393
20.80998
-11.46484
-21.08235
36.69864
4.71853
15.46127
14.24084
3.76950
-16.82776
-25.81591
-3.35915
15.41540
18.58366
-14.69763
-26.06028
2.50799
15.31337
-13.26919
22.87958
14.51219
-22.02021
-19.12059
2.39042
6.69823
-8.09820
-8.21499
14.14803
-36.10219
-9.97953
-15.37011
7.67236
10.78625
24.72431
12.33613
-27.74618
-7.07029
20.73568
1.03766
-6.16085
-11.24290
12.14954
-22.41246
-15.37095
-29.81869
9.30491
2.79236
4.20412
-3.00707
-5.06331
13.20921
-6.62871
-36.67460
-29.04031
-6.15700
-14.96887
7.54527
10.56865
34.78800
5.65910
-10.34311
2.50516
-15.34908
-2.38481
-13.99077
7.61394
8.81626
5.15835
4.52460
-25.97178
16.15302
12.08673
-20.60602
-3.82558
8.86514
24.06670
-15.02158
-3.38157
-28.89387
28.88990
20.43262
26.71856
-12.33221
23.96263
-28.53130
7.94597
-5.52982
-29.95135
8.52692
11.82279
32.40835
-10.55477
-1.78586
12.58029
7.24721
4.81060
-28.66625
-5.76280
-18.39497
11.34508
3.58961
-11.08164
12.44385
-8.46882
-41.91855
23.20764
7.36906
-0.20483
56.94211
14.36055
0.29832
-3.16520
18.25659
14.38990
-5.21526
-3.39939
-22.50864
-36.42806
-6.79644
2.49058
11.00361
7.36674
17.17086
45.84759
7.39327
15.13999
-25.42783
-2.82070
31.56176
20.61727
-41.07696
20.18692
-4.10849
-1.76152
-11.97792
27.83139
-15.92391
4.61602
2.46619
33.25071
1.40213
2.00345
29.10405
15.38710
-22.10878
-3.11947
12.97078
-20.01072
10.12681
-7.38541
20.29191
-21.42775
-27.83544
24.74765
-5.59866
27.17034
4.59836
19.70840
-25.40141
1.47895
15.32850
15.01075
12.13301
2.97362
24.02480
20.46053
22.53929
-4.33285
4.75435
10.58656
4.44393
-15.93403
-7.87482
-0.71799
2.14792
12.56978
10.14230
-14.77245
11.93568
15.87788
15.46241
-1.64773
27.37398
3.99759
23.17986
-6.39789
7.83501
25.52781
13.97939
-11.23310
-8.84015
12.51832
-1.97198
2.27482
-20.71605
-15.79577
26.51816
-6.75653
-12.18758
-7.71389
-17.54587
-11.94468
19.00981
-13.05699
-10.80582
-9.93373
13.82431
-13.39759
-12.23879
-12.77183
-18.08141
-8.12348
-2.36774
-0.62222
-10.62973
-17.21271
-4.07335
-0.49791
-10.62016
14.88566
22.46714
-36.44589
21.14353
-4.56658
-6.49244
1.47063
1.85267
-20.50964
-26.29297
17.10429
-22.76703
-8.86411
5.77365
-16.33108
13.64162
43.51325
-20.47653
9.40414
20.87105
30.90541
3.64804
18.79273
4.29589
12.20144
3.42845
-5.82219
29.22493
-5.39718
12.93373
24.39055
-26.34816
23.07551
-23.05063
5.54538
6.85872
-15.09271
21.62492
15.79419
4.08925
-7.48787
-14.94145
27.63753
-3.05332
6.17474
13.27112
-47.65538
-32.11413
21.13960
32.95649
-5.94321
12.00137
7.07615
-14.20271
14.68474
-19.83170
12.31007
26.71287
12.00268
-8.97775
-9.86220
39.74686
-29.77823
-6.47236
5.82363
28.39883
-9.94550
-1.45828
9.77087
12.61267
2.06049
-1.69811
-18.20486
33.18261
-0.25149
39.83579
-6.55087
33.06608
-5.88061
-7.98063
1.73716
-28.10777
8.82577
21.92365
-6.58541
18.43725
-9.26319
23.23491
-6.03781
-6.08936
11.20428
2.56476
-17.03568
8.54757
19.19174
4.67358
9.79970
5.28389
-11.19207
-6.06397
-1.15027
8.72389
-17.35905
6.28059
11.15313
4.83302
37.68385
13.09783
7.85729
25.20233
11.36907
-2.71095
9.54800
-6.66455
-27.69735
4.37968
-11.78895
-26.27458
-22.16277
10.07598
-6.38930
0.18853
-10.95100
1.65025
23.44478
-7.37624
-1.67636
-6.16534
8.51308
9.93512
-13.06053
2.25437
30.48268
18.38409
5.56656
3.01473
-1.31302
-12.58177
-15.54697
-4.67122
-12.25929
-0.80475
-9.43985
-4.96358
-12.94493
1.70664
-9.05360
30.85745
19.03520
-28.60320
-30.38800
24.92176
-16.56620
-16.04036
-14.65387
23.50734
36.15161
-3.36060
0.82089
22.80533
2.24081
-11.83073
-15.26578
-13.27070
-15.50601
11.83592
15.01228
-1.36671
4.22120
23.45911
11.15176
31.70058
34.17934
-30.63564
0.11462
8.81852
4.11835
17.92454
9.15097
-5.67889
6.44752
-14.93803
26.30076
1.46833
-9.42823
25.03119
17.05612
-23.30775
-19.35126
6.24300
1.09133
41.85684
-18.49506
-18.38454
-15.91729
-19.02718
10.70309
14.48480
-6.86716
38.76888
-26.04140
22.99783
-7.49843
-28.17584
-29.34788
9.05583
13.30731
2.39496
-11.58205
-33.92427
18.85109
44.73474
28.04005
27.42133
-33.35195
11.47923
1.69570
-12.37435
12.94362
-2.01139
-0.86823
31.47335
3.71017
23.97155
9.48285
5.26353
3.42897
-2.12118
-21.74673
-1.81879
13.26645
-38.54372
-3.32699
22.22930
-15.64320
8.90136
-24.37805
-4.66155
-6.21985
7.65136
-17.59153
2.42450
8.65538
14.42768
-9.56063
-11.91498
-22.97667
-3.05688
-26.11051
-0.56342
6.58364
-1.96125
29.42352
-6.53231
21.09560
-8.99006
9.25607
1.11478
0.32056
4.72969
-17.59739
-11.11395
19.91694
17.84390
7.53861
-11.07626
1.83428
8.87598
-13.99544
7.35406
-6.53517
-10.57184
-5.11123
24.50509
17.51182
31.34774
-10.95527
0.72797
21.04067
19.65220
-4.61269
-8.60046
5.13004
16.21626
9.99239
-2.84195
-20.87666
5.69884
-3.96566
3.86676
13.94459
12.81372
10.78246
-9.63321
-16.21034
-19.28319
-2.94570
6.27516
-16.39360
-9.64954
-1.17550
-34.34919
-2.01634
5.91487
-1.01736
10.28722
-1.79084
-26.74115
30.92361
-11.97738
3.98188
7.23267
9.30597
-3.77905
-6.97899
-30.67588
-12.80239
-3.89359
18.53462
-10.85947
-33.42104
1.37369
-5.54803
6.33310
-13.70794
-1.79162
15.51959
17.34298
-6.45507
-46.62660
-6.67922
1.18406
37.49511
-8.25829
-13.89288
24.32455
37.15630
0.05104
-38.17784
-0.11080
-16.69449
17.13936
19.01194
11.33932
-2.80383
-11.43450
-5.33926
-3.75115
-7.19120
-9.35272
-12.52672
15.78752
-22.87864
1.11752
18.41385
-25.04272
7.93842
-0.23490
10.79234
-8.89741
0.33149
21.51332
-15.92685
12.13011
6.80435
-12.07215
-7.82449
-24.94052
10.27710
19.23228
-6.37508
-5.75400
-3.17589
-6.81039
16.87383
18.58464
-18.10845
23.18190
-11.25249
6.63950
-25.09846
-20.67033
-6.39266
-15.79870
13.44811
-8.42494
5.89901
13.39034
6.99305
7.11664
1.25290
-16.39952
-1.18175
7.32149
23.23025
-8.41148
9.09839
-33.16113
-10.15259
-5.34204
-18.96590
-19.85396
0.99010
-11.11598
0.07144
-5.25906
-28.10033
20.39962
1.55408
8.25630
10.67207
-24.69656
5.05185
-7.40167
11.32624
0.59409
9.70143
3.51139
-3.95547
3.50684
-18.55933
3.20086
-20.79874
-0.73354
-7.82571
-9.17107
-18.63996
20.08404
-4.96501
-23.01774
-11.71208
-9.84794
-19.00899
-1.80147
-13.72056
-25.54697
24.73508
8.75196
-1.26333
-16.28056
16.86773
14.16369
-16.19746
-21.28119
-5.99266
17.30026
-0.04200
7.75346
44.67496
-20.65193
-1.33050
5.16952
-41.13614
-21.16964
-10.84887
-18.53032
-9.58664
4.55979
3.76725
8.28811
18.53314
5.59855
8.25743
5.80625
-1.78139
-13.31321
-0.75289
17.44515
-4.26192
9.78191
-11.46732
18.42518
-9.21139
-15.31907
-10.26667
8.04567
-6.93244
-1.01571
10.48143
30.55895
24.06573
-0.99716
13.17953
2.37633
2.34593
20.54269
-13.98986
4.38837
8.49140
-15.33653
10.82497
-6.74000
5.10929
-17.17675
-10.20979
-18.58968
-11.45504
4.00172
-24.63789
13.30542
17.10617
-1.86519
1.55624
13.51758
-2.75066
-3.34978
-20.51241
-29.90445
-6.11060
-20.96540
-16.46843
-2.64327
9.28857
19.90403
12.41439
14.31610
-6.42239
12.47120
6.47151
13.21172
2.44701
30.98164
37.59790
1.07943
-13.40719
-11.65307
4.06338
30.97313
-2.97255
-2.66743
8.63722
-7.01720
7.87045
9.30709
13.24803
-5.25293
-30.24928
-1.61555
-31.12367
-4.23105
-23.19378
-25.91547
-8.12704
-28.42682
11.83450
19.80258
12.07101
0.51540
10.06785
-2.31004
-9.50451
34.85327
8.41553
8.40835
3.46794
18.04341
11.75664
19.75505
5.45746
4.65987
-13.23130
-27.04815
-0.36030
-8.98080
-19.58536
-5.57907
-13.93212
18.24938
9.26363
4.38954
-13.57258
14.81886
21.95595
-32.74580
30.22750
-23.51218
-10.46671
-7.60348
0.18616
-10.57917
6.36488
-6.08000
-7.88889
-14.03591
2.13592
27.65395
54.08784
44.29363
43.48301
-7.20780
-20.28114
9.51013
14.05163
-6.74045
-23.06027
16.42253
7.88987
-0.51449
5.43830
11.80340
-3.16053
18.82273
-12.44940
17.32460
-0.91371
11.24650
-21.69068
-28.06731
11.14133
-30.92375
9.58282
1.42138
-7.28195
3.04673
25.94513
-13.31534
1.87581
11.83510
16.46921
3.77603
10.32416
-5.70304
-16.01590
0.25496
11.73435
-7.53929
19.27842
18.23715
-24.93494
29.48203
3.52944
-0.80794
1.11009
-11.06053
-3.09251
-0.30305
-26.51808
-28.47620
-11.92599
21.50416
15.37559
35.16655
-8.36440
-12.26933
19.82464
-32.23102
24.46245
-12.16998
6.17831
-25.68463
5.36640
4.59949
27.08765
21.48885
-25.50681
0.95826
-27.77209
11.55580
1.42425
24.28054
-17.27917
14.88588
-10.83087
-4.43593
-38.46644
-16.58212
-7.22883
-4.25658
-1.07361
-15.16311
-1.63975
0.30536
-19.60970
-16.75907
-12.31595
-30.50560
-9.57436
-8.77618
12.06821
-38.10027
-32.69045
-4.68260
-16.74118
3.82581
-8.89087
-2.61261
14.92878
-21.08180
10.11539
18.11858
39.06515
-1.06275
10.49048
9.75714
-16.80704
28.18146
6.60031
-0.02070
-30.87606
25.60127
-28.59535
3.95783
16.84806
-40.66942
3.54597
-20.36858
-27.80028
4.62876
-10.55073
6.39206
-1.47769
17.53150
22.29803
12.66204
11.40184
4.80935
8.19279
14.69281
-5.29101
2.77762
1.75950
24.29909
15.30860
17.95511
5.79726
-3.03570
-15.87368
0.91524
-5.43847
-13.57621
-20.26072
-4.66084
-10.05355
6.70188
6.75250
15.92082
-9.58584
11.42465
37.95497
-15.96995
-18.00984
4.29394
-23.48695
-15.45084
-7.58306
36.20474
22.16618
-8.34817
-14.07902
-1.69721
-26.34688
3.92533
-15.29539
0.73631
-0.23722
6.85293
16.29782
-4.63077
12.38341
1.60577
1.33967
-7.89258
18.67541
10.59627
22.35697
-38.24404
-12.88410
-9.75862
-11.15653
41.74283
-8.22035
-27.97057
-9.58106
-3.07988
34.99874
-36.69618
-15.41176
-7.44859
-14.61734
-0.55220
8.98644
-29.00248
-23.17924
-7.52815
11.12089
-13.31654
8.41065
3.21740
5.92981
6.93717
-35.48954
4.46793
-13.49826
4.91030
-7.20175
-7.71262
7.78178
-17.67622
-11.98491
-3.70754
2.69099
17.61504
2.08279
17.78094
26.18690
-20.43453
6.29420
-0.52710
11.25227
1.67066
3.07294
-4.40829
21.37889
-1.29025
-27.55119
-42.07830
-3.70971
-4.59452
-2.88879
-27.96412
7.13559
9.04677
-2.68410
-10.86882
-9.19394
-29.76873
3.01876
-10.73167
20.36695
1.43674
23.90807
19.13788
-9.03025
-8.77735
-13.80958
-4.06821
-12.54319
-4.59562
4.64906
28.91547
8.65824
1.04414
23.47445
10.06199
-25.31285
32.98795
25.04162
-6.01028
1.99171
-30.30930
-19.63223
11.48027
-28.98094
8.35057
16.67441
-4.64528
-15.24487
-27.94809
17.06205
27.57010
-35.03233
9.99192
16.48556
-11.03013
20.48965
1.46251
-18.51149
3.50271
-1.02994
-20.61632
-2.12623
-20.10039
-13.22998
16.67059
8.49256
17.26817
-1.25088
16.83569
5.06184
42.78114
-1.75131
-32.22434
-18.45959
8.00153
-2.43393
-2.41038
-8.79773
-11.06849
29.27645
27.20052
-3.05003
-6.91588
-9.81185
-25.97999
37.78934
-26.07923
-33.64238
9.38798
0.63449
-5.40162
-2.45798
-24.22226
-3.52014
30.94503
-29.02034
-16.10855
-14.02222
-1.88101
25.57786
-14.95765
-19.17671
3.43710
4.70037
-15.67182
-0.93512
0.10809
17.86943
-38.61167
2.50935
-30.59904
-14.70469
27.95626
15.74185
2.50968
-13.00357
-24.11717
-11.20852
-11.44147
14.36040
18.01581
8.63869
-7.55359
-31.82736
11.31714
-5.85718
4.07730
-1.22543
19.64524
7.18784
-13.01120
5.94857
6.56045
15.84957
6.96736
-33.08318
-24.07251
33.45251
-5.63963
40.73787
-2.04864
-0.81172
-13.34463
5.96602
6.34321
7.66931
-26.39893
-1.44257
6.03764
-6.00936
2.82226
34.00932
-15.62203
-20.45021
14.12825
14.59214
12.92428
-17.62934
-0.20194
-7.29224
-9.54770
9.36745
2.59054
-4.13754
2.57747
-67.01317
-9.95632
-28.91340
0.11615
-0.97373
9.18787
18.57275
8.32830
-22.76098
1.05661
29.20648
-28.06465
8.55153
-11.46040
6.50753
-14.16279
2.16652
2.75716
2.20029
-36.91718
-14.35229
-19.72811
-4.88934
-18.42946
27.84567
3.26933
2.81978
7.98457
3.69416
21.75552
-0.56398
10.83500
2.35895
-7.40364
-24.20345
42.10826
-12.66813
-13.29684
13.41145
35.64869
-2.37731
-23.28256
-4.36767
-7.49046
24.67459
4.93995
18.11838
-20.85257
22.54004
21.99292
5.57048
10.42828
-1.92201
-13.47155
-0.46099
-0.69319
15.78587
7.72421
-6.40905
63.97504
-2.69124
-29.84529
4.71957
7.42139
-13.66265
13.48460
-14.39283
2.24235
21.05801
-11.09515
26.14489
-44.35992
2.05984
-9.83924
3.43900
26.15008
-7.05567
-5.73514
1.34964
11.33565
-22.95950
-0.70594
15.66214
39.65665
-31.97958
2.72121
29.79821
-16.58156
2.28099
19.96576
-35.69787
-22.92054
6.19685
-1.99145
0.17233
0.87234
20.01970
-48.36142
-15.71361
11.65148
-11.26619
-9.13043
-7.21875
-32.85422
2.82684
33.65680
17.56528
-12.86761
9.27420
5.54154
-4.08916
-18.17524
-9.82772
13.23711
-9.82516
-23.03637
-23.12108
-47.27489
-3.76283
4.88190
-12.27917
-31.00502
0.32003
22.26670
5.08960
-33.51111
4.38963
-25.08218
-3.77611
10.44002
20.30235
-7.71218
8.18187
-4.00873
-40.63387
17.82667
26.70684
6.45084
35.50250
-0.36116
-3.22829
-23.98383
40.49106
19.33139
15.32397
-1.21486
40.34256
-24.28236
23.61513
-8.94584
-7.44068
-4.96979
13.02012
8.75631
-24.10450
8.29920
40.30974
7.09115
4.59711
0.62928
-1.67981
-12.18894
8.80375
-0.24318
19.04757
2.39180
-15.70015
0.54400
0.39628
-17.17773
11.33633
19.36486
17.84129
8.81119
-6.03102
2.44491
-8.70838
8.61968
-5.67432
8.92377
3.73203
5.49125
-3.36883
8.73559
12.73709
1.53744
-15.43437
-2.45132
-13.03593
24.33741
-8.90066
3.14060
-23.18084
20.49590
-7.10507
8.26256
-2.95658
14.05325
-18.27670
20.14743
6.34721
-0.68929
25.21674
38.19273
-13.54462
25.59786
13.67828
12.90851
-3.03639
25.32419
-24.40154
11.60207
-17.74664
-4.68686
2.59596
11.46795
-8.59566
-9.33960
8.11405
11.49462
-10.39451
-17.28222
13.01776
12.55636
9.59766
-17.99877
5.08640
2.61337
-36.69153
-0.70814
18.57435
-24.41541
-0.55648
-0.59774
-4.09123
12.10309
9.60911
-18.46286
-8.45366
9.63553
-3.98743
-19.05291
14.28177
-3.49163
18.44793
-0.44676
-17.99182
-2.52626
-17.99576
16.02872
27.07361
-23.24566
-0.46182
-10.11445
22.79693
-8.16457
-9.30382
-0.27448
-14.35508
27.39257
20.54305
9.39320
-23.87614
-20.28753
-8.72796
-18.91174
-22.69320
-0.70531
15.96707
-7.40028
26.68053
-21.52175
-29.12446
18.42719
-8.40554
-7.15568
28.05169
-12.94119
17.79180
-0.75404
1.56109
-10.75319
13.43586
14.95943
-2.69691
-9.95017
-6.70670
-32.29484
44.65821
-8.47223
-5.64944
-17.37764
0.37385
-32.64018
-28.49901
-11.03232
-0.80159
-13.01342
-1.46136
-19.47441
-2.63085
14.94747
21.34188
-9.17967
-30.93286
10.87857
-5.63536
-15.94477
-2.97051
1.91712
-10.73497
-3.58711
19.67583
8.31135
17.04800
15.38999
-7.02968
19.36908
18.46279
14.88100
-5.21447
-38.90332
26.66476
8.57814
20.65481
22.32420
-2.67654
-0.63968
7.38553
-1.44996
16.53326
-4.25464
-10.73286
-7.04856
6.03400
10.50746
15.67476
-15.84508
17.40687
20.12153
1.73394
4.15754
0.93608
10.91777
28.79088
7.50415
7.77069
9.07300
10.73897
3.65680
-7.20608
27.31510
4.51082
14.05744
-29.65148
8.91621
24.06192
16.32199
0.78992
-18.72909
6.29372
-13.05105
19.60693
-18.37945
11.90817
-8.28429
-17.10042
-5.49150
0.96903
0.00900
-17.71760
-28.40962
4.66511
8.49452
6.42851
4.19125
43.01045
6.64113
-6.44968
16.46429
6.22888
-7.96820
6.11062
-12.33036
30.93044
0.65472
10.12126
-9.98360
5.48045
1.67356
-8.00829
7.96246
9.82376
4.85174
-28.89618
4.68302
-6.21568
6.63949
-28.28041
-10.53889
-16.88723
16.97114
23.44395
-9.44607
5.14144
-14.35169
-4.08796
19.97834
-8.82544
-30.52548
12.21836
-16.98996
6.92107
-17.50847
-23.46407
-19.95700
5.02269
19.01998
19.05888
-7.28729
13.79875
23.92388
20.11304
14.60289
-10.03385
8.06787
20.94862
21.87894
6.20587
20.21758
9.45592
2.07371
22.05467
15.25910
4.08564
-3.93147
-25.69467
-7.51724
14.24695
-12.16548
-6.75196
-10.55987
-23.14245
-15.89343
11.36323
-5.24354
14.24049
1.65935
14.77678
-1.24234
-13.23044
-17.12851
-16.58426
-6.78969
-16.58063
-8.23789
52.16554
5.90588
-10.54870
-24.92391
8.63507
27.42204
16.90279
-0.01082
28.99755
-10.32067
-0.47318
-20.80867
27.19194
-14.12159
-4.13464
-31.44700
-15.70897
33.39857
-0.05024
15.55737
38.18962
10.54192
-14.57880
-2.67489
-29.49377
26.94723
-21.28664
-33.72430
24.09758
3.29267
-11.92057
5.43568
-2.41019
-32.00361
2.37514
-13.06122
-9.73456
-16.45974
-2.30771
8.29619
-15.82352
-7.37568
3.30034
10.81392
14.72007
18.41055
11.79792
-7.26359
20.45571
5.85254
27.47413
18.38535
-13.97034
-28.31141
-2.39821
18.87086
-33.59812
-2.93570
-19.51570
10.67674
-29.61162
22.73816
-22.11486
-14.78942
0.25358
8.32586
5.62788
-23.25420
23.90401
2.94109
-30.67345
-0.97339
-6.60116
-59.62092
-18.71613
-1.69938
-2.20365
-14.28813
8.44773
25.90215
10.27662
-3.66470
-9.92247
2.85225
19.64697
9.85061
-10.69119
-8.97249
7.87073
12.08082
-13.92164
31.00167
-3.69323
-7.61753
-2.38489
7.52058
19.23419
-11.21361
-15.04252
-19.67778
11.99430
-23.98743
-33.36278
-11.06634
-13.60037
-22.72126
-1.60891
24.26545
-22.10076
21.92418
8.47381
19.15585
1.40148
-9.85777
-1.33020
3.74749
13.38096
-16.53159
4.43036
12.20279
12.04455
5.25241
3.38013
-14.96751
12.69631
-25.40173
1.98253
19.03306
-5.17819
34.13390
-6.32705
15.57220
3.73149
17.79345
-4.51922
-19.06740
-4.16195
-3.39318
0.80778
13.35093
-25.95571
4.46797
23.53193
3.34997
-31.18130
0.88527
11.64190
-23.41339
14.45753
-13.08839
-11.95663
26.95766
26.00022
-1.02637
9.78851
22.00584
-6.23349
1.14477
-3.96035
0.77678
-2.19466
-38.53420
-0.23671
-11.56134
4.67208
33.27576
-27.57446
10.98420
24.97205
-17.86486
-8.66346
-11.81250
-31.18526
19.17926
-10.03969
-13.36620
5.71831
-4.61056
1.82407
-12.40374
-19.02357
10.64252
7.62621
-11.34029
-20.64905
9.89314
0.83271
3.10962
3.05479
4.53182
9.88051
4.19931
6.56017
4.85130
-15.96270
17.99582
2.73711
14.69810
-29.87390
10.15199
-6.57409
-15.42973
-17.41413
3.17358
-5.44708
5.86164
38.59692
6.69067
-4.46958
17.83680
-6.52349
8.20450
11.78293
4.50760
-12.19226
3.54381
-9.26025
-2.07479
5.54912
-5.86975
9.42427
23.40673
16.15796
21.31336
-0.22983
-17.44030
28.14229
0.30670
4.01621
-17.59154
9.89395
-10.30841
-22.88845
-14.35391
19.13361
18.25927
14.61326
-14.20399
25.48403
-3.25336
8.71244
12.57533
5.46761
-0.83915
12.48205
9.04875
-24.52014
-1.04758
1.22728
15.40300
-14.19413
-18.32279
16.07461
-18.01945
-7.26823
-4.93897
-30.08100
-7.26231
17.14329
-22.95848
11.36305
-17.28857
10.40166
-5.55545
10.04087
-18.38779
-13.82647
0.17700
26.94598
-18.46214
-43.44127
15.27693
14.02703
-15.54890
-18.55711
-19.71282
-2.79546
-16.13037
-4.13376
14.50907
-12.08163
-2.12309
9.49255
19.65462
-15.77639
-9.58883
15.00296
-17.59181
7.60206
27.22868
16.25579
-9.02131
10.24210
-9.32857
-7.22113
-7.92511
5.75063
-24.27299
-10.58412
6.88024
31.13066
9.84705
-11.67769
8.48936
6.21889
-10.35513
28.44987
-4.27193
-0.61654
-28.83679
7.76194
-9.18465
33.68100
8.27431
6.60663
-43.05953
1.70774
10.75260
-7.25457
15.97600
-34.65620
11.66452
-17.79763
-8.03878
22.37955
19.85252
-17.94788
7.90965
-7.24781
-29.73683
-9.83006
0.19593
11.06601
22.56651
15.83295
0.91187
-14.93993
-5.03502
-10.98033
30.35708
-0.84230
32.00902
-12.51866
-18.35081
6.93077
-10.52200
39.84831
12.69654
-4.31016
55.66338
-15.26389
-6.63220
-20.94405
-4.43468
-12.87580
-26.72592
-19.76514
22.55839
-9.28387
-18.25572
-14.99370
20.55643
-7.68908
5.59565
18.47857
6.02711
-7.04261
11.27079
-15.99528
-1.19000
-1.62368
3.60320
21.84525
17.53679
23.62947
-10.17895
-14.83908
-16.87512
-7.59483
10.43051
17.89805
-35.99361
28.67993
19.67109
-2.03619
-12.64829
-9.12762
10.76945
29.72659
26.16774
2.06108
25.43331
9.41995
18.48017
23.98524
-5.19534
-18.68161
9.23041
-18.11431
-17.67166
6.25450
15.93811
8.28092
-2.39077
-17.21723
-1.22171
-19.90554
-9.84070
-4.72731
-21.90989
8.52870
15.91015
2.59966
-0.45678
44.22636
3.93930
-16.27124
-8.68900
21.15234
29.16764
9.58415
-36.25887
-8.37325
2.69647
-2.21266
-16.41190
29.99028
5.55574
24.36560
-0.28810
4.75616
-14.32829
-4.07193
-8.44977
45.98915
10.16581
3.19662
-21.46174
-14.70828
14.51499
20.25812
2.85410
11.88926
-5.63133
-9.20802
-26.52808
-26.18431
8.66676
7.89996
-36.49031
5.64750
-18.81219
34.08772
-21.73009
-14.90236
-5.62033
-46.47991
5.11254
-7.82356
16.94934
-28.56823
-32.67026
25.68058
-5.75601
-0.05030
18.23031
10.56472
37.52664
-5.15861
-35.26109
-25.88681
-14.59425
-1.59875
-0.47985
-9.82858
24.01115
14.30180
-6.60397
-17.80910
-9.02037
27.83607
31.88261
29.33647
30.40118
60.50070
-3.37196
-12.44362
30.57106
-15.19768
-22.42115
9.07152
-19.79183
6.89691
-20.31985
5.27032
27.40844
-5.11111
-2.36000
-0.22878
-20.32878
5.85755
-11.75723
-0.68711
-15.01480
13.15478
-29.64097
-11.87766
26.51836
35.04329
15.82627
-9.38243
-20.28854
-21.82572
17.76501
-2.36038
26.26278
14.45173
15.72325
-14.66676
10.77800
12.83054
27.22323
-20.92658
-6.74138
-0.34171
-15.63203
17.11551
13.96777
-8.24916
-43.63615
12.18159
3.66504
4.87152
16.58793
-5.40188
-2.76432
20.47894
12.90449
-7.50325
-12.95365
17.81643
-2.59018
8.79437
22.93647
15.19480
-12.19573
30.17989
12.08728
12.49978
-0.03966
6.73547
6.73656
5.42871
-42.86225
-20.02005
2.63725
1.70223
-12.03195
2.62763
-8.53204
-22.77323
-24.14618
6.22514
-9.39329
-8.04734
-10.65561
11.88706
-23.91163
34.52792
23.87506
31.79804
32.69561
8.23151
-21.21766
-15.00898
-24.40297
9.17684
-25.41023
-41.77489
7.21778
-0.86178
-22.80345
2.30226
-3.39726
7.42326
-9.57286
-6.78341
1.84730
-3.46233
44.42037
22.55128
-13.56184
-26.48300
-29.74629
-14.81061
-28.02973
-8.76661
-11.69973
-1.47550
12.52696
-14.83077
8.09340
-8.17624
15.74481
8.55187
24.48115
-32.66895
-21.77106
-34.90101
-40.12252
42.41931
6.81614
14.27732
-19.38227
-27.95685
-4.63520
21.53864
-25.28823
12.13893
5.40618
18.05053
-5.85660
18.60595
-4.06394
-4.22538
2.21158
-3.53097
-11.86646
18.27525
-4.35219
-30.07123
-39.58168
22.07477
-1.32077
10.12664
-25.95835
24.43978
14.61577
9.24587
18.60082
-8.77535
-0.56230
9.46170
1.22162
-10.88250
-7.50032
3.71379
10.15137
-32.15671
12.85938
1.72798
-10.62412
-4.08741
-15.34326
-6.31687
2.29607
6.99219
0.90768
6.68903
-1.77370
33.54916
-43.48182
14.15175
-2.87841
27.05864
28.71814
-24.87022
-11.10174
-13.59534
-5.15436
2.14195
7.04181
1.89342
-5.24234
-5.55659
29.93988
-2.02449
-9.23618
-1.02805
24.67724
9.77601
-0.28515
-3.61751
14.42175
14.40671
-28.70098
-0.35709
-10.21848
-5.68709
20.54795
12.63391
-15.55345
-4.97725
0.90500
-4.10745
17.92766
-18.57914
4.62897
6.22953
-18.96862
-37.15609
-7.34692
-28.45866
-3.85799
-29.48375
3.45803
7.13074
-0.50217
11.38483
-3.30310
-0.95672
12.63283
-36.86257
9.97107
5.43479
-4.54574
-14.64977
-13.68991
18.49464
11.72137
2.34183
3.14038
-3.09907
24.64841
-8.77700
2.58974
-12.36171
-8.04681
18.71538
-17.30079
2.11096
15.60803
23.63841
12.22821
-20.52998
14.55032
2.39784
-19.05219
21.20299
-17.20823
-13.82343
5.07133
9.01396
-12.65197
-9.77964
-20.26817
16.40411
17.44486
-2.29594
-1.93337
5.18322
12.15413
14.67410
-18.78667
-1.34069
28.16488
7.10964
0.88768
-15.07601
8.30771
-2.87353
11.94357
-25.56055
18.03695
-17.63208
-26.58374
1.01548
4.55500
1.30949
1.68822
20.42454
-4.38056
27.37831
-18.46463
10.14940
-19.99663
-7.08351
28.22323
-35.45483
12.93206
30.06025
24.80294
-24.17818
4.03555
8.44167
-0.37269
-20.96646
-18.78693
-12.10108
-32.49084
-14.06331
6.55037
11.38860
4.48102
-3.70916
-8.35162
7.72351
28.78599
-4.48562
2.93025
6.22730
-9.43754
18.37050
17.97209
7.36622
9.39602
4.29822
14.69124
26.99845
-39.14200
-8.52173
-36.05408
-6.28518
4.27630
-23.77956
-18.29126
32.26764
-15.24797
-22.26614
33.62835
-9.98080
-28.57037
-9.24965
9.22317
5.83768
-4.09971
-10.05617
-20.52697
-13.25535
38.32159
15.26541
-15.45567
-26.16729
0.05150
-15.89020
-15.26642
-1.88924
14.96814
-0.45528
-17.10658
12.13803
21.20428
-2.08715
-1.47705
11.94751
-10.69493
-18.08967
-13.39189
2.08984
13.60268
7.79576
18.08542
11.04782
17.69448
32.43738
19.14706
-5.44975
2.84024
2.69703
-14.97087
-8.01035
3.18307
-33.68628
-5.15269
-3.78629
-4.35417
15.91723
-27.13238
-22.29030
0.87818
4.11725
-30.58782
-6.22549
-1.12789
-14.75669
16.07297
3.24491
17.26560
36.47031
0.06683
0.25934
27.57534
-14.68067
-30.78778
10.98072
26.25628
-11.41015
12.42291
36.76128
38.29028
3.13852
-39.44831
7.86364
-10.47861
-0.22910
-1.22827
1.82756
-10.78503
18.57550
-7.13172
-9.21646
14.75375
-13.10685
-26.76035
21.76350
-18.56573
13.85171
-15.00040
-29.33238
-13.05241
-11.93068
3.73901
23.57933
4.40765
-9.95300
11.40053
8.06609
-2.54415
2.63013
23.93107
-9.47604
6.78436
-17.90067
22.82280
-1.96243
-0.77538
44.38696
15.19919
10.18800
-10.94703
21.19031
19.57612
4.91973
-23.17941
-10.16160
-30.32237
6.63095
35.10734
-30.54513
-17.56807
5.60350
8.82587
-6.87484
-56.53051
56.95003
8.93717
-32.20525
11.12183
-21.61696
35.88719
0.60332
-20.25837
-2.48096
16.00373
-22.30606
3.23524
-21.04515
53.60174
10.80655
14.49613
-6.75045
-2.01127
28.48085
13.02279
-7.21501
-16.53103
24.23208
-3.13664
9.13816
-14.15082
-7.90128
-0.47202
8.17386
-12.92391
-21.56721
-49.54287
11.38303
3.16674
-0.56949
8.50852
1.74635
2.57407
-2.11934
-6.64349
0.55353
8.52657
6.27013
-15.93860
-1.67990
27.98338
-19.58327
19.74935
-23.96711
-6.49715
-2.41700
34.97172
-5.91015
26.42525
26.21783
-7.43271
25.17893
-20.81420
7.20554
-12.38576
10.10487
-7.72400
17.48039
-4.28565
-29.79660
24.38860
34.85745
10.23509
3.94688
17.96879
29.88482
24.98331
10.37222
-28.40933
-21.14310
3.14784
4.01235
-24.56178
7.95241
-9.92966
-16.22218
2.94651
-7.54293
12.14845
20.09277
-18.73650
17.79114
-46.30030
-6.70920
13.12868
2.25638
7.19277
-12.28347
-2.55516
25.17845
4.00093
17.60669
-37.11493
-7.54884
-1.86533
-35.54718
-38.85954
-15.85967
33.90986
2.57255
21.46487
16.49857
25.21560
4.69504
18.95862
-5.20010
5.49029
-12.00510
21.59018
-12.50004
-18.54471
-3.31617
8.95102
41.49990
-13.17313
-14.71181
29.97532
-52.00212
22.87415
19.24684
21.25665
-7.78569
7.86919
0.57073
-3.75636
-21.91996
18.74356
7.69161
7.66347
-8.51738
24.95541
-14.32580
-8.30099
-7.03557
-20.51922
21.23038
-16.16111
14.45158
13.74944
18.30346
-11.71262
-11.69522
-5.06245
19.49148
-44.75058
26.86428
3.78497
-25.52370
-15.22849
-19.83367
-25.30471
-26.37424
24.82717
-4.05088
14.47541
-1.37896
10.07715
32.52427
-1.93497
-8.32443
45.19189
-44.58843
13.70264
19.14968
-5.17573
19.80851
-18.51889
24.37001
6.40730
10.19393
4.75333
-8.45771
-4.92575
-43.58470
9.33471
28.28783
8.24085
-10.30911
-14.54619
-7.84373
7.13129
16.09717
22.83297
-9.78276
24.43159
5.78110
18.03130
10.85645
12.25811
-21.91840
-1.22353
14.06447
33.83631
9.02110
-23.44432
19.39665
-1.94028
-0.07722
0.53590
-3.70034
-3.49861
-8.43362
10.55137
9.66853
3.28528
-1.98614
-14.01240
-8.17790
36.83823
-10.00448
-26.20361
14.76874
-17.15339
-26.73902
-0.59381
-46.87096
12.12183
8.20930
-9.45237
-14.65702
-10.36416
1.44443
-14.45449
32.47154
-1.92437
1.03817
9.38099
-24.21003
-2.33994
-0.80982
5.35433
-2.03158
-6.92128
-10.79161
-8.75641
-21.40483
-6.25268
16.88387
-10.27901
10.57204
0.41320
-23.97127
14.59364
-3.68423
18.69181
19.59886
17.15296
-5.63757
-21.15760
2.40595
-12.54683
-0.09764
-22.12716
-7.21054
15.76287
-18.40810
-7.90912
-22.71300
4.43423
-9.52268
10.18111
1.98666
4.16463
-0.71970
11.22793
-20.80384
-30.68405
2.00222
7.36424
-26.69806
-4.02856
7.45668
6.03822
16.79923
3.20495
-2.45227
11.77575
-24.41761
29.86331
-41.68868
-9.05071
-22.42647
0.27161
6.83915
6.08453
10.99710
-0.25265
6.47948
-16.90109
1.91848
1.47615
-21.78613
10.50601
10.07409
7.55869
-10.78969
1.19639
-48.04084
-14.78533
-6.54058
9.10525
-22.61907
41.90123
10.11278
-12.00609
-22.87564
9.38449
-14.47379
-9.70573
0.10424
-27.60697
0.44077
12.13018
2.65184
24.59908
-26.86021
-5.32120
5.81130
13.93936
-31.12079
1.24990
-20.78142
-36.69585
15.11076
-0.69981
-10.67262
-6.53520
-29.37251
-17.08430
-9.45238
-2.35067
-1.81124
-9.02188
-5.11332
3.21549
-6.29422
24.59174
-8.71934
-11.80240
8.53443
3.81672
14.44992
25.43950
31.93793
-6.58199
9.48536
-0.30399
8.49675
-40.02505
-25.43339
18.48744
-3.99650
-0.92794
9.55139
27.28688
-19.22578
-8.07858
-21.93693
-5.75501
-5.93674
-24.92426
-11.10281
-41.05484
9.35744
-16.35301
2.98562
32.51352
-20.96013
7.04269
-5.74200
7.83602
-9.10348
3.34755
-3.57882
47.83474
22.30490
-8.84563
-10.66068
-29.23925
-30.17617
-12.12244
11.30180
