-8.35307
-14.24460
25.46792
33.19616
-5.15990
-0.65432
9.00934
-24.67893
-21.64843
-5.99035
12.19371
20.39530
-2.09611
-13.69478
10.52290
18.74878
24.87780
-3.54432
-14.99504
-2.33395
-12.38562
-12.13577
30.88351
13.61716
-11.00766
-15.73810
-25.27225
39.59877
-16.93508
5.42944
-11.57855
-1.88877
8.79782
15.78499
20.01160
12.01354
5.60644
1.83433
-14.56709
-6.33958
15.99771
-2.51843
-34.72469
19.44703
13.11992
11.14737
7.14419
-21.14287
9.09675
15.32644
14.59468
-33.13786
-17.24373
0.14754
-15.19900
-17.90692
7.29210
6.80607
-32.88607
20.83745
-12.19258
-7.50449
5.91483
-8.59968
2.89259
30.24222
-2.57230
-6.01909
-5.37158
-10.56650
-14.72648
1.45010
-60.35459
-13.90730
8.86358
13.12823
-13.08819
3.94651
8.50915
-8.76616
1.44448
-25.36062
4.24270
7.56419
-28.74630
5.19165
-7.27060
-1.93573
13.14568
6.38394
15.56211
-28.95042
-2.33671
5.23394
-24.55800
-30.24941
1.43074
28.87426
-7.85816
-8.00511
34.85254
40.58128
-3.74361
8.24369
2.04718
-13.20637
34.88300
-44.99433
4.77624
16.47436
-22.98433
18.13371
-21.08610
36.00921
-4.94993
9.24524
27.19113
-5.94825
12.92216
13.41897
-4.19954
-20.72931
31.68460
6.37945
21.05492
36.03440
16.90042
-38.49202
6.85775
1.14166
-9.27395
-28.57337
-17.30579
12.60171
-30.26860
-0.30245
-6.97266
4.61927
3.13699
0.99091
-15.65127
-0.69771
29.25082
-16.84555
-0.36170
4.49948
-36.88918
11.35922
-4.82713
-2.20137
-8.34428
3.94216
-35.89468
-4.80007
17.67875
-14.95077
-25.15056
-1.87145
-12.55317
9.00165
-4.16596
-3.74539
13.52894
-1.75954
-6.75262
6.18103
26.30007
-14.69916
9.86269
-10.90557
-16.48087
-10.66727
-6.19575
22.70273
-14.91129
-14.02911
-11.27868
7.21578
-10.00756
-15.38161
-22.54450
2.79203
-32.16649
10.71305
3.98060
-18.38325
-18.90655
-11.88027
14.76627
-32.15321
8.47090
12.13251
-2.53788
-19.50407
-14.42177
-8.41114
22.52725
15.68136
-2.77095
-5.36187
-15.76491
-9.68650
6.12970
10.47090
1.59954
29.68544
19.26390
-2.03477
-2.46046
-29.16997
-22.68676
-40.88880
41.35840
-20.72629
15.18619
-1.08774
13.48648
-26.61066
-9.33294
-14.73929
-14.99870
-0.76998
-2.99039
20.04226
12.70407
30.16690
-36.35516
7.00358
-22.12887
-6.69502
-45.19193
-49.90099
-3.81515
24.37793
0.35695
-13.24452
3.93205
-1.97036
-15.74767
9.19342
-3.08831
10.02520
39.83023
-1.66286
-14.69507
-1.18165
-16.61988
-10.49740
6.10981
0.08652
-14.35910
8.68569
25.85722
-50.23346
-23.68692
11.10521
18.89559
-19.36483
14.19907
8.77541
7.84421
-18.45193
24.37587
9.65195
8.43424
-12.07115
-0.63794
-17.41828
-20.46221
18.92450
-14.92494
-32.05789
-9.23769
-33.21021
-9.12173
-8.06451
12.39198
-17.76188
20.46676
-10.41193
28.16760
18.17100
-13.73474
18.51535
-9.85284
2.53110
-21.35783
-14.60920
4.83920
1.18008
1.97915
-41.32547
13.28452
13.63502
45.91456
33.39813
21.34844
-6.15174
12.21328
33.57109
18.40358
13.60987
-8.44635
19.67366
35.81093
-23.82655
-8.20165
5.69055
-9.75692
-3.93060
10.41099
-31.39111
47.43009
21.82464
12.58493
-22.00683
-6.63263
-8.31145
-4.53875
9.41643
-6.87857
56.11525
-20.01635
-27.99172
-13.45989
4.41662
-25.40500
-31.08112
25.26449
8.76422
13.95889
5.76461
43.04770
11.46985
-12.86078
21.51247
6.22173
0.20033
0.79057
46.49764
-5.50659
-10.02187
-1.43517
12.85799
14.88157
3.20870
-15.32267
4.90065
-19.77601
22.65440
13.23126
17.91514
-2.40671
19.98670
18.50781
13.23993
9.39895
-1.24031
-27.32157
3.75011
3.27134
-19.99562
-10.54959
20.93464
2.92389
-33.33958
30.82524
10.23584
-2.25228
-21.40847
18.98081
4.94472
2.88379
7.33339
-14.26592
2.82996
1.11612
9.08630
22.94831
-4.26733
-0.81293
-3.10973
-4.23958
-20.51056
-22.34276
47.47563
27.68744
-21.21421
26.02361
-12.13244
-4.39138
-31.20877
26.12064
16.22985
-14.63842
-0.16867
-7.03621
26.35067
-0.36993
-12.24690
15.11148
-19.59014
21.80820
4.98544
-9.19882
-26.06698
3.09064
25.57400
-17.58026
-4.92848
-24.70814
-19.22366
-19.33198
23.79347
24.78264
-27.96599
0.35947
38.39707
-13.33014
20.31563
4.85186
23.18544
-11.30939
22.91217
-39.06848
-26.93662
-2.13282
8.13178
30.44418
-9.39604
10.66466
-11.26977
5.93676
-2.55908
8.27310
-20.84027
-13.72446
-6.39990
11.32803
12.57835
-4.41322
-3.93452
26.21158
-1.78826
14.52201
9.60786
-34.31396
7.92132
9.86093
-10.78581
7.71270
-8.75384
-9.87329
-4.43785
-14.00551
24.10818
19.43964
0.25101
-1.71354
-7.81540
-14.67700
-1.70997
12.29147
11.90839
-5.79552
8.24558
39.32004
-30.92190
13.00386
15.62779
9.54023
-10.25888
2.47598
18.40769
1.10199
-8.13029
0.53812
-6.18912
7.26945
5.15555
2.56158
16.91719
1.83793
-1.64549
13.23612
-21.40525
32.01380
10.29723
-2.35618
26.75591
-9.73237
31.14853
13.73353
-3.57347
-23.06481
1.65202
44.06262
-7.38211
18.33099
20.29471
28.36531
-4.29416
-8.70750
-2.40166
0.91241
-6.15980
12.82844
-22.99708
23.83875
11.64964
-18.19931
11.01703
-7.30941
5.20909
10.40619
-7.55888
0.26130
19.75665
-4.98756
18.79312
26.53103
-0.49983
13.15540
-14.49864
29.73818
15.92919
0.24411
18.48437
-2.11341
-4.41222
-29.53923
-8.28945
-3.26763
31.82546
23.27384
8.68398
9.62048
-3.46888
6.67118
-5.67168
14.48409
-20.43252
-16.55805
-6.54348
21.42896
-39.91918
-15.27324
4.38975
-16.60053
32.87288
-29.71413
-17.79719
-30.14443
2.08018
-13.29132
-1.74194
13.91760
7.50684
6.30389
-2.36474
-10.32596
-5.80785
-18.68280
3.41239
-24.32917
6.43059
10.60405
-8.84502
3.44273
-16.18637
17.37463
18.20438
21.58779
13.08405
34.27829
6.96638
-14.53100
-23.53229
11.59162
-5.28356
23.26529
5.17048
6.36704
-10.36752
-33.79724
9.06302
-39.34905
9.27568
10.00207
-5.36210
-10.90819
5.72123
3.08786
32.49211
18.48488
7.25957
3.37618
20.51749
0.77751
4.12320
7.61506
-3.30685
24.09849
13.88840
-2.45067
-11.48426
-33.69821
-0.35833
0.63378
37.61321
-20.50572
9.89840
8.53521
-1.59447
29.73342
-18.53235
2.32235
-7.71568
-1.40610
1.86467
-28.25068
-6.44404
-2.88456
-10.51774
-12.50455
-18.06120
-3.54100
-33.98078
-19.25885
-6.32530
26.53144
28.12809
21.56237
-22.77515
-6.96375
-23.14313
4.11063
-3.84001
22.41358
20.86146
-15.98798
30.51954
4.98715
-10.40042
3.09594
-4.09464
0.80408
10.98869
31.96140
0.18117
-2.75288
9.34130
-8.82925
0.04946
-29.07146
-9.78719
9.69148
28.75089
-8.57459
-34.06116
7.30020
23.32389
-5.18302
-5.13754
29.92393
10.57556
-7.42932
9.51515
20.27598
32.11984
3.23748
18.18646
8.49292
-18.38839
27.07222
30.92232
7.96820
8.53084
-9.83388
10.35469
-7.01974
-15.48297
28.12501
8.51614
11.50882
-16.45617
12.73155
0.48499
-5.23909
-30.14289
6.55489
9.31194
11.40472
-5.58814
21.90527
6.81288
1.62611
19.19038
-10.55185
5.81081
-1.50133
2.99603
-29.45495
7.20957
8.99933
15.26809
31.65607
2.81524
-4.98899
-14.50399
-8.52169
-20.16126
-20.19423
13.07910
14.39805
3.72014
0.10451
3.47491
13.86338
12.80279
-1.17021
-3.59368
3.96908
35.58155
1.33383
3.71842
17.38219
-0.30114
0.82616
10.81356
-29.24691
14.65102
-28.82867
1.35542
-9.29822
-13.85831
26.85772
10.82828
34.94029
6.56502
-3.03531
20.58211
-5.08166
10.09696
1.63597
34.77738
-20.06061
10.03734
14.71385
-2.66705
-7.87724
-23.18723
11.22440
-0.38715
5.39003
21.86445
24.53891
34.19356
-24.94974
5.11464
-8.86476
-21.91725
24.06812
5.63107
11.79266
33.38350
10.54896
13.75833
13.65290
14.94991
-29.42490
-10.70340
1.80837
7.45569
-4.12744
-14.47874
-8.91304
12.31641
-5.92712
7.47356
4.31446
-16.03024
-4.97557
27.90718
18.27645
13.66096
-22.23088
-32.10494
8.28485
24.41773
-4.54873
-6.76579
-15.05320
-12.30335
23.07694
-8.68498
5.23766
2.36767
30.35885
-1.43319
22.84578
-12.24894
23.40645
4.94211
23.96531
-9.35405
15.00765
-9.73105
12.93574
-19.43531
0.63176
-4.06106
25.62720
2.49139
22.53387
-23.46867
-16.50730
37.11186
13.21771
-24.23075
6.66785
-6.67231
-16.01718
7.20711
-18.97568
13.45752
10.43333
6.13767
-32.09662
-2.80502
-6.66644
-29.69896
2.79810
-39.24075
1.97127
-34.73804
-1.30728
6.60628
-43.44982
7.65191
-20.01323
2.71737
3.35187
2.34850
-24.37419
-0.38395
10.38743
7.72908
-17.18478
-14.12739
6.56402
15.97221
-8.32088
-2.75544
34.09859
-2.38281
17.29779
15.06368
-8.92932
-4.21139
-21.89913
-1.10213
27.04835
-13.05473
5.08982
-16.43849
-12.62338
11.10493
-27.27263
14.90664
8.07348
-13.14364
-6.86702
39.73961
3.50899
-3.42625
2.42444
-20.52986
11.52403
2.37403
41.77503
6.09088
-9.57620
22.82139
-14.84360
0.58803
2.30874
-2.59381
-13.68103
24.25302
-18.48133
-25.50752
1.30284
-25.29383
14.97564
4.62395
11.31517
-30.71699
12.80634
-10.62002
4.30136
7.25592
-9.99497
5.59420
0.35172
22.81685
11.28849
10.25585
-3.98639
-10.56790
-5.57783
-35.45976
-34.21920
-8.18351
13.57298
-20.83241
-15.59449
-8.79594
6.57949
-11.72074
-12.79629
-2.38201
-7.11444
-2.23099
14.43618
2.04666
-2.88099
11.10944
-7.88081
-3.45930
29.04938
23.86719
12.94045
-20.14119
-23.80753
-32.58510
7.25005
3.07611
35.45479
27.76664
3.66046
10.72919
-18.97458
15.71070
-3.42502
18.45848
20.61815
-35.12347
-12.15528
-1.65355
1.14914
16.04184
-7.49426
1.88771
12.11043
15.56792
25.03599
19.08225
-5.11673
-6.20244
16.62494
-8.85617
1.05139
-13.21079
31.39344
19.82109
-8.85468
33.20593
-5.77243
19.90541
-32.57509
1.01771
-30.97559
-20.69107
7.70168
-0.53635
-18.63193
-22.09996
-2.52961
-8.24186
-1.19537
-6.21686
26.54161
-10.62421
0.19497
-34.78268
18.58027
-18.22642
-19.41738
2.44352
13.69530
4.48093
4.81018
-10.85919
13.23993
9.52299
-32.16983
16.39293
-11.90501
-26.18386
28.28420
