5.88956
-5.96858
-16.29695
-10.89849
-2.55760
27.28657
12.62975
24.35294
-19.79766
-4.23272
-23.34389
-12.13622
45.27818
-16.37732
3.91618
-1.77390
-28.33401
-1.21083
11.96148
15.30779
20.16381
27.43271
-3.53148
10.53367
-14.65815
-10.42563
8.93094
0.67467
14.47366
51.80504
-0.53079
4.39439
-16.60415
-27.97272
-10.11405
8.28812
15.58374
8.12384
-13.64793
11.90265
36.45291
4.40362
1.24451
-16.68398
-11.81510
10.18946
1.47794
-20.53016
13.34901
-15.99206
-11.53740
-11.36049
-6.35317
-15.00362
-0.86715
-23.49993
-7.26980
17.17197
36.69730
13.68947
-1.32628
-2.66600
11.50095
-16.72282
26.83605
-18.27761
36.85694
14.75400
-24.21382
-13.38265
-30.25437
18.19583
-42.18126
12.14305
25.91428
-11.51834
-21.76682
-47.65742
-19.19618
-24.93151
7.06208
-3.48091
10.37914
9.46004
31.55175
24.27768
19.37134
23.61620
-9.40778
-40.45854
1.49132
11.13655
26.46274
-14.29790
35.28221
-12.38729
19.77053
-31.46836
-25.63178
-21.91847
8.94203
8.02638
19.58615
-0.78910
-24.68032
0.54579
20.14422
-5.14612
1.51063
-13.96680
47.60769
-4.84521
-13.44396
-1.54700
17.42907
13.19373
2.56975
0.59267
-22.36545
-11.95140
18.73872
11.98523
10.41714
25.15957
-22.09533
4.16563
-7.79106
-18.62583
-27.73885
4.05894
10.13589
5.35512
-5.47527
-21.15027
13.97706
15.76422
29.57853
5.52961
-7.57929
16.80608
3.94417
17.26199
-40.48035
6.50715
-0.97200
-21.77653
-15.71321
-22.32542
-18.43874
18.72597
-18.10773
15.14306
4.13533
-7.87401
2.79322
-15.95790
-17.80461
-16.11784
13.55930
-26.45841
-18.36111
-29.83081
-9.78596
-34.30486
16.74343
35.82036
-21.47493
-24.85427
14.93565
55.77458
-53.57535
17.18849
-7.28460
8.24556
-6.21896
-31.20157
17.82751
17.35875
8.75984
14.68490
24.81225
-24.57704
-32.95462
-8.88824
-17.81402
11.59352
3.19021
35.75466
55.14214
15.39712
4.67047
-21.63442
1.95311
1.69268
16.64119
17.62998
-6.83076
-2.33108
4.31884
-21.66938
-17.33880
15.99243
16.81202
-50.84553
-23.63243
-8.66488
20.13731
11.36146
25.99778
45.75489
-10.46045
36.97477
0.17587
-40.46578
13.89403
-6.11153
4.38240
-9.54603
22.48959
36.42950
-23.91147
-2.96042
30.25655
-31.57463
-1.70377
-9.79563
10.04359
22.06452
13.89068
13.53907
-29.65884
2.17935
22.73290
-20.37996
-22.51959
20.95037
9.99037
35.06727
15.32700
-9.33339
32.67655
21.93000
10.99373
29.51088
7.44415
-3.11308
-35.63458
13.18226
33.74188
-25.91316
-5.64939
-5.76096
-22.18930
-13.66738
-11.36717
38.87525
13.94168
-0.45695
24.40470
-22.16830
-10.77646
-17.63769
-13.18056
17.02601
8.37959
-6.99059
-12.61194
57.00409
8.42642
10.24035
16.92090
7.06921
-18.48080
-34.23773
7.21622
10.60738
40.31920
1.38544
-8.04330
-19.53367
1.00622
-9.30978
-4.65928
13.19783
-4.55064
17.65136
6.09189
15.24904
20.52172
14.35698
23.63412
26.46699
3.75915
21.81550
14.22503
-3.70957
2.90435
6.61754
22.60861
14.05457
2.40831
1.52423
22.04824
-4.33283
4.80808
-21.05318
21.37499
-1.35903
-20.73501
-23.64456
-29.53083
3.45642
3.77298
29.38918
-28.55880
-13.40413
-12.34697
6.36470
-26.03180
-5.17178
-0.85480
-5.83335
9.86474
13.76789
12.16393
-11.97041
33.17799
-25.02318
-3.42321
-2.93376
-8.81850
14.75364
30.88320
2.04354
-24.59952
0.71813
-0.59864
-1.38431
13.68204
1.86788
-18.02637
42.84592
2.19375
-19.00955
39.01820
-0.86018
-28.76811
-21.76250
-25.87761
-13.19665
-40.45437
-28.26838
15.01104
-57.31362
-20.92640
12.75433
21.22412
7.85126
-2.03377
16.17790
-29.31671
10.46363
-14.69898
-36.38948
-15.58184
-12.56934
-19.05383
8.27040
-39.06768
19.04593
-1.36523
21.73899
-21.70374
-3.76920
-5.43663
-9.36089
12.27679
8.16009
-3.45624
16.28161
-13.57723
21.05987
11.80054
37.49940
8.98313
0.04897
-11.06294
-15.89412
-19.39146
11.72956
5.40833
-1.86887
-27.85892
14.59027
-17.98820
42.90863
-4.81822
-13.38714
17.18902
32.69098
-26.78888
28.11897
-53.33788
3.80915
13.38174
-4.66176
-4.54331
-6.36403
-12.55564
8.51692
19.58988
-5.99282
-14.61716
13.63337
-12.06796
-1.65961
23.52657
-2.99877
-3.68872
-2.93679
-6.47118
35.20894
0.57617
10.31066
35.09302
18.61110
-0.79175
-10.16429
-13.82719
-19.21591
1.78246
-3.02553
18.79407
0.30092
1.54818
15.42215
11.20752
-8.73624
-9.72213
32.11833
-34.31228
-13.27427
-8.87339
0.16091
0.18078
0.79270
-11.63948
-16.44897
22.22548
-4.96320
9.94532
1.11664
2.95071
5.69835
29.07858
-9.89727
-17.25120
-11.04874
42.34165
0.15563
-0.35093
-57.42426
-6.04613
-9.82232
-1.65031
-35.17617
-2.07835
-4.85094
-5.23605
15.48344
18.28269
-29.47010
-27.08674
4.80086
-12.46277
29.03915
2.05776
-11.64304
-35.31211
-25.15742
6.58614
-0.16434
37.54526
-3.74333
17.21059
2.86951
-8.60075
12.34056
30.93151
10.69796
15.72624
-33.10453
-4.87894
7.30037
5.35118
-10.13333
-35.22535
-14.45358
-22.56270
-7.75570
0.54921
10.97429
2.11288
-11.63026
-34.64179
-9.87942
-1.06535
-0.25302
1.59933
44.46097
7.83438
16.40113
-25.81845
2.58145
-13.84002
-15.40522
3.42955
-42.25949
-1.16901
23.61727
-14.52563
3.52430
3.79098
-3.24286
-8.98847
2.85528
-7.69480
-7.56979
-10.66884
24.44516
8.44936
17.09924
-21.61493
-4.36817
-15.84630
15.40862
-22.63427
-7.07166
23.06909
-3.05534
-23.54419
47.23810
-3.97948
-22.57804
-16.77203
5.19526
-39.13959
2.27526
-27.16187
-2.65077
-10.47313
-3.23470
21.80907
2.08894
-0.89114
-0.22056
2.07389
-6.82381
-8.72049
-52.48085
19.71860
6.36803
8.89691
-0.38974
11.10167
-9.11076
-6.42454
-16.60263
24.96044
6.11258
18.88590
7.68016
5.04005
-8.14959
39.49967
-3.26839
3.97007
2.06200
4.62491
9.44610
28.32313
-26.97866
2.83681
16.73013
16.33789
-19.79714
38.21572
-30.89205
2.68311
23.92194
-12.01700
-9.88218
-30.40923
5.09737
10.58513
33.50391
-17.09120
8.92202
7.38976
8.97471
3.23210
-19.24085
-0.30103
-7.10146
1.99122
10.87246
12.14233
18.07744
-30.83532
-47.74188
-5.55111
-8.56569
-14.60183
9.35074
-27.78965
12.83763
0.01097
10.66757
-1.99238
13.98948
20.74850
17.48944
6.12473
34.44736
36.97866
-15.50832
-26.46232
-16.45795
4.79209
46.27605
14.00502
-0.63253
-42.77922
12.94225
-15.70982
13.76012
4.88040
14.64042
-36.27456
-21.64035
16.72879
12.51936
-15.03444
9.29946
11.87174
14.28806
29.64849
27.49066
-10.94992
9.64773
-22.48400
-12.77333
12.31711
16.66931
-1.53742
-3.30139
-0.20534
18.26704
-21.00791
-7.10773
11.08366
-31.27259
3.28854
17.44190
-0.21075
-36.17485
9.68467
-52.05932
18.88890
15.63716
9.57403
11.47119
5.32852
-8.41357
8.27215
12.75544
30.61082
5.68644
-4.99972
4.88420
-12.26110
14.84366
-56.31769
-38.78586
7.68627
25.55416
9.71892
17.34922
-5.03343
-2.72114
-10.00218
14.92301
-22.68715
4.35361
36.74039
12.75977
-0.59453
-24.89652
-11.72168
-5.95760
27.62364
-6.65827
-1.83057
22.02173
-42.19671
-5.47062
0.47242
27.03428
-3.99401
25.23319
21.31797
-0.85238
-21.80727
-20.64733
-3.11117
3.93314
-16.94483
20.97634
6.06162
-11.27897
-12.57377
20.15550
5.15332
5.42680
-40.22289
-9.30420
9.71893
16.69544
5.94897
8.97521
-3.31849
-34.06024
-13.59122
9.25041
18.81767
-30.04062
3.86460
-4.55303
12.83360
17.16681
-8.40333
-15.56571
-22.91455
-2.46396
3.53037
22.52757
10.13671
-22.57650
-20.70929
-10.48359
-49.54163
-12.52043
12.18698
24.27344
17.73723
34.11177
-37.22022
2.91472
-9.60599
15.01024
32.27716
-4.74036
-14.56893
-32.08598
-13.76650
1.69950
28.72885
7.24737
-5.20120
4.78591
2.78547
-21.93326
0.99777
-20.45022
-4.99810
-31.69418
43.07519
2.23587
0.15638
4.48146
25.98874
-13.11468
38.95108
11.75499
-44.65763
-26.08980
18.50184
4.76248
1.01163
20.76363
2.18506
-10.56246
6.47117
-24.11082
15.74619
-0.22645
-22.54749
9.64884
-48.72293
-16.69723
16.43350
-7.48794
-18.76437
-18.82610
25.93481
-9.62402
7.44374
2.26748
-17.19705
7.76803
10.08710
-5.69070
9.78895
11.72113
46.49661
-21.50224
-23.10185
12.07443
1.88763
-7.20568
1.81002
-8.45088
-13.40299
-15.00562
2.66206
0.85561
-1.81708
-2.50158
0.14282
22.87666
15.70473
-26.44074
15.92251
-18.57645
-13.29116
41.14856
3.29408
-11.41916
-21.01469
-14.82803
-8.43559
1.21454
18.87894
-48.00772
-3.16042
20.90577
24.25861
-23.67749
6.68803
3.05581
-5.81112
-28.21060
31.20652
2.40842
-23.81150
-33.00159
-7.89725
-18.79953
3.52741
10.05768
3.73445
-49.02281
-2.61883
21.73617
-39.89301
-3.51705
14.54980
-18.69960
11.14013
-9.57082
12.60458
9.84684
-24.00492
-8.90433
37.54009
-2.72377
22.76966
-11.95509
-32.85487
39.88711
46.68261
16.38085
-16.12096
-18.43368
-6.42618
-6.47273
12.36804
-37.05592
-26.02383
-20.15407
8.36373
-0.03199
6.19568
-4.55998
25.78462
-13.32346
-12.20335
19.27030
-1.43491
-19.47678
-28.87518
-20.07165
13.33566
-30.98828
-17.65799
-0.54382
-3.20943
12.06477
16.73979
32.90023
16.57456
-4.79016
41.06067
-34.17714
4.76128
-15.91592
-0.44906
-8.02222
23.93722
7.39189
-19.43868
-21.80818
26.67551
29.65010
-29.14399
-2.92289
-16.71522
13.52626
-47.46634
-8.69181
-15.22041
23.33987
-18.61418
-19.69607
4.93381
-19.51966
10.27866
-32.05546
6.98384
7.01557
-27.52123
-14.34641
-2.11611
-28.60008
-1.84170
-1.96811
4.12980
2.67314
-7.94100
0.75984
22.14014
-7.62397
-36.78426
20.76131
-8.67505
-2.07452
1.10650
13.13703
-21.51078
-32.46040
-34.65399
-9.13677
15.75303
9.25119
-12.14623
30.60921
7.07673
-27.58679
3.96944
5.49140
-33.47734
2.76100
22.44166
20.01779
15.26413
1.31840
-10.23649
-0.65836
30.65149
-24.63595
5.83126
-30.77400
6.53433
-29.68686
5.55849
34.18194
8.11990
16.93330
17.48197
6.41879
1.08248
41.73733
7.32723
30.17965
-5.34211
-21.15439
12.83424
4.88249
6.90885
-15.42015
-20.13142
32.19656
4.75265
-15.04794
-11.02604
11.43110
2.99246
-20.88318
26.31578
-12.21690
-36.66606
-8.31168
-11.71664
33.07813
15.15988
-16.30639
32.78290
30.48577
-1.96181
30.08705
35.52629
-24.16592
1.91144
32.95739
-74.28136
12.11412
2.93001
-27.49364
1.80561
-10.86198
10.11970
-28.33623
14.19183
-12.65671
-9.96384
-16.60371
-26.89735
0.63839
1.05263
2.35193
-37.29969
-5.17153
22.17713
-19.70585
-0.73197
-8.39030
22.67078
-14.22719
-5.58838
6.37597
-1.50002
18.74133
9.88235
-1.59762
-14.32421
19.95447
28.00601
-13.85204
-0.14477
16.63445
-11.14199
38.38013
-10.91741
1.05565
-7.03926
18.44197
-17.68878
24.56306
-8.30382
-13.24555
-32.43332
-7.50959
32.39513
19.90470
-9.63587
21.82642
17.80541
20.04159
-13.46530
-12.10437
-35.93354
-5.19052
-1.51291
32.86065
-9.89715
-29.31831
14.37518
13.53718
-42.52086
31.43994
-0.08137
-9.47560
10.90604
13.28710
-23.02712
2.31843
-44.04179
-7.94625
-9.04171
-38.61615
-12.08553
0.40606
-18.03335
-10.41892
-7.86810
0.96894
-15.62860
7.70257
31.08321
-35.24889
15.44634
26.81020
-13.14514
-3.65136
24.54837
-21.40380
20.80575
-20.03957
12.13724
-35.43752
22.54074
11.65223
7.22297
-8.59052
13.63538
13.14099
18.37844
-25.19444
11.15054
19.65474
-20.84537
2.73091
-7.52027
-27.43538
8.42974
-3.31752
21.23912
6.38011
7.14839
-2.03098
-20.23865
15.21929
-23.68667
-2.34493
-0.06854
13.61192
2.88173
0.90158
36.52947
-8.94604
-5.39938
-9.75403
6.58281
-18.77615
37.32389
-11.46495
37.82402
13.89161
29.72495
-2.32887
-49.36502
1.55886
1.88016
66.96073
-13.08416
-23.13283
-9.41608
28.76387
29.32703
21.91027
34.48072
-12.17011
0.75851
21.17886
-14.52049
4.91764
-21.46546
-2.75193
-9.37319
43.43370
-14.21771
-6.62243
-7.47510
3.22734
-12.16860
-18.03152
6.16561
-16.69996
5.45207
5.19010
26.38850
20.50925
20.62347
-20.99739
49.50229
46.20514
-21.13299
-17.81076
14.63746
5.71792
19.17847
-31.94350
8.78532
48.66623
-18.59853
17.90321
8.93380
-3.20923
8.13996
-16.22405
18.86807
-2.75180
27.98096
-7.58644
-45.39970
-18.25152
-5.23398
-10.51683
-22.79339
-16.13598
-8.17968
-8.59619
26.27986
-5.39520
1.26621
43.27453
13.98580
28.64840
-1.72786
16.06387
15.06357
15.76846
-6.57654
-24.63330
20.35308
19.82075
33.56754
-51.00523
3.57742
-30.81048
21.12162
1.41263
-2.45353
-25.35391
14.08830
32.42857
12.53250
0.47323
21.05429
0.50918
8.47224
-27.03068
13.21310
12.22241
15.14934
8.45295
-0.56623
-5.18950
11.09168
52.29586
5.09129
-15.75356
21.99010
11.45041
-24.25571
8.17020
-3.90569
-28.45268
32.91270
-15.45832
-1.65324
11.01264
26.70531
3.49563
-10.66689
10.60752
-11.72227
-20.67516
36.34930
-12.08317
-21.94293
26.10542
-36.46281
-3.35773
-23.52361
-16.89690
13.13139
4.06527
-14.95885
15.39213
20.43066
-13.25280
-31.61082
-40.01748
8.71474
-1.94631
11.77850
22.41020
30.62091
25.73356
-47.87179
-34.15699
-2.39779
32.82481
36.90196
1.03963
15.58361
-8.41018
-15.04248
23.53419
-25.36585
16.06630
-9.32476
-8.83415
-28.80773
26.80666
-31.07464
15.82100
8.98141
-5.55350
-24.72528
17.65739
34.78938
-27.04752
19.94468
12.69204
-10.35313
23.22847
10.27104
-12.67621
22.46143
-31.25387
-0.33517
-17.36799
-0.43301
42.10239
4.67397
29.08800
57.38031
26.82470
-13.81796
-7.37368
4.44749
-12.41187
19.33823
-11.37435
-8.10373
30.64699
-3.49812
14.55750
18.10023
4.22027
4.72484
6.08624
27.76251
-5.95793
-10.71213
-6.19887
-3.12274
-13.30386
0.72423
-27.55981
-28.61585
-4.71051
15.67817
25.25031
-0.60897
-40.45250
38.33735
35.36221
-9.30552
3.85927
32.02599
-1.78243
-3.86730
25.52593
-34.39465
1.07641
12.77282
0.23683
-27.68724
-1.80150
18.04038
8.17103
4.05392
9.61610
-27.65243
9.70093
43.09906
15.84841
-26.05616
-1.19939
7.54076
-3.61556
7.40380
-13.01147
-5.24042
16.06917
15.07457
-22.44513
3.42863
17.84966
-43.98978
-12.89444
12.10369
20.00638
-18.73974
-21.18171
1.28983
-9.00653
-20.62876
-20.58849
-6.59974
2.68918
-18.93600
-17.30839
3.89473
-8.00819
3.50797
2.37302
6.14630
-19.70751
-17.13228
6.53402
5.76128
20.16273
-35.89578
-6.19923
-3.50075
-10.47113
30.47221
-12.53788
18.29167
-22.62509
-11.51976
15.40490
-24.11711
-16.60219
-2.68569
-15.80911
23.64939
10.94706
14.50701
-8.13006
31.21637
-14.42350
3.02301
6.35120
-38.20657
-13.16812
-37.13424
-6.11038
11.00228
-12.29039
-12.51599
-14.73101
32.51034
0.20142
6.04947
-29.42732
-12.55157
22.09097
-0.62333
8.23436
26.24216
3.86942
8.32998
-3.13381
11.63640
-16.06660
10.74844
-28.59627
3.82296
-30.87994
34.80639
5.71330
-0.81037
-6.38772
7.30302
25.27407
20.24221
-18.03447
-8.10650
12.55667
13.28035
-30.07803
-8.11331
4.64509
4.13386
-41.37333
5.84395
-0.76869
1.66374
-12.24523
18.88043
7.32433
5.27286
16.06104
7.16372
-19.75726
6.10385
-22.31807
-32.13429
1.36220
-13.27538
-20.23188
21.57583
32.43166
-1.33628
-30.39527
-9.59729
-12.59175
33.15371
-0.92818
26.77107
17.16563
10.18890
1.42164
12.70518
7.37793
-16.54795
-19.41926
25.76622
18.20418
22.31709
-24.32310
-4.49538
16.00677
-18.70002
-21.62231
11.63890
-6.21812
0.82683
15.55375
7.56356
16.70931
-7.61061
9.71419
19.79061
-6.06435
6.53350
-25.21184
8.35369
22.98798
-15.18126
3.72594
-4.64388
-1.76227
20.22866
-17.26571
-28.76523
-5.15796
8.37140
-2.69504
2.19113
-20.95917
-3.98981
-3.93048
46.29427
-4.15017
9.13050
6.27385
12.67358
-26.45298
4.23789
-29.92860
15.35857
4.11419
-3.63076
-11.81577
3.17958
-4.15452
3.13095
23.23408
34.38787
15.55363
16.58556
5.12567
1.59346
0.12917
-4.61279
-38.61837
13.66774
11.07316
1.10902
13.80512
-47.21056
0.22718
-16.21334
5.58555
-13.00630
54.28487
9.31700
-2.13377
29.70123
-33.07595
-11.87481
20.28825
-13.52384
32.25913
-14.43019
-22.16890
10.02250
3.35447
-8.92587
12.45297
-13.12915
2.32425
4.94745
13.62980
10.16717
-8.50560
59.87113
12.92799
-19.40851
0.38680
10.01304
16.12103
3.62890
13.54561
22.24082
-11.11349
32.79962
5.22514
-10.43802
15.71039
7.60417
-2.11136
7.30910
3.24758
-2.81384
26.63957
16.91510
-15.21761
-15.91342
-3.48232
7.84135
-16.92510
12.75869
-2.45104
40.34704
3.71534
9.10583
-9.71317
23.42414
12.57008
12.86863
41.07795
31.81121
17.40821
-8.37978
9.79654
13.20358
-31.91130
2.78320
0.53969
-14.26613
-13.24868
12.24574
10.57650
-3.18332
-10.09254
1.91730
-29.50643
25.25300
-22.44001
10.61380
2.04685
22.76159
-9.29718
-6.96740
19.98295
30.11591
8.08328
-6.14755
29.91178
3.22158
-3.83260
8.99879
7.69766
-7.99631
2.58286
-40.68920
-17.66148
-25.03254
20.83462
11.88220
-25.66167
-7.69144
40.58944
-22.58809
11.28110
21.64272
-23.77299
5.55360
19.30944
50.32576
9.58553
-25.20344
-2.46806
-29.36661
-23.93976
13.61727
6.80777
11.94523
-19.87298
3.07368
-12.37880
19.71399
-7.62722
24.70288
-15.54117
-18.31598
17.97744
2.16825
27.34350
-12.09207
4.84055
9.25263
-5.66795
44.22036
31.04044
-34.14781
-19.50627
24.57304
2.60551
-25.94647
-2.50269
-1.55516
5.01696
52.21886
-25.08680
8.61723
44.04595
10.88645
-3.58723
-10.75792
-9.69424
7.83492
-31.87194
9.94863
-14.12968
17.54018
-7.38838
-23.74238
1.60669
-32.72025
-14.68488
-11.79337
20.55598
5.25369
2.98419
13.27726
-31.69911
-23.90602
-17.56547
-4.86963
-1.77683
2.57441
2.84225
21.48995
-13.18694
4.57198
39.22633
-2.88322
-13.36384
39.37689
-23.82650
0.27833
-18.04107
16.56427
-34.75146
-18.68317
13.56092
0.61459
13.20615
7.70490
12.60321
15.64610
16.86821
-30.24470
-19.92681
-6.34525
-37.77669
-23.51957
-14.94001
26.04451
-6.70868
-14.28487
-25.48040
-0.74684
31.30727
24.56366
26.16826
-19.94764
6.12617
16.87656
-2.01247
1.37244
8.36892
-1.49982
-5.99916
26.83442
-4.94340
-5.76440
11.66470
10.48011
-24.20764
-6.50907
7.70738
-24.62386
21.17421
27.82674
34.99631
15.02075
-0.08081
-12.13446
21.82292
1.97489
-3.23078
-27.44287
19.14222
6.62846
-17.13521
-18.63140
-44.19448
4.95378
37.37995
18.48900
19.73413
-10.37216
-6.03459
-18.95123
5.50015
28.61291
-22.72355
35.69814
7.77352
-0.15710
17.39820
-0.63698
-39.32936
-29.10297
8.17145
-17.62563
17.58859
8.12372
25.88874
-16.64111
23.76951
9.34230
-9.79273
24.27523
-4.41738
30.56548
-24.50914
7.17628
28.08075
3.75171
-26.04201
26.07427
11.12127
39.51181
3.82562
-0.15262
1.35748
-51.03365
4.46558
23.49600
-24.53991
19.03053
30.95060
17.44733
-8.97407
16.96209
-8.36801
4.76840
42.94316
-37.92134
-28.83651
-23.60745
17.68126
37.85660
-13.11806
-18.46853
-7.02870
8.19564
14.73138
19.41445
9.00856
-19.69389
3.74439
1.53539
-2.26860
-22.60896
36.61554
-5.33538
11.13705
-11.44850
-8.64373
7.05644
-5.89867
-10.62923
-1.07036
22.85444
-1.94182
22.83228
-42.95809
0.44249
-35.90406
54.79356
4.79576
-3.74233
39.77917
17.48405
-5.24617
41.14280
-4.46576
-1.50812
4.73747
-34.62506
2.72788
-20.01288
4.66274
10.05890
11.74752
25.66280
17.52201
-8.35223
26.67506
-26.64285
21.13374
-11.12554
36.60566
16.79700
24.30187
-10.35212
-3.55278
-1.53241
11.38187
-14.29862
25.56674
5.05417
22.88291
2.19906
28.89411
20.21894
14.34656
31.78170
-7.10529
18.78177
11.86609
9.04305
-0.87808
-13.46327
-10.07986
1.14985
-8.04851
25.37515
9.41086
21.45516
29.09130
4.39692
10.36042
11.69455
-6.85665
-30.81184
17.59271
-7.26297
-4.35877
-6.73497
-11.12768
14.68925
18.32642
-19.02347
32.72560
38.85283
29.32477
-13.74465
14.59577
-21.86205
14.55727
12.64990
24.54763
-9.25103
40.99774
-2.88056
-37.81653
-11.74919
-8.47821
-15.12681
12.78048
14.90288
11.69073
-17.96241
-43.47664
-8.54537
4.89405
7.32669
-4.31646
24.40704
-4.79759
-10.23909
22.51542
-8.18841
-2.69958
-2.14534
11.87621
32.32197
25.59863
16.15236
27.50340
22.54037
34.78100
9.34416
-4.86856
-7.83169
-15.19239
-21.76708
18.30681
-58.54185
7.32544
-21.71249
-4.41315
-3.41749
-15.82922
18.01289
8.86291
0.50515
-5.23386
-12.85690
-7.82915
9.75783
-10.73279
9.04315
0.04599
-40.38056
14.54093
-3.43359
36.23043
-6.71365
9.05331
-13.88489
8.40597
-53.82891
-29.87688
-12.30815
6.99342
-50.13827
-5.69155
17.75305
25.66481
-6.80590
25.38932
10.39873
-24.89282
8.48827
-20.02829
12.82072
15.79973
10.87141
5.15793
-22.85295
-14.23981
-18.45471
16.38899
-5.94072
-8.60741
-22.06814
7.66235
2.83201
33.40790
-11.69909
-39.33120
18.18485
6.54097
13.92209
11.86522
29.62654
20.67097
-32.77454
-24.52289
19.84213
18.14748
-29.38977
10.76885
9.06364
-13.67687
-5.24049
10.18287
31.00619
8.02148
-32.08717
15.78612
-18.41737
1.77273
10.86893
-1.54820
25.36544
0.66188
22.26146
-9.26426
21.20683
-14.96330
7.73895
14.29246
-9.73401
26.14444
9.61593
2.20600
24.84799
-9.86674
26.02258
5.69668
-32.05193
6.02878
-7.12110
10.14100
19.09469
13.81024
24.00229
-12.73715
-5.43891
-0.29562
22.30843
20.08071
-14.89463
-11.80292
28.87145
34.35322
-19.14745
15.97882
-3.52428
14.09452
-1.95360
6.44634
7.12513
11.32674
-44.66387
2.63854
5.42479
-12.98989
32.49787
6.62166
5.38159
-5.04022
7.86110
-26.53732
-29.26644
-13.04529
11.00223
18.80895
12.88465
4.02169
-4.75287
-20.60953
7.01230
4.24323
-8.92193
-24.65007
-0.32659
-14.38952
-21.30318
46.08392
-16.01043
8.88707
-17.60260
20.30462
-25.63250
-2.66467
-5.78864
5.36464
2.89515
0.01977
-26.28432
-10.46890
12.55219
4.37227
-17.47758
8.32774
-8.41383
15.38490
15.09392
-0.75932
-0.38366
-18.36716
0.28603
15.17743
-14.00482
-6.96255
23.43403
-16.37483
29.03397
-6.53824
-30.35372
25.27146
1.19746
25.79965
-11.75395
-21.70541
14.08777
9.37931
-8.75925
-9.41554
-4.82920
20.28068
0.07901
-24.62306
-10.36966
-0.16248
0.71554
-24.27224
20.58919
19.84552
-1.03803
-20.29252
3.07857
-41.86342
-20.72780
10.97396
16.06352
-16.80607
-6.89917
3.80287
-27.62462
33.92105
-27.48893
-44.18743
-18.94522
0.79907
15.21053
8.64622
7.75925
15.08609
26.62753
19.55288
-32.00488
-36.57625
-8.90701
3.16967
38.38822
10.35129
-21.42585
-17.55836
-7.55358
-14.50835
-13.56479
-9.08429
33.82113
-16.36795
-1.46937
-11.31865
-29.64009
-13.62089
12.71572
4.09850
7.92083
-21.89710
-11.36242
0.91136
-9.69652
-16.01473
-13.67434
41.05249
17.08646
-33.97535
21.67280
-21.45590
-14.89561
-26.29991
0.81306
-3.46293
-28.43875
8.23150
-19.07963
36.94222
-19.03396
-1.56100
-20.36018
-7.52784
-31.10200
-5.96807
5.93152
-7.38280
9.06039
-38.04357
-34.73896
5.08949
3.16311
3.31101
45.21647
15.39958
-5.37926
-26.67579
-2.24930
-23.82700
16.41626
11.25794
24.62216
10.56324
-33.74311
-4.64438
11.93821
13.35654
8.07868
7.93380
8.29188
1.34397
-7.16165
-21.21083
3.36136
17.58755
3.29021
19.88296
6.95619
-5.53403
23.63915
-10.91416
2.29297
3.36715
40.10816
26.79479
11.27870
-8.91810
7.39232
34.71555
-5.58482
-24.21006
-36.30657
3.12378
-10.89383
0.72107
17.08699
26.88734
-13.80034
-44.02115
-27.11101
-19.46895
7.50389
24.00096
-4.06870
-16.82196
-18.24641
21.09795
20.75592
-32.77445
16.26297
15.58118
-21.27139
-18.69938
36.53741
-8.57579
-6.15961
-16.85117
26.47083
5.01413
-41.28028
21.48273
7.51403
-9.66353
-11.87874
15.64270
8.27548
14.95089
-16.63959
15.61975
-7.05538
12.70947
26.20923
30.91213
15.47818
13.25152
17.87688
-22.70783
16.23403
18.17413
-26.25669
21.39291
-12.17695
-29.08120
16.14475
13.05278
15.30213
-16.63039
18.99266
-21.14256
-9.69635
-30.39142
-29.50873
-6.58445
29.64469
-10.43010
8.18161
13.05018
-16.92595
-5.48125
-0.52992
-12.95926
-2.54087
16.44653
30.93459
3.35623
24.81064
-2.96215
-17.31438
-15.45258
43.63645
-23.14817
1.54346
-18.94910
-1.77041
-4.10690
23.06339
15.81590
12.29262
-5.08266
-12.41059
-21.63303
-24.22684
-31.66987
-13.43967
1.93117
-16.30929
11.84721
-3.39926
-30.96410
5.13317
-26.69892
-3.96365
-0.61566
15.29575
3.74177
24.19614
7.43789
39.08927
-10.41726
-24.29245
-5.29475
-17.43220
28.79213
-25.86139
18.45147
18.51691
-9.21006
20.33284
-21.26873
24.79806
-2.68575
8.70831
5.93624
-0.80291
-2.09991
17.46117
-0.77451
2.05273
-10.72141
-12.67998
-14.40427
0.82652
-6.87363
-42.38042
16.88611
25.33429
-10.54542
-9.29788
-16.27210
-8.95263
-3.83310
3.73868
-0.69188
8.71362
16.27512
-31.44006
-10.94151
-21.92013
12.80454
26.08017
-0.37318
12.95852
16.59002
25.81907
38.72156
8.21687
-3.29372
-14.91857
26.48889
-24.85354
-2.33637
-29.54053
20.98521
16.23550
-2.79607
34.55509
2.35656
-9.04543
-3.44412
-14.49649
44.00653
14.65824
26.42073
0.62765
10.01430
5.10523
-8.68348
12.01069
-7.36075
9.77726
3.87176
-9.37651
13.59710
15.12277
10.91803
13.78788
-19.42433
12.02920
20.08509
-17.28402
8.04702
3.92678
23.20209
-4.93796
-39.97130
-11.70089
4.69465
-13.72435
-26.58037
-12.11652
25.47995
-19.13250
-4.80248
5.65683
7.96677
43.51995
7.09167
35.79629
-25.93157
0.77030
-34.44279
-14.46253
9.26944
-21.17513
-0.49778
47.29957
11.74825
-5.52516
12.15243
-9.77570
1.73773
2.47052
-60.47662
15.54456
12.46697
0.79576
-6.97706
2.88370
-24.42340
-25.45011
-35.75779
10.24124
-2.56912
4.30478
-18.48293
16.18845
36.72042
-18.24279
-14.99263
-12.50845
-34.10328
-3.08310
-34.06419
21.23493
-5.05570
7.02137
17.55588
0.77626
-29.26961
-8.23354
-22.38515
4.18003
20.47936
6.09535
43.86232
-2.56151
18.42999
0.82468
3.06262
1.50548
-7.95677
-28.18566
-20.32902
-3.51258
23.00318
-3.97311
1.90396
8.25690
-54.53594
-3.99474
16.39829
13.98907
-2.43799
-34.59087
15.85081
-14.27243
-7.12971
-5.59158
-15.82200
-20.90479
-34.43437
-13.35489
-9.60618
-1.30937
-7.29871
2.87909
-8.68979
-25.26934
-4.49707
-12.20711
-22.59692
49.32390
39.11588
-35.69220
5.11596
-5.61983
14.63104
24.43760
-7.25119
-15.03099
10.28608
-11.15054
-31.71913
23.43643
-30.42343
12.41053
-0.46983
-5.33268
-18.91436
-4.14954
0.82406
-24.48947
17.97298
-8.75476
2.58543
2.51041
8.02870
-5.36607
-5.78959
12.06504
-8.69315
18.87461
0.83022
-27.44336
24.77708
0.20258
-1.26832
-7.38827
-17.71124
-14.26341
-15.86070
2.00169
-0.99179
-5.04608
-17.56360
-32.64955
1.04733
-10.51160
-12.83421
35.44159
7.92745
22.35150
-3.83179
3.49338
4.28402
3.05157
6.43688
2.17554
19.19904
-14.08053
20.06918
-1.14833
12.20404
11.83377
24.18055
9.05682
-24.23754
-2.89136
9.58475
16.35618
-2.49960
-25.14348
-18.91444
-19.13120
-7.34340
10.79776
22.07493
3.32941
8.83274
-10.73702
-33.11240
8.46232
17.86239
-1.15670
13.05925
14.01707
1.07370
6.99491
1.36250
10.57842
-5.24263
13.40172
24.31336
5.45472
23.88532
-13.70234
7.40338
32.29492
1.41370
0.00180
-23.38412
-12.93635
20.51847
-37.60110
-16.48721
-6.22294
-14.69582
-13.39876
-12.81654
25.62039
-22.13722
-10.11416
25.97901
-3.65808
4.72608
-31.01271
41.18397
9.90508
26.31739
-12.39696
-40.47743
10.93831
18.81232
-31.44229
-34.22587
-2.89556
5.23680
5.96005
23.96637
1.23200
-23.88400
22.01436
-2.20558
5.56749
-10.80526
30.60802
7.74836
31.97284
18.84897
51.72598
-15.75983
19.71851
-8.66748
19.44794
23.09550
3.26514
-2.84418
15.11656
37.82474
23.92268
-17.99455
-38.30901
9.16508
-4.66102
-23.19694
-5.10484
6.28940
-19.29625
28.44380
-12.27008
-6.57787
-7.87814
20.99275
13.17201
17.17889
17.79206
-13.29113
11.82906
57.97931
-17.18390
-25.46696
-6.56752
33.26998
0.87307
-6.63296
-30.79325
54.61001
-5.93427
-23.12229
19.27048
40.28237
14.49879
-28.20813
18.53892
10.49650
33.32461
-5.81329
9.49129
-18.43166
-15.15888
8.36524
20.85010
-6.72565
8.10530
-49.14378
25.61013
6.45785
-3.85130
-16.40122
3.82832
27.22135
-14.20795
6.64157
0.88241
16.79053
2.67881
-1.40299
18.66028
-0.52050
-6.79315
-0.62541
-1.21008
50.39676
-19.33848
-27.51999
3.00322
16.27559
-1.28721
-5.83838
7.23073
-3.81846
-0.72899
-16.07012
-6.45228
-15.38263
3.06295
-13.85737
29.83152
2.03051
-3.02033
-3.54892
12.93406
4.47380
-1.47908
6.89112
-0.26945
-9.27563
-44.79524
26.38849
48.30327
3.69828
-26.86455
-16.71666
25.69270
22.52898
34.52109
-38.50850
-10.31175
-13.98927
10.48248
2.93173
41.49168
-1.43304
14.96897
0.51246
13.66567
-4.59891
16.43015
-26.33534
35.33921
6.83046
5.93516
-6.50078
37.56469
1.04430
-16.90681
8.19090
-7.85016
14.05481
-19.31057
-16.11502
-12.56218
27.08590
-25.88556
0.08369
-18.75505
-4.56084
25.93430
-4.34835
-31.64556
23.47609
8.08355
-28.97768
-10.08996
25.96474
-15.39753
31.78733
-0.75754
13.59149
8.70086
-11.18540
-23.35347
22.31805
8.86945
21.70891
8.04907
11.83821
16.37974
-0.22084
8.86608
-13.11873
14.70756
-11.32692
9.61309
-11.16457
4.39762
-9.33108
22.43380
16.09162
0.86041
1.50454
1.53038
6.23751
-15.42262
10.36570
-25.47021
1.59300
22.68528
23.29338
-35.63727
14.20006
29.54699
20.78428
6.93050
-15.90508
62.27865
-11.17435
27.35374
-47.57989
24.95764
-7.03686
-32.19345
5.66451
-11.91680
-25.84018
12.22066
-60.48634
2.14088
-14.11047
-6.09307
-9.11513
9.05568
-32.61288
-16.72713
17.77341
-11.12926
17.13039
-6.42060
13.62821
-18.36708
14.96428
28.08397
16.98826
-17.28670
-13.72406
-14.50541
-23.82534
-41.08825
21.45248
8.45037
-32.55252
-41.74576
22.65656
10.24913
-16.79777
-28.95734
-1.59219
-1.37316
-0.19861
-14.10953
23.87074
-29.17200
-21.49214
6.00082
-10.88524
-1.91919
7.28787
3.60733
-14.72944
-0.46467
12.89978
26.76200
-4.70801
20.95820
13.17934
20.59513
-19.60295
9.39260
-17.64873
1.80909
15.32772
24.04875
29.46089
-0.48883
12.15880
18.74328
1.89020
4.61441
-18.09732
-14.25508
-35.20631
20.18198
-43.28192
-8.43763
-3.38035
-27.99691
2.44089
18.88688
-42.23649
-18.62099
-10.03594
2.64478
-13.76294
17.12430
50.57890
-5.55503
-2.63597
14.65057
-19.03190
-1.22730
-9.12740
-13.48624
0.86447
-10.46225
-6.93188
-30.78203
-8.13179
13.74209
7.31714
4.36382
19.93879
1.06170
-21.63572
9.91963
-0.65424
-3.19236
-27.90650
-6.12084
-9.77898
-13.19320
9.87381
-15.21113
31.81398
-27.58421
12.17292
20.21197
4.93641
-43.17589
-3.52542
-7.05119
10.72333
-9.93065
-8.98950
-27.43705
-8.32896
0.83051
-25.86378
7.21005
17.98624
-40.82711
21.75881
-30.42769
-6.57674
-1.54356
-22.54434
-7.02028
36.68271
-1.04837
-8.34641
-15.19215
-26.69561
13.77309
-4.81720
-47.07630
12.22648
3.55288
-21.89470
-0.17693
-22.69493
-18.14878
13.98879
-23.08598
60.88600
-13.72893
39.88244
-6.18527
22.14955
11.11770
-22.09583
-0.77628
-14.03339
13.68851
25.35841
-8.72103
10.78540
-7.69720
1.21434
-14.65942
3.56057
22.37570
-8.36718
-18.28623
-17.28590
21.60040
32.10092
2.09654
32.94526
5.90595
-10.29133
-13.77544
-5.89430
-18.58419
3.55742
-17.45644
44.47929
-9.34049
16.04004
-16.83599
10.62062
-15.58515
18.14280
32.89560
18.61083
-0.56022
-9.96245
-29.80860
19.49685
-13.91701
12.24380
11.88486
-1.20625
-26.84670
28.33065
-31.50808
29.35564
0.26022
11.38295
-9.26417
14.34982
17.16544
15.35381
-30.47832
-15.10021
-3.94440
-2.40278
-10.83731
-26.48139
3.28547
-49.86184
-10.25921
22.53415
-28.76729
16.04144
10.87795
43.88757
-40.12925
-10.24612
5.33542
-24.46894
25.92478
6.95588
-33.76834
-21.42358
18.66578
0.10203
-25.89233
-14.62693
10.66296
-0.44447
-10.34106
12.27305
-16.77356
12.71277
37.35524
8.95057
-11.80829
42.04351
-5.99413
40.49403
-37.03643
17.27139
-14.60713
13.41776
14.47883
-22.73346
-14.19820
-1.06558
14.94499
-14.07407
14.68978
25.54142
9.21754
15.39105
24.16590
3.81428
15.09179
-6.58515
-5.44199
-13.87460
6.07454
1.53844
-19.52634
45.46171
-9.40600
39.26718
1.20227
16.79544
4.28759
-0.85834
46.23391
9.15764
0.35884
7.52672
10.82191
-23.18724
-27.47698
-9.69111
33.22370
-31.94127
9.89906
-15.89059
5.13674
38.18765
15.74377
-2.57784
-40.93726
-44.47017
-11.24691
-40.54768
15.90843
-7.74117
-18.06816
19.90038
8.70057
-3.89836
29.74427
35.46530
-12.04456
10.53590
-2.10216
4.45234
18.17679
13.91507
-34.41190
-0.41558
20.25212
-20.36791
-20.16523
20.72569
21.04024
-14.46134
-3.67599
5.74284
35.25391
3.66620
22.07815
-18.08487
40.11336
3.60005
2.56633
11.59841
-29.51428
21.35924
21.75983
-9.42112
23.72962
14.11508
12.84689
-15.35706
15.40388
8.01299
-10.61353
5.24305
36.24042
0.92511
4.27557
-8.70248
21.51774
13.12579
-9.40581
-22.18124
-14.24432
-35.33647
-2.71178
34.14929
-24.06646
26.49354
-13.51106
11.58672
1.31251
-27.13770
15.54317
6.63122
-43.61736
7.35101
-0.52857
1.82325
7.68115
-42.31707
29.88246
24.25560
-12.88649
24.22888
27.76524
-1.00730
43.80306
-5.98964
2.97350
-12.93826
5.76288
-33.32162
15.42699
3.64522
11.92490
28.03470
-14.28748
-28.46792
-16.03920
21.58578
2.38355
-9.43223
6.41519
-5.20006
0.62425
-29.86673
-20.82678
-14.56885
31.64121
-9.73350
-6.35319
-4.38508
30.06339
-2.33722
-18.87732
20.03533
9.85443
-16.03775
1.13125
2.88028
-5.49782
-3.22048
-26.35920
8.70317
-24.78724
-11.91906
-20.95987
23.57650
14.82492
-8.75014
27.39437
-7.86633
-6.24670
-13.98253
-10.84034
5.05164
6.95643
11.91921
-23.44813
-10.02078
-35.35908
10.27740
5.33778
-1.00042
-18.06575
17.94542
6.68794
-3.53582
0.63444
11.96778
16.66198
-33.62753
-2.23462
16.04289
-52.02420
-28.22182
2.99143
5.90684
30.64852
-22.13570
-2.75620
0.59747
-23.33839
-10.37103
-41.40555
31.24681
-11.72364
-2.37644
-3.88379
1.73487
-20.96161
8.44922
34.47346
0.30756
39.70565
-15.24726
-15.03620
15.33286
23.71189
36.31006
-34.52856
15.26439
33.21478
-33.07174
7.77182
11.83570
31.31711
-9.65634
-7.15434
23.24387
-10.25880
4.64805
-32.75871
9.41656
-5.62861
-1.48046
-26.48638
16.03025
6.42327
-31.68483
35.16104
-16.65118
-13.32182
8.61005
-14.20343
29.27282
-6.16137
32.00009
38.81821
8.75899
10.49624
8.71617
42.12877
-2.90603
28.19319
12.95592
-13.89922
-11.31840
5.79547
43.04429
22.44852
17.79007
1.27342
4.63276
-40.31303
-3.96857
5.02603
-10.68066
-2.41801
8.43702
18.94536
12.19960
-3.20009
8.87703
12.37604
-16.42621
21.38107
-14.18972
-5.99554
-10.95999
-2.70819
34.00982
43.31256
-1.01128
39.04903
4.81012
-7.43884
-8.34547
20.05545
-10.68569
0.42642
21.12988
3.67037
3.78516
-3.22924
17.83041
-33.30965
21.39295
11.01712
-7.95099
13.89885
21.05257
14.73960
-12.67146
53.72356
7.44147
22.24157
9.19595
-21.73145
-10.42447
-18.46973
-1.42493
16.21157
17.01001
16.88209
-26.22481
28.54608
-9.30554
-32.24945
-26.30645
-11.37832
8.70843
14.58401
13.13685
15.18279
2.72069
13.81536
-19.73304
-14.69486
30.83865
-45.04142
-16.08463
-5.28764
19.86034
10.14744
-20.31743
19.19172
1.60053
-5.93541
-7.85880
-14.67466
-8.52800
15.00833
7.68385
-16.98721
3.69257
-3.77249
-9.77391
-6.29844
-26.21683
23.00694
-26.13266
24.05117
3.86155
-8.19405
-7.34215
1.56410
-7.84385
6.21103
13.91744
-6.18949
-27.49140
13.57123
11.39272
-18.75487
-19.83483
-13.69191
-21.46169
-10.76442
19.16147
33.32486
-13.06431
-19.85031
8.09440
13.56761
19.18674
-23.82798
-14.20155
-0.83896
7.05026
-10.13966
7.05299
-4.11693
-3.73831
9.39516
35.32031
-4.44217
-33.46038
-23.24844
-36.87162
8.22769
29.65609
-15.67955
9.07708
14.21085
-17.93995
-10.95689
18.08519
24.06568
-18.23014
-14.44887
-11.35149
-33.79553
-8.86294
6.23779
13.13516
-31.34005
15.68578
-0.61704
-18.37326
-0.30680
-1.08811
-11.03657
18.58053
-27.82944
4.90095
12.69150
2.64676
17.22305
14.72325
-8.17373
-33.61935
-31.50653
-8.79543
-24.45269
7.87590
-18.53166
-17.99899
16.91705
15.69707
-26.32604
-27.01264
5.86689
-37.51981
-5.40694
-2.99774
-21.24041
8.78513
-4.73199
-15.38157
14.85453
-2.49413
-1.06890
6.05557
9.05470
-27.29629
10.75492
-9.63513
-16.00435
-14.96362
1.42223
19.48672
-38.73738
-7.56396
10.40086
-32.72963
6.81867
23.55250
-3.74564
-22.64912
39.59718
-17.47285
18.66064
-1.44304
9.92124
40.54286
0.21935
14.24490
-8.61389
8.66619
-17.19191
-0.99741
-26.60561
-1.71271
-12.11696
25.10964
4.87324
13.99507
14.18737
-17.37300
-33.61844
1.40054
51.64566
37.58222
38.77209
19.45350
42.02458
-26.19742
-2.38686
27.45091
13.45400
-2.88081
-0.27393
8.78099
2.30854
40.75281
2.03461
-36.10062
-17.97194
29.18955
-8.20357
-5.83232
-7.51308
16.62024
-27.94328
-13.10588
2.71565
3.34435
-30.24708
4.35477
35.79724
-6.87800
-3.50087
5.49209
6.38253
5.47050
32.34371
-32.67783
-13.04752
-4.21025
-52.52142
0.25406
-1.20706
20.24083
16.20497
-10.72642
-6.97241
-4.83883
-1.12690
-19.83332
16.78880
40.48266
1.18688
-3.46460
10.75049
-8.39233
40.16482
3.95752
10.31565
-25.61898
-22.14025
17.02053
11.64435
6.33509
3.04149
-15.04774
-12.12366
-16.44773
33.78581
-15.05448
-12.42232
-12.96068
-15.87421
31.49989
22.14748
0.79586
-8.81076
11.12797
-30.25459
-7.35052
4.37961
-26.34081
1.17409
-2.45151
12.34976
10.56380
10.47328
6.53884
31.24997
-11.64424
-18.40677
-19.55333
-0.05338
3.03237
-1.59093
21.46043
-7.50414
26.85000
-25.66967
1.46615
-17.13932
41.88663
-25.88115
-14.08460
-19.79155
25.24334
-24.10526
29.79180
21.89672
-20.50599
1.22743
-13.80688
8.33819
-13.87224
1.70916
-30.85901
-3.35525
-3.20435
5.42329
69.29715
22.72159
31.76155
12.57957
-2.55839
30.92500
-1.15902
7.31723
-22.98946
-17.45236
44.73399
-31.87072
8.28858
-44.28898
13.03836
30.30057
-13.44948
-27.43380
-17.44010
26.85304
2.47731
-15.52325
29.95976
34.71972
-42.07883
-50.41168
3.89462
-23.68643
1.53476
-1.39497
-17.57612
4.87641
27.72131
14.91543
-22.80075
-25.86877
-13.48449
-14.08818
6.09883
8.85356
-8.57964
-4.79017
-13.84370
1.42210
0.25317
-22.79418
18.31009
-17.26074
-12.21719
17.93825
0.60213
23.71274
26.94372
18.30885
19.70165
5.70442
21.47855
-13.42962
32.48420
27.81679
-18.97999
-15.40798
-11.61342
-19.18844
27.44370
-15.84566
18.10353
25.11797
2.15261
-12.47240
11.01116
26.89340
3.61694
-56.61001
8.00694
-18.80314
-26.06645
2.99881
24.00218
42.24336
-4.90155
34.02619
17.67321
-6.70521
-2.22482
14.39303
27.77631
6.33321
-15.04352
31.26585
12.50256
21.05846
-25.24637
-38.99739
17.45211
-22.51933
21.00589
-5.40288
20.15539
1.33819
21.36613
34.06351
-7.82641
-9.53551
5.81775
31.18345
-12.96082
-11.34304
-25.07466
-28.66655
22.73762
26.09243
10.59722
-0.32527
13.47046
5.96349
-16.84209
47.66564
-33.55032
6.57122
33.23363
-13.56259
0.44135
4.64403
28.93316
-3.60164
14.29656
3.39695
12.59255
2.07772
-5.50078
-6.42279
-18.17944
-25.50651
7.15181
6.81902
-13.51403
0.61077
23.45586
17.31280
15.40033
-0.97725
-32.53160
0.13852
-21.26376
-9.32060
-37.14045
27.06604
8.35515
12.02355
-8.50794
35.54377
13.11686
-14.54918
-3.39037
-11.97354
-28.56932
-26.70201
-13.45203
35.24372
45.38313
-43.45011
-9.08593
-12.47625
-11.29203
-4.55339
3.71089
-6.04969
-6.92116
10.70947
-30.13270
-19.05129
21.66790
-20.65380
4.95752
-1.96738
28.08288
5.38916
-26.31071
5.84949
13.68116
-11.45478
0.81192
11.22687
18.50883
-15.17680
-7.48183
6.15413
34.82777
3.94318
-23.56135
9.39468
-24.75955
14.48536
23.51435
-23.06618
-10.55393
4.49903
13.69916
-11.37110
1.93965
8.57114
3.64395
1.65844
-34.05871
9.89277
3.20509
-4.40280
2.96519
-15.54329
3.93886
11.59711
-19.41074
-28.37028
-19.12733
24.15407
-17.57976
-13.63323
13.73229
-12.65892
-22.25661
-2.17266
21.96793
-14.27195
10.39957
4.97193
13.22767
-4.82272
12.49613
-2.06634
1.82110
-14.01054
24.24619
0.69889
31.54080
27.12575
9.61666
28.36357
-18.76255
16.69968
22.47993
-3.51526
-20.36784
-4.09100
9.67397
27.76449
1.32736
1.57644
-0.97782
-5.19766
2.06409
8.34553
40.19190
0.42570
0.60132
33.72142
7.34979
0.10942
-8.09320
-0.13705
-44.67647
-11.85756
-21.54544
-6.80154
16.05255
-16.48741
-24.01015
1.77537
-21.30759
26.65095
-18.18657
1.75282
9.08105
-15.41593
-4.46835
2.01317
-18.73054
4.65292
10.61294
7.14917
8.47098
3.73557
10.17949
-12.59028
-1.24323
45.20471
18.46244
5.08203
-3.99678
3.20019
-22.68956
12.42210
-2.92799
-20.85070
36.99424
2.88746
10.86692
13.84763
-12.30973
-8.90042
22.61178
13.64207
6.73012
-1.75243
18.60429
20.49594
23.58003
-27.64499
3.66423
-29.17143
-15.93740
8.88216
9.91912
-0.11495
13.02014
-49.54837
-13.27728
-15.88310
9.18791
11.84896
16.03160
6.39944
22.02247
3.76035
34.76406
4.15264
-5.29284
-16.36590
-12.06356
18.56692
22.40429
-24.92714
28.90459
55.48870
-10.99013
17.30914
8.26453
-2.42043
-8.51560
10.24419
-6.32525
10.85654
-4.70040
-13.69746
15.69915
-12.21828
-13.65886
24.10127
-15.93655
15.41145
-38.69522
-14.81632
-13.09633
-14.42455
2.15754
-24.96233
-11.69147
22.83064
-16.23636
-0.57253
28.69257
12.03752
15.70982
-8.42379
-15.50383
9.19380
5.22524
-2.06603
-8.86444
-13.21772
-9.01643
8.19914
21.49152
8.81004
13.32021
-29.61450
-15.37521
-17.20544
26.22814
59.41805
-33.97876
11.29809
-8.25891
-16.08030
-28.76424
21.51571
17.12234
-1.20147
0.30422
-28.22473
16.86933
-4.04411
-8.49978
30.28704
-42.12771
-2.03979
9.05770
34.03973
3.81935
10.78047
-35.17505
11.22941
-31.86742
-41.70243
7.33927
-5.84900
-14.02910
-25.86803
13.91806
-29.45649
-4.78276
14.40199
-13.79668
-9.93000
-4.98762
12.37591
-12.29063
39.50084
2.87345
-9.59657
9.81013
-19.98706
10.20227
6.71126
-3.63881
24.88482
-20.40045
-10.47720
21.54809
5.53381
-13.23358
21.08960
-13.02197
-20.45962
-13.48152
-11.93279
5.72548
-16.52108
-2.31863
-35.32284
15.15338
12.09278
-19.66022
-22.14719
19.03507
-1.57431
-22.75325
2.79727
25.29796
16.59535
67.86276
-4.50344
-10.57670
13.43503
17.75091
7.48188
9.85315
28.57615
-14.35726
-11.63195
39.85138
6.07169
10.50419
45.09401
31.98811
14.39767
21.10447
-14.23212
0.07289
-12.22613
-32.84496
-28.52114
-6.67978
-16.50186
3.79117
-6.91541
-18.55564
-34.87536
-9.32260
24.46229
-6.98661
-12.57230
34.50688
-18.03355
1.38435
-22.87295
-34.14533
-2.57803
-8.76127
46.13441
-23.48969
1.52805
0.96229
25.47491
-26.32173
-22.48977
-25.21788
-17.39699
9.31464
26.24786
-0.11621
-4.58724
-11.08749
-28.44060
-5.72821
2.41440
12.76044
16.78223
-9.63191
35.92694
14.02516
-27.21046
20.59234
21.27774
-42.60684
1.13501
-10.77578
6.21264
-7.26648
29.58570
-32.17522
0.56669
-9.53635
-4.68632
29.85989
22.19567
-12.29367
-21.69873
-5.51447
26.41609
5.62851
0.50639
-12.18195
31.83432
32.17829
-27.33918
3.95959
-1.26552
-3.55999
-18.09972
27.34723
0.75027
7.92859
29.47529
18.87450
6.16807
12.78131
12.77596
16.20963
-31.84829
53.26911
-12.30201
-24.24304
0.50710
-0.53262
34.31297
4.47488
-8.01390
-8.22058
22.52299
28.34280
-15.17735
37.85816
30.55307
13.06767
-40.38885
30.85924
-8.54103
-7.56384
-40.71748
-29.58029
5.86028
7.96012
-9.52826
-22.68013
32.56807
-7.45274
-4.69274
-19.22556
-6.81644
-22.57554
8.91957
-28.66712
-8.83403
-20.36054
-16.66296
15.81964
-35.60820
7.34672
4.39668
-16.96773
-12.48523
25.25431
43.86810
20.33536
-8.42520
-38.35266
-20.84726
-5.00256
-46.23198
1.45882
-30.21823
4.61809
-14.00775
3.90165
3.84076
-11.22549
22.98635
-0.20859
-49.66564
-16.17857
0.23999
11.77196
45.23238
-23.12153
18.42511
-1.13539
-13.90406
20.55978
-4.38635
-1.66967
24.78626
8.58204
25.74262
5.51420
-4.43474
-4.55766
-20.10024
-4.90895
24.57487
-9.54518
-25.90509
5.00566
-23.11267
27.24666
-35.42697
-12.81376
-13.19330
9.52605
15.89865
-2.98069
16.14774
-20.88310
26.85438
3.20256
8.88536
11.21497
8.61087
24.12848
21.23970
-18.24576
-5.74300
-48.53206
-8.84725
-7.16072
-9.86357
12.67066
-14.31041
49.20722
14.12184
-10.78091
22.94347
-2.16256
-2.75628
-21.01669
-1.68166
18.02986
-16.57889
-2.42958
-24.13194
-13.62573
21.80012
12.22484
0.99590
30.32315
27.19239
-6.55621
10.96376
-7.92953
14.83852
26.31068
19.78081
3.66423
-9.43886
11.71746
-26.26637
-11.21330
-18.91579
-20.01265
-13.04524
-1.91284
-3.48031
-3.75446
-13.12597
-22.16309
-9.58205
17.23283
-27.99185
-13.16391
-13.17040
-2.77460
-17.85182
1.68910
-3.95563
3.40636
24.25836
8.48568
-31.62305
18.51039
16.90379
-18.34942
-6.71286
42.12116
-22.80753
-19.05728
-21.28120
18.47799
-0.16568
17.57278
-30.27682
-13.00501
20.86457
-31.43455
17.59974
-18.73005
33.56557
16.00678
-1.09329
12.47003
-22.05926
39.97049
-16.00181
-10.23862
-6.88801
-41.08768
0.98938
-9.18870
-6.94412
2.73755
23.09637
21.55884
11.71731
-18.00972
-3.80408
-1.89255
-29.41389
-8.64568
5.31432
-24.61936
-40.22072
28.55684
35.47233
23.87078
-31.55760
20.00601
11.50794
-1.43820
-16.45020
-0.78301
-22.77743
11.18518
7.48675
23.15330
19.07448
3.91529
-15.99243
-18.58355
6.69230
-0.64848
-20.86619
1.17518
12.00666
-22.60590
12.39743
23.56941
11.18171
33.30363
41.97449
6.54408
2.10765
-1.25977
-10.58248
18.42965
-13.09456
-2.39976
16.09375
-0.75196
-5.73124
-1.34807
-8.51205
-34.15319
-20.33751
-17.99554
0.54085
13.97907
16.21943
-1.05155
-14.93297
1.18794
-10.36162
19.20785
-9.45519
24.59271
-31.24488
6.95491
-4.49122
-27.11379
-15.38905
15.93202
-9.89347
10.13815
-19.05896
10.08534
3.01062
12.53593
0.84359
9.66968
26.57957
7.10595
23.64527
0.23023
16.93435
13.88767
22.98591
13.15719
-34.26073
31.60650
-1.26073
13.15370
-14.87623
39.51452
-11.87543
-9.09430
19.50321
-15.60690
-1.78988
1.18724
8.63920
23.72779
-3.60369
-8.98098
-7.52426
1.76260
45.32961
5.38644
-4.63424
-10.33705
19.13195
19.52336
-21.28425
-21.45387
28.84337
17.39984
21.60398
3.75834
15.97579
-3.61963
-13.01392
-0.85558
16.44835
8.98122
18.39410
27.30404
37.11077
2.67737
-0.26605
-40.74170
39.09441
3.31092
35.95557
-9.11192
-9.11364
-8.63295
9.94236
5.35739
12.73494
20.20171
13.10427
18.87646
23.32548
-8.90164
22.64885
-27.39582
-19.69963
26.00943
2.54987
4.10393
-24.47169
27.64085
-13.81832
-1.76731
-8.65422
13.73899
16.76973
17.11264
-12.78174
31.70562
-40.60464
46.91323
-7.68006
-21.09728
-34.48501
1.19999
29.59650
-22.91257
10.71757
-26.51308
-24.77128
6.38631
-30.19596
-7.31102
-28.47474
27.89654
-36.42142
7.32813
-7.82472
-4.04736
-1.69087
0.61339
9.03633
-18.59382
-4.65107
15.64595
-23.67338
7.90487
30.81098
6.46890
28.72694
-21.21523
7.00300
-11.09202
-12.51019
-9.35698
-16.20598
12.32834
8.24803
-12.05200
17.36828
4.06444
-24.28215
16.01541
7.52027
25.75627
-4.32384
-14.24421
-8.72246
15.17137
38.91948
14.33542
-40.27010
1.20933
11.99635
-19.27607
-23.97387
-16.48841
-9.11409
0.06099
14.37616
-21.48264
26.60415
-36.21422
-18.15827
-13.15592
-24.26006
25.43023
29.18130
-11.72532
-9.52034
-4.64484
-0.96716
26.75142
15.15414
-10.38475
7.90327
-35.81613
1.64457
16.41709
5.40467
-12.16087
16.42593
-22.11697
35.67527
-8.09448
-28.69803
-5.70738
2.11193
5.63878
4.10863
4.33917
1.77883
-20.34076
15.22692
-21.96072
-15.46589
-8.85157
-21.47484
-30.67379
-15.15414
-15.04759
-8.88624
17.07745
13.38184
-11.15712
4.61504
-4.76776
-16.28965
-5.17849
7.08690
-19.91964
3.58649
61.10162
-31.56429
-23.57305
26.56956
-21.04218
9.77984
5.63994
-33.11415
-0.60232
34.25429
-14.69606
19.21255
14.51647
-13.33831
-6.55976
-16.29417
7.94400
1.20382
9.62251
-18.31511
-30.39318
-1.89717
29.96734
-5.38110
-38.92767
5.03853
-2.98093
-13.97959
-7.53244
1.25291
-20.80432
-18.33811
16.63118
-4.08069
-19.54656
-3.53443
27.58142
-0.13567
-16.85701
9.07555
29.66489
20.16199
-6.11003
38.73462
4.29672
0.73344
31.72757
-24.66627
7.08830
-31.86740
29.13749
12.03891
-0.75438
-3.71800
-13.23008
-0.11798
-32.04499
5.24452
-33.94628
-8.60096
10.24869
29.61409
-13.18966
-6.61958
-9.98029
-12.73541
13.66318
-4.44531
19.75682
-18.59084
11.87089
-23.10296
-11.24437
-8.75893
0.00678
25.94180
23.46641
-4.84408
-32.00968
17.87056
20.83497
-20.96805
20.83031
18.00095
27.19464
12.94301
-7.00107
10.27645
14.60254
1.55486
35.86399
-13.88867
-3.17297
-26.49507
-26.24230
-27.21600
-7.85852
-7.17619
-11.13348
-25.60345
-1.63770
-1.28335
6.10616
12.98553
11.56575
-11.25468
-6.54014
15.99207
-19.90334
19.76221
11.29469
30.33310
1.01147
-3.23557
-29.16091
9.97764
-11.76448
-21.01911
-7.26374
8.07737
32.38910
-27.50110
-40.33923
-20.77597
-0.48069
-17.03825
35.44792
12.56624
4.66303
-9.24803
15.28507
-1.30833
-32.99623
12.17676
-16.55587
-24.19921
-3.95493
-11.84929
9.55645
12.96955
2.72120
-20.84725
7.54204
-31.00059
15.55382
18.95929
-11.73162
32.51361
18.71318
-7.40098
11.89803
-6.37542
-12.21199
13.52248
12.18473
-18.27859
-23.80640
-21.93275
11.89084
17.41067
-28.94718
-6.77927
1.55053
-12.38191
8.89445
8.14724
-29.95204
-14.77386
2.77596
13.83535
-6.71933
-9.41983
-2.20144
-12.15631
-12.22938
-3.46929
5.18898
38.28670
21.71944
20.76443
-3.40634
-4.28542
1.27189
15.48092
-4.76356
-26.72112
-12.14164
13.99283
-15.23790
24.03502
14.77607
18.32760
13.58091
13.74227
5.27522
-11.28604
