73.51300
10.16558
74.52237
-6.08825
41.48000
81.69798
-53.21603
-106.46540
-137.14940
-85.42842
-14.78537
41.21775
-58.57840
-49.11676
53.21960
-99.85798
16.09151
75.51335
50.83636
-60.20956
-53.11541
-61.50727
113.26973
-7.81059
59.22631
71.83260
-137.93575
-9.68443
68.05994
-13.92975
36.33472
60.60382
-87.28542
29.93830
56.08786
62.51061
33.97917
-97.11966
-44.52664
-83.92284
-113.67504
13.12919
71.42202
-101.87270
-11.21791
-83.93982
-65.68917
28.92486
-56.32710
9.60732
-122.13006
-151.84254
-113.29377
-65.06757
-166.61711
-117.72778
72.09224
-86.01492
-44.67470
-12.60014
92.68507
70.14266
-62.55366
5.62539
-125.51883
-41.81640
-20.51402
-155.47344
88.62208
1.55422
-24.14487
7.01354
7.38963
-17.74798
147.17095
59.43779
2.15231
-160.98617
-107.12592
-30.87852
171.35674
52.49695
-23.06503
136.33013
46.74663
-34.35538
-128.98348
25.35013
-3.49720
218.13819
-35.87686
69.73772
-25.94356
-80.19096
-164.05298
48.73348
116.32465
-52.83852
121.44737
0.35090
-137.84535
-87.18127
-5.29675
-3.60474
-10.03194
-3.45773
9.93217
88.17265
-145.25235
-142.61449
-190.56158
-7.91109
-48.11231
0.95116
-4.54230
80.41469
-67.27637
-70.95314
-52.90188
-105.62774
60.56179
-16.26244
49.57529
-148.03278
-52.32548
24.65945
-202.85908
-112.34751
218.42168
75.06027
72.33301
-113.82490
26.55571
127.00840
-19.92343
-102.17029
115.04997
56.66605
34.66345
89.62345
-17.92957
61.67963
-80.83822
-140.00711
-46.64350
21.81627
50.41824
-168.51677
-12.01558
22.52031
30.22378
123.85019
84.13826
184.32130
-96.36431
103.37771
0.09784
91.17742
93.68995
89.40149
-72.31515
-106.03254
-115.18271
93.70320
147.23333
-85.94503
39.10519
42.96699
125.80824
-126.89544
79.10451
106.58395
58.44921
168.92681
172.77330
1.72891
44.94833
6.40874
13.59898
-19.59143
-16.54797
-3.51709
-93.43064
-1.56059
14.08850
-17.06976
-62.11725
-219.49297
-90.48085
0.68413
-90.22482
-63.52825
-6.77727
0.51588
-51.86476
35.95722
37.41141
-30.07951
74.41098
37.12567
15.86422
67.99962
-14.43972
21.98078
-35.50952
-150.90882
-122.91155
-31.03460
-1.73615
94.89061
14.09495
3.89935
-70.83024
2.58107
128.05150
-67.53893
-14.76780
-65.73052
-116.95221
87.14510
-24.30338
-77.29178
-136.05160
66.70056
-129.28233
47.24276
57.02388
184.91811
-3.16351
68.58269
42.58878
-49.64142
38.74670
54.43169
135.30849
-47.79801
-162.73525
-43.17703
101.62444
152.87299
212.15741
35.57467
53.12957
-81.08253
165.35160
5.58868
-168.18161
90.37596
-8.08632
-27.33739
85.09364
-22.37515
78.40074
102.52525
56.87893
-70.36084
13.29250
47.12969
3.95730
-16.11118
-55.96818
100.62252
-39.75719
96.20027
-46.32705
17.86401
56.85445
9.38227
-37.88837
-57.75220
78.14654
119.94130
95.88455
16.37139
-22.97487
45.42921
-52.38436
-40.98016
64.15529
-143.49542
10.08884
-8.31992
6.45514
21.01893
10.86658
-33.84660
164.30511
-73.77360
-55.05339
139.95876
2.86822
-36.61350
20.35685
41.88399
11.57507
189.46486
-7.76412
48.03417
-217.61288
-132.69444
-92.40159
-24.97430
93.76675
-97.38498
166.22010
-79.70113
76.95854
-24.23630
-7.61615
79.12337
25.82478
7.28269
18.06247
-67.54041
101.27996
91.79006
-44.15152
-5.06657
66.11356
-155.59772
2.30729
-42.30162
77.18989
20.28173
80.10312
4.63749
34.67097
53.19947
-34.00104
8.74945
-28.03699
33.47381
-115.40147
83.70810
66.90799
9.63456
-34.16020
-8.75180
87.65226
-112.52992
72.84246
200.45305
81.23483
103.32885
94.34939
-19.45730
-98.84196
-160.84063
-25.61289
-122.26703
-126.93421
52.17538
76.88852
54.06914
125.86911
42.53619
-68.12565
29.43990
8.11156
-142.53524
-164.68833
40.46210
109.71202
-54.05333
218.09912
120.15317
-84.09938
73.57930
-81.29811
62.91129
-44.78566
-15.29184
90.56070
119.75181
-158.45930
34.20143
111.67790
-73.40319
-34.96458
45.04978
-130.06240
-39.73108
54.30594
-34.26705
-3.15085
-28.68512
-109.85871
-63.67959
-21.02444
-22.94943
128.71080
99.40687
-189.59202
-13.78681
36.42049
-45.06481
-10.65180
127.50190
136.46133
-29.72456
75.75680
-92.01770
80.41729
-9.47384
136.05548
-29.59923
47.84637
-14.72983
51.29685
-72.77727
14.51535
-45.01839
-76.58082
29.71164
8.11174
116.71933
34.58007
-124.63242
-14.31804
-150.75681
171.68327
55.12448
57.04083
19.19473
34.70175
-23.23779
-108.49186
-203.53879
196.43892
-27.21058
-28.05427
119.09718
96.34997
25.93581
82.03051
-65.32931
-70.65929
97.91148
134.11426
-24.05363
35.61457
-8.57405
48.45204
4.13581
-59.78536
-46.03115
-99.39133
82.32899
-58.55516
-216.95732
-107.05329
-53.02137
-81.83072
-133.25708
-11.53290
-47.98095
-21.22044
86.36595
-149.07645
-19.00333
143.06327
143.53472
-20.21963
18.01463
153.57988
-141.65033
-30.81675
132.62014
-4.52403
-115.13014
95.09134
-70.68393
93.92061
-0.89346
-22.10282
-70.78009
6.56324
-142.00387
-41.10532
-115.43148
-28.42738
16.68580
-17.93848
10.52952
-13.33062
12.72010
59.95110
49.09998
-171.19803
102.78306
94.03195
8.50195
57.23032
57.35467
144.09720
-115.72549
-75.24368
208.64293
63.75135
-0.99960
21.98436
87.31398
-152.60934
-38.36642
14.28134
-156.70675
105.15598
-130.52576
-84.98281
-121.17984
-83.93302
-49.31588
-29.95156
-12.06419
-144.17905
129.13608
113.54148
-17.30275
254.01039
-86.63900
42.88102
-75.38277
-117.45378
-28.19957
-278.97519
-73.87922
10.74374
-115.56192
95.41369
-99.92445
-42.87876
-19.02419
86.16549
33.78227
-152.39695
73.12491
-65.01935
26.07328
-79.44994
-207.04981
160.16042
45.11032
-13.11287
-2.42221
-28.34118
-134.58661
50.00327
-143.32624
66.68037
112.70582
-136.12582
18.68861
127.24213
149.05208
-46.83958
31.26569
137.58631
-33.41193
-73.62282
-2.77538
-30.89928
10.40945
-3.87141
-27.92436
50.43647
14.27668
-186.91063
-39.75021
-106.71570
-180.38202
-94.50423
81.86807
-99.55055
-64.53992
196.83154
27.69864
14.62133
8.11101
207.66055
20.34571
25.86459
125.94645
0.50300
38.42160
-40.23530
46.40981
-195.82448
50.77474
-212.81813
-5.46013
35.35932
-75.22397
58.18522
-4.96354
135.45410
16.86704
-97.07701
51.40506
78.23632
-12.54905
80.99766
7.90301
-104.44070
-1.87837
43.68070
-46.49857
12.54147
180.52269
2.93296
-102.89671
-35.16798
-122.66024
-27.00302
-40.71529
-22.24052
-134.17861
-39.45206
-83.82710
-99.63714
-48.95076
66.00729
-48.41730
-51.47967
-54.34339
4.77517
33.73663
95.94485
-114.90972
-123.80792
-26.76192
69.35760
62.27582
11.07945
-23.77498
2.94515
-19.48667
-107.95345
37.22728
-163.60568
-3.36915
-71.56226
19.05632
53.61919
-175.91544
-24.18547
77.95661
30.83766
-68.92657
35.67635
-82.97813
-76.68196
80.85312
24.97845
-155.90917
63.87725
74.99888
-174.38342
-10.57570
86.94623
-12.48997
93.17410
-18.72549
61.57057
33.06092
-0.61731
-147.16900
31.09820
-12.40529
8.34537
25.00272
-23.74127
-24.56951
26.16332
-46.71503
19.14739
-138.92594
-89.29336
34.27664
-112.53638
-36.57036
147.53370
102.70734
24.10860
22.53097
-175.40877
-4.07637
-21.45539
-59.58413
96.22943
50.40234
96.12479
-4.31256
88.09933
132.19556
-21.46340
-18.83383
49.02617
-87.80063
20.50687
-102.73303
62.61169
-157.59772
-46.44392
-47.97213
-11.38878
19.93841
124.37787
190.99989
-41.79121
193.80863
-89.88339
115.27898
-38.30649
47.91950
-123.43143
-75.86772
9.79830
0.70276
45.09617
-59.81053
-65.23332
69.44557
-24.10994
-108.14857
73.77730
40.74811
41.51917
-69.37884
-119.44754
205.40129
126.24225
118.39070
-20.76091
-102.74674
-35.83722
-107.76044
44.06384
-158.88536
50.49591
-126.31887
155.26220
-74.48315
-29.60140
-65.35066
-13.43017
-99.18910
207.19653
-37.86157
44.49393
91.03717
108.57805
-85.68678
16.91442
139.79418
85.19400
-18.22364
67.54892
-29.85709
39.96920
-43.67535
-79.06617
-159.48198
142.47903
-55.78022
60.70590
124.85047
-116.11670
-56.77182
122.51095
60.64531
-151.32874
83.42160
7.81270
-32.44667
-62.34405
-96.78822
118.15290
-166.51628
-9.23497
-37.71479
95.22735
-176.73410
-63.57665
-89.86961
33.41699
-106.15860
15.68378
116.72104
-38.23625
4.82522
-105.59703
-58.92296
-33.45950
-52.07274
102.97469
79.16756
13.70862
20.49415
-116.73778
73.54951
51.49730
-18.92770
11.73701
-24.20042
142.89023
-93.42759
-60.14853
-62.70496
74.92264
-97.30968
-96.00851
-83.76447
-20.03055
-76.20462
-93.09752
28.99070
-8.89480
48.41395
37.05011
1.76941
112.13824
48.86663
-125.08366
72.80287
-32.37738
-52.82046
-46.89213
-18.13455
24.48244
35.01924
140.32902
29.24340
-77.98391
36.86748
-90.41097
-27.95915
-16.97692
-0.73195
52.55735
26.57670
9.18342
29.40461
1.41906
141.29363
-66.79302
97.45465
-166.14024
89.76861
-63.00163
-67.95520
-5.70341
-104.13510
-17.47889
45.74219
32.30897
-21.86961
-16.16599
26.78016
59.69836
-211.20918
34.53725
109.18735
36.00081
-73.00204
-22.02752
52.05222
-62.90349
-105.22596
-85.80195
47.87607
83.95158
-74.07689
-17.70748
-113.29842
-99.47303
1.31418
-22.43165
72.71054
-69.64141
-39.95313
93.37958
-29.80499
10.04195
-31.62840
8.49459
-72.02682
-68.38573
-58.04885
73.72520
-12.11750
-27.26010
-43.16919
-95.98760
52.27990
-171.17197
-25.93345
-75.53337
62.60724
25.97410
-24.60248
-77.79713
21.50609
50.82060
90.43442
5.56965
-32.23937
-17.25117
-9.18493
-55.87888
-151.96201
52.69024
-35.39075
-42.14395
55.76445
-115.90633
-97.61538
10.93259
-115.12378
23.68574
-40.69565
-134.92996
-16.37166
35.66332
-67.20859
-141.27801
190.64272
-140.43007
2.21931
33.32933
-27.49999
-261.51789
70.39071
90.61921
-14.08669
-146.32290
12.27595
125.78918
-152.72194
-115.63848
-248.62998
-41.41738
98.84955
-13.49740
-113.59080
-4.16495
69.56740
-101.15800
-0.14915
35.41394
67.40850
-143.05660
79.49200
-154.10493
-80.95803
40.10353
-154.79026
64.21473
13.87211
90.04930
-14.77345
97.03181
72.78275
25.23696
-63.27149
119.15847
145.73124
10.05759
42.46914
52.67888
-42.67568
29.50739
56.71592
-50.86267
-127.01104
-181.96386
-49.78680
15.62784
-75.79820
-43.77716
153.04204
-65.44915
24.47047
-90.88187
196.62624
33.36989
8.21461
70.78797
-46.59960
108.48985
-13.92412
27.92818
192.46395
-79.16953
-73.72140
65.64332
-101.81469
25.06045
123.23447
-48.02623
90.20428
-32.58040
