6.262531015484487096e-01
1.357462274897801802e+00
1.989704766851504658e+00
2.138398986784201483e+00
6.409230557945854834e+00
5.273139407462649864e+00
-4.288434534551194943e+00
2.022323699338907446e-02
1.553908533157541960e+00
4.585646122889684984e-01
4.476061764160385259e+00
7.524172160843681234e-02
-1.382574311555176738e+00
-2.570266247503877111e+00
3.791234743627469594e+00
2.146661599022069211e+00
-2.156907801954210058e+00
3.926696860616655016e+00
-1.136072063228079188e+00
6.529914606512062569e+00
2.306640604330611133e+00
-3.062653946674156330e-02
6.291159980016397313e+00
-3.015151028282355483e+00
1.884363947918280102e+00
2.209078324533741977e+00
1.485256655218752497e+00
-5.692694361883616772e+00
-3.890426479186071873e+00
-3.952456438044137793e-02
-8.595574126431911210e+00
4.425015359452523001e+00
-1.600145702210158838e+00
-3.397838826180649807e+00
3.385942842423109500e+00
6.413094811042213905e+00
-2.804045255203582165e+00
-3.411505352922302947e+00
7.619907705318445856e+00
-8.085216840383899761e-01
8.376734475718980999e-01
-3.693988252182508480e-01
6.754871272884781064e+00
1.746698098253858911e+00
5.599770535353883361e+00
6.308193981596771360e-01
3.653574978255730965e+00
1.019289028352529325e+00
-3.666601857761275784e+00
-4.389294135773883276e+00
-5.044753327278510557e-01
1.516200138070085801e+00
-4.800161132375494688e+00
-2.850453824396514069e+00
2.269451908836256138e+00
5.382716946958810977e-01
2.931413450207991933e-01
4.810617424345135618e+00
2.074178081382505034e+00
4.292828369981440684e-01
2.994499213524388193e+00
6.038307006418759393e+00
-3.383319682894197378e+00
-7.673328996983196149e+00
3.596629473353156192e-01
3.306651180955137104e+00
3.229720996779575248e+00
-4.582583657054645876e+00
6.125417829760377852e-01
-1.987610924906152210e+00
-2.081019189993970064e-01
8.871531125238027116e+00
-8.597629785416485149e-01
-4.273289875235261603e-01
-1.358118403948756603e+00
2.532127601275714568e+00
9.140912409144289485e-01
-9.961432444529322305e-01
2.875757874214044385e+00
-1.740274646845637596e+00
1.107279361884975666e+00
-3.741408225261263709e+00
1.855729163966940432e-01
1.859556782364897520e+00
-1.377100564226085178e+00
-4.400152051538315234e+00
-3.879426053206070257e+00
-1.781885792130995627e+00
5.910565589110782225e-01
-2.619983310470539895e+00
-1.030330538511663452e+00
-3.199052134263802305e-01
-3.648585705509028720e-01
3.621294149282412445e-01
-2.131777646743992172e+00
-3.074096614256599302e+00
2.032050327024057079e+00
-9.670084947236996520e-01
-3.465136996396227520e+00
-5.255265157178563573e-01
1.349761077816093335e+00
-1.189884148947220721e+00
5.051212879070892114e+00
7.284427029793945962e+00
7.432594423671723405e-01
4.702299400016627828e+00
2.980100507689618539e+00
5.227997347344485846e+00
-7.778466134806614196e-01
-3.314618991244822510e+00
3.748690466760029039e-01
-6.671273080953110668e-01
-4.032097648426601566e+00
-3.363638150902831914e+00
-3.968664483371306506e+00
9.215447656788747777e-01
-6.274819057635370179e+00
1.554350039637248715e+00
3.207536802437885637e+00
-4.393927887059369652e+00
3.756785691170375863e+00
1.181472852477144952e+00
1.108609355792012224e-01
1.005482020144137678e+00
-1.528966312241244463e+00
-1.053382875100871141e+00
2.182354058778268158e+00
-1.735434440578535575e+00
-2.003870635587400972e+00
-2.334630911611020210e+00
1.454405012459241364e+00
-7.891924547163282622e-01
3.931746421893143190e-02
1.356372674002837231e+00
-1.157124775169455916e-01
-1.020784887984336642e+00
-2.834168015599017876e-01
1.578634199466676380e+00
9.651766488171345415e+00
-1.484923733244938981e+00
2.187081208680331734e+00
-2.760935838965210110e+00
-9.947388413564131060e-01
1.143227234346738452e+00
-3.878435767821779290e-02
-2.116654265592774919e+00
-5.940701278107024530e-01
-3.116287609959114691e-01
1.944512251248424306e+00
5.153198056815972095e+00
3.024555342137361880e+00
-1.065253254685259554e+00
-4.724135258544519544e+00
7.359659915530075480e+00
9.009218605060193008e-01
-1.182655061401554297e+00
-1.573333023071204817e+00
6.327618584191974094e-01
1.489742747961292801e+00
3.355647019367339889e-01
-1.205870713646864045e+00
2.077460476318573779e+00
9.465054338742892037e-01
-1.777111029846511592e+00
-1.103886677551022100e+00
3.259640738170253904e+00
-2.292910528116691715e+00
2.910964439937736792e+00
-9.062352932357403690e-01
-4.740797966944737318e+00
2.723203066102487302e+00
-3.770225803346499927e+00
-2.518112521895030653e+00
-3.565039195288348672e+00
-5.879354950782246014e+00
-5.710325230484809556e-01
6.637959338028344369e+00
-7.183966709875427625e+00
2.093860111969415794e+00
4.509656035257786577e+00
6.081483226534237785e-01
-7.952438980607698049e+00
3.454230271076356384e+00
-2.863880041155567824e+00
-2.340541885941191058e+00
1.428859525322654644e-01
1.758234030997879449e+00
-4.997766027871850980e+00
-3.879301873037833026e+00
1.856032324264679234e+00
2.891010184585159237e+00
-7.972073141306126320e-01
-9.518388296320267061e-01
2.802824226508493943e+00
3.345354614474837174e+00
-3.237112701796325709e+00
4.308672668900880964e+00
-1.425372420789035033e+00
9.461038520680976616e-01
-4.688320842280488066e+00
4.127936946041515398e+00
5.027079429390560961e+00
5.439094016267681519e-01
1.247620588617954551e+00
1.960800318563312938e+00
1.560542144828234168e+00
-3.626518052933549896e+00
1.159785160691807482e+00
1.751265523796702972e+00
-3.773764335708632012e-01
8.743759298905097177e-01
3.998861625092105410e+00
-6.008321080108957268e+00
-1.848744764616759406e+00
-1.060012852280299622e+00
-3.045062199501876510e+00
3.660386245431623831e+00
3.343826044939545827e+00
4.644410247013695425e+00
-3.629861790080812334e+00
8.267875792319264727e-01
-2.510941902541372617e-01
1.244212898644122767e+00
-6.947708169032039416e-02
4.299188964582245198e+00
-1.523048479453661397e+00
2.560010176681698280e+00
1.472891104375824156e+00
-1.646393642590050277e+00
-6.713638498351791384e+00
-9.531802738470406267e-01
-2.352418789827639856e+00
2.342928685156231150e-01
-1.776305817670925380e-01
-3.821696535647192139e+00
9.853194243472631619e-01
-3.785737302435172591e+00
-2.271801689681727382e-02
-4.301619125700893775e+00
1.137573151731043231e+00
2.322824865743058798e+00
4.856996260771072826e+00
-2.468681270572498310e+00
-5.079084667156070765e-01
4.333649695915021915e+00
4.928093266612198486e-01
1.901985066620592191e+00
1.450747249085582835e+00
-5.485158297158148955e+00
2.392883251742139894e+00
4.711847540930113709e+00
-1.902209984679691102e-01
1.315884855601405112e+00
-4.589293401578332099e-01
-1.969328412402611139e+00
-2.210552239920484108e-01
1.434094379954532039e+00
2.824115717397721603e+00
-3.418081798993965581e+00
1.395061943108242719e+00
5.981861526352217906e-01
4.907995078252484156e+00
-4.967132038947849604e-01
1.232152024319306483e+00
1.739201630750895733e+00
4.249776138260319414e+00
-1.428588309244479770e+00
2.424462614086447809e-01
7.071064043291728218e+00
3.233043669077731441e-01
-2.526919380813958949e+00
9.903824982875681915e-01
2.001519850440430126e+00
3.987941240560105349e+00
-2.118667867081325706e+00
2.671511198112347385e-01
2.916922179156849815e+00
1.399657267733520172e+00
-1.920129124930642472e+00
4.698312163269082298e+00
3.622399297160860954e+00
6.050123010357421061e-01
-2.061641501103782304e+00
-1.836513451346389214e+00
3.292549461349123074e+00
-3.132124488962174436e+00
-2.222694910381219024e+00
4.010131698542401146e+00
-5.251490944284359585e+00
-4.800322184693878391e+00
2.253204112759967348e+00
2.430950950856590964e+00
-1.141341106395663135e-01
1.554936451484720372e+00
-4.623498211947382863e+00
4.884956584288264736e+00
3.743827040123135053e+00
6.057976837748993981e-01
-8.497633622441064932e-03
3.898569794009283829e+00
1.807488587213194053e+00
-2.699212186240331213e-01
4.940703091022558446e+00
2.070630303534772398e+00
2.553094527468585895e+00
6.530306295888572699e+00
-4.111050903195578421e+00
-5.634680833436905623e+00
1.191830669969895090e-01
-9.920652710751100001e-01
-8.202165789011837127e-01
4.362840943429032059e+00
2.580011858250415457e+00
9.622982874740925174e-01
3.948895615922632718e+00
6.284095494788032310e-01
3.497792433515755750e+00
-4.802076174801062905e-04
9.498742252366386696e-01
-5.310906058788767758e+00
4.027189139824564279e+00
5.758931259934624292e-01
4.628966980098231154e+00
-6.627331461639429655e+00
-1.527659844990896243e+00
2.875072575894527915e+00
2.689552097549958276e+00
5.966657417484945825e+00
-2.199984949839906001e+00
2.487918866629794667e+00
1.060096054583731240e-01
-7.697155853560242456e-01
-1.818514719624788056e-01
-4.084465937446418060e+00
-2.003281142234002166e-01
1.234226104462146090e+00
-2.194300489174960678e+00
3.685348757916475093e-01
5.650464730263572655e+00
5.959759803611632378e+00
-1.238543875458967491e+00
1.986067863062652705e-01
-1.628009583305634056e+00
-3.824767578676171009e+00
-6.370835841837371838e+00
3.685613106725103894e+00
8.774203251286971650e+00
-1.086830174773133484e+00
7.152855486375524485e+00
-2.548502795021982958e+00
5.027517154512786135e-01
2.146165724376867534e-01
-5.200510723391985834e+00
3.326163044677279856e+00
-5.764466442666456025e-01
1.366142537219721564e+00
8.778470762076250322e-01
3.096407349873838921e+00
5.192400693547746249e-01
-2.572836712153240057e+00
-6.007244687494967650e+00
-9.588397807080909496e-01
-8.386309252994562646e-01
-6.631659539552847704e+00
-1.316948364361378188e+00
-1.597803251526482171e+00
-4.828020498027574270e+00
2.830625849610458378e+00
5.453627734905349023e+00
-7.114385547673681032e+00
2.584460090527344711e+00
3.885113885831524172e+00
6.568535850091661743e+00
-1.204219991970618908e+00
3.977961696802881697e+00
-1.937456083767001846e-01
1.349330612870669910e+00
3.817441285522086503e+00
-1.717766946261612970e+00
5.163186226000712198e-01
-3.371581077806360405e+00
3.073412057142376752e-01
2.313584823741408503e+00
6.058171634125615324e-01
4.028247235748684929e+00
-5.859819581937392163e-01
-3.755275219061512626e+00
5.364886252878197759e+00
2.886359233678855496e+00
-5.485672231385064990e+00
-1.552955169025407589e-01
4.741885626140694754e+00
-3.133107856653845058e-01
3.794417782967558939e+00
-5.537335934077921573e-01
2.126003840165298531e+00
1.851926063147316004e+00
-3.707265061730848021e+00
9.182283946892522142e-03
-2.829906251103011083e+00
3.039164759163743845e+00
-4.359524407622177855e-01
1.051523482458649461e+00
2.166237876544821805e+00
4.555840218534220831e+00
-1.247754954501837377e+00
4.146760651970857303e+00
3.485400670505482079e+00
-3.000650118988582804e+00
2.596879196505896825e+00
1.107327358094920022e+01
1.637619818527822568e+00
4.198155573175452182e-01
-7.469307415207793177e-01
2.644809462029075409e+00
1.814497760916560454e+00
-8.094993395231879496e-02
-1.642183247004045873e-02
-2.648305603421750032e+00
5.032541616717286503e-01
4.550255901131611047e+00
5.891727778700244222e-01
-8.577014553595676549e-01
-7.711125172127316629e-01
-1.722761053045070767e+00
-1.230462745000780123e+00
-2.561399157925764447e-01
-2.351792087845920420e+00
2.357984425601863610e+00
2.742591642140791652e+00
-4.660326339767799086e-01
-7.172102901171444056e-02
1.740373098779028682e+00
1.340945337292014594e+00
3.314304630677947117e+00
1.232706954210861072e+00
6.585460443005326070e+00
4.102642713153218601e+00
7.792377626250921452e+00
2.868251105567384496e+00
2.551859364927278939e+00
-2.236122704411268369e+00
-5.476148893789313243e-01
-6.248651276572468660e+00
1.885581894733403097e+00
-3.832720119847198070e+00
2.535823333701410665e+00
-3.143182364053347944e-01
1.192461918297482271e+00
3.425823905015722648e+00
4.323140860214233605e+00
-3.321694067763868441e-01
-7.632769383590858325e+00
-1.992055690806231238e+00
-1.976273682223286920e+00
1.783657110950565838e-01
-1.118248153224920882e+00
-2.932073736777944362e+00
-1.183824812730899012e+00
-1.500305275340831912e+00
1.344079407673464788e+00
3.815159738611372031e+00
-4.019942169185365954e-01
-4.455174001259066818e-01
1.105499042126504605e+01
1.401832487447789877e+00
-3.616127024740624307e+00
1.339943175796579844e+00
-3.353932533216124501e+00
-3.138274996806242001e+00
1.958808564366536720e+00
-1.995306657164447772e+00
2.000372255064176485e+00
1.357925703391201500e-01
3.042142773579505022e+00
-2.333048551299772011e-01
3.742307291111917955e+00
1.525874279369612951e+00
-1.036408824698151543e+00
4.344814551288000981e-01
4.519967481353918265e-02
-5.708584012114700457e+00
2.224259831989741087e+00
1.145150101032557100e+00
-7.883682104582212524e+00
-1.492779029405223001e+00
2.200071653397370763e+00
-1.778795423873016590e+00
2.644712570294871501e+00
1.383631113700332760e+00
7.671665506545566338e+00
-1.007322452921828537e+00
-3.445306563880867312e+00
-1.808480835268393871e+00
2.344939689856099463e+00
1.058302312021434100e+00
-4.831506386821781796e+00
1.370521377658664886e+00
2.561483097091158179e+00
6.450298583191317325e-01
9.800481815988866252e-01
3.714560888456876597e+00
-3.883801088042777572e+00
-3.575256191155031349e+00
-2.697177375011318712e-01
-5.657813871717128684e+00
4.885786129146150181e+00
-1.523625437984183817e+00
4.317367475197123050e-01
-3.012261910911281371e-01
-3.291526570399775586e+00
3.786779828926029712e+00
3.943313636159168745e+00
3.838074530454903321e+00
-4.553617395088637387e+00
7.938647880328562056e-01
2.088885616320696581e+00
1.266942120334807464e+00
-1.046654897749776714e+00
1.787903578961164586e+00
2.283363044945940334e+00
3.525604129039845880e+00
-2.011098258324653276e+00
-1.657686510920332035e-01
3.439644052431331200e+00
-1.683678111460395144e+00
-8.132578279937835442e-01
-1.575797378812303418e+00
-2.634353417094689176e-01
-2.274167401495528651e+00
5.019544146067327794e+00
-1.631419687738802748e+00
2.173982743461740252e+00
6.037069435448449539e+00
3.813393199564389935e+00
-1.015862119265910080e+00
-3.885046831244643784e+00
2.805024628974173595e+00
3.342933562026309868e+00
-8.491010840051391728e-01
1.796460517257311817e+00
-8.573657574921803359e+00
1.784775808741651870e+00
1.548864217714537306e-01
2.451001305807817054e+00
3.380851028837519756e+00
-5.570263950712690537e-01
3.966077695218971577e+00
-1.307307929192121243e+00
-5.113474036241245635e-01
-1.077083362070655470e+00
9.138213452391434899e-01
-7.209182337092353565e-01
2.084498170202307321e+00
-3.287751578427308696e-01
-5.505110115217601852e+00
-1.706592037596982303e-01
2.292804827697541015e+00
3.720582625371883445e+00
2.184505362130422679e+00
-1.105084458816570026e+00
-3.511422809130726019e+00
5.042347819347946514e-01
-2.990829425079546855e+00
3.493110140781106931e+00
2.529954475325001173e+00
-1.129201162679451809e+00
1.241016407436953406e+00
-2.150713295844608908e+00
-7.383979726295707147e-02
7.534585988261242484e+00
-3.340032529941648232e+00
1.397541294348878804e-01
1.044179298371235465e+00
-3.605849838376633087e+00
-1.963462065757584751e+00
4.754073721685450060e+00
6.538903726700628916e+00
-4.266904702027503937e+00
-3.618118123730675872e+00
-3.386829657210946865e-01
-4.246832995287361245e-01
7.733935883763913555e-02
5.499794071672658546e+00
5.945758269669098040e-01
1.422802249121652540e+00
1.319470669141260266e-01
9.125964378355136963e-01
-2.023466925394085347e+00
-2.951317866780745480e-01
-5.149874642169952055e-02
2.267848378371286611e+00
5.576259150973829293e+00
-2.616997093591482137e+00
1.941441505033479967e-02
-2.688177955547940368e+00
-2.028014095400776817e+00
-1.990068586363701320e+00
1.208356114725144481e+00
-3.102676440682021752e+00
-4.262717901731073233e+00
-3.764835764691113251e+00
1.343555450729007950e+00
-3.821679301856340527e-01
-2.071805645077294589e+00
-1.130611763871942177e+00
1.972814004646677555e+00
-4.573451921459197878e-01
2.103609118087166330e+00
2.823353645419228730e+00
2.489251255587903444e-01
7.229745345272811652e-02
2.544415998384750299e+00
3.622062965396045886e+00
5.327520651624286785e+00
2.933167457882853935e+00
1.299432178218864253e+00
1.118645398868298502e+00
1.666184230268387134e+00
-8.258134098508848053e-01
-2.187683994342921601e+00
1.092786678866260353e+00
-1.986384887803669175e+00
1.330021522360654629e+00
-4.110621866494190257e+00
1.770857216184980931e+00
-3.742945168285063962e-01
-7.444286067698370202e-01
3.545046533224909702e+00
1.141731263354850867e+00
-5.904549551923666151e+00
4.125607196327513826e+00
2.957551613929978007e+00
-5.751157501912962822e+00
1.225499199236306458e+00
3.948212037185871992e+00
-1.427954718823731373e+00
1.834144596775161729e+00
-3.396094290193704679e-01
-4.036668243710696546e-01
-2.655992434297552163e-01
1.530602572421791763e+00
2.185700883411449968e+00
6.601427293302211501e-03
2.944594260376469375e-02
1.035059239167446465e+00
-3.524333924820429509e+00
-4.128251446181352868e+00
-1.205548654476688020e+00
4.921694866396876811e-01
-1.466458457609040922e+00
2.246265883137160024e+00
-3.421057179794791292e+00
-1.285420621224043769e+00
2.237603059864349930e+00
3.227198681682355019e+00
-3.859320906372438298e+00
6.658583428438077378e-01
-9.418088341026445987e-01
6.060794503425845470e+00
9.578803402287187907e-02
-7.054546981409800729e-03
-7.720356104648094409e+00
2.770649494780263122e+00
-7.450594662380850552e-01
1.015421794345404027e+00
7.772946448109793183e-01
8.992664090993536252e-01
7.565268521158039938e+00
2.567199191908057010e+00
-4.009212076489633070e+00
-7.314143511129172381e+00
-2.032497367105550179e+00
4.261325860935150978e+00
1.263845191017157532e+00
2.043388036524158569e+00
4.092905382847202844e+00
2.781690598734357867e+00
5.534985156141670970e+00
-4.466126226793838860e+00
-5.240105101847979618e+00
-1.359101325825081030e+00
2.895647252328875432e+00
4.387098563482884295e+00
-2.932399729595164484e+00
-6.491666181144697956e-02
1.155037488748986707e+00
-3.892353671263320436e+00
7.802845344113181758e-01
2.680544124595794830e+00
-1.044925909675258779e+00
-5.615448626890110262e+00
-4.564113688841250904e-01
1.666539261699632180e-01
2.690036712588999901e+00
6.321017536719398811e-01
-2.485630909261133947e+00
3.146608227417850845e+00
2.036642818614168016e-01
5.901235760896092586e+00
5.697396703686706587e+00
5.242950407929920509e+00
4.350724356751666910e+00
-1.641722626365807125e+00
-1.380919928444425127e-01
1.658865521009352140e+00
-2.404896221115814470e+00
-1.575333814560520018e+00
-1.727821272164624444e+00
8.372365304844818779e-01
-4.107374179967158145e-01
-2.949453860235750735e+00
2.595773918786853152e+00
-7.538268227176199154e-01
-3.459782022340744501e+00
-1.152141935605248690e+00
-5.494772139419899781e-02
-8.289160309641263602e-02
2.998894925240951359e+00
5.422511755795926369e+00
2.392277206420124536e+00
3.118520646937851470e+00
-2.418782133446010452e+00
5.301501954848395481e-01
-5.397823874005581724e-01
-6.017419695037769856e+00
-7.645696522976637155e-01
6.769982414586633857e-01
2.147421078720745058e+00
-1.015023899530655749e+00
-4.034637847280989065e-01
-2.443135002448500792e+00
3.145576213824726963e+00
4.843824071050512714e+00
3.124084181194141330e+00
-1.032672436142649364e+00
5.292575039214724164e+00
1.361442165589273445e+00
4.029478044558478245e-01
2.982091697538298281e+00
-1.086025409409431042e+00
-1.793775496386296409e+00
-3.570685699936600788e+00
-1.549329720804162314e+00
-1.725976264426977602e+00
-8.191678985006626279e-01
2.190569862710907589e+00
6.319201082319009899e+00
-1.213979159369888539e+00
7.954175162544404598e-01
2.061871035144021480e+00
1.940876458573101093e+00
2.686546137647453758e+00
-1.492964426968618419e+00
-3.381780602184419671e+00
-1.903724618053900253e+00
3.151597377789387977e+00
4.538480324681653855e+00
1.379826667690919662e+00
-8.382023464944380331e-01
3.370825467133880871e+00
-5.838533193020334799e+00
3.616546377645450949e-01
-1.391841990341449398e+00
4.050601224187589722e+00
-1.359562113381113546e+00
-5.097132656791949934e+00
-8.368994831961822367e-01
-4.362985487040302424e+00
2.532118037310783776e-01
2.362766574906158823e+00
-1.299612746297525101e+00
-1.797375796833483030e-01
-4.267738912000739182e-01
-1.191132261413079263e+00
-2.385837909008771351e+00
-2.040204089241479224e+00
5.864943697319655730e-02
-7.468041973672895351e-02
-5.393330332758415224e+00
-1.067131469234071206e+00
-4.419782553112622026e+00
4.948174317511637277e+00
2.332590167288950855e+00
2.385190492766936732e+00
4.104371118974342814e+00
-3.827919232337763766e+00
-1.504503103432963951e-01
4.557192761050188778e+00
-3.845500796817597156e+00
-2.965852260506032234e-01
4.339673665810655834e+00
-1.128281594693557460e-01
-3.408410666053288018e+00
-2.337739144870750518e+00
-1.827420410300611309e+00
4.611662557964168130e+00
-1.611470545490579775e-01
2.425108647032832465e+00
8.579077222315276696e-01
4.598250730831821009e+00
2.636305313718478871e+00
3.395251380290062126e+00
1.595212283374755735e+00
4.101078155556370786e-01
-1.586794688608945680e+00
5.215600072412279076e+00
8.989566973102101066e-01
6.304175135316391732e+00
-5.923289479323531337e-01
-3.654525613744554202e-01
-5.274413505195797214e+00
2.254134031235131008e+00
3.222866205296789910e-01
-3.020339179147151665e+00
2.362729904024907582e-02
-4.109195907221079302e+00
3.329831388985351026e+00
1.677254718659940913e+00
-3.566991014319123465e+00
2.378841658578627616e-01
3.545788696287440978e+00
-4.515222526813439607e+00
5.637017904052356698e+00
-3.548246655500170821e+00
2.296059879364247713e+00
-3.514330521862445877e+00
3.049016530055327134e+00
-3.739931197291135878e-01
2.064689905683717353e+00
-2.341549193771044202e+00
-1.724306674096762748e-01
1.749956673513564320e+00
4.528030199197747852e-01
-4.994084642559425191e+00
1.578214047106766271e+00
3.843550934517256046e+00
2.906353634234950523e-01
2.566248235601258809e+00
-3.940728436546000690e+00
4.218174142017783623e+00
3.558665910423539636e+00
1.921649105964067794e-01
-1.501267499652592319e+00
-1.282237376723399214e+00
2.086172292357496794e+00
4.281149258450691164e+00
-1.846467648128476080e+00
4.833342011402097071e+00
2.978017340553778425e+00
4.458790202275473291e+00
-4.651382050371623222e+00
-5.483015722280282223e-01
-2.418829312732416970e+00
1.243458243653896983e-01
1.202204267061639742e+00
3.019006638868410697e+00
-4.642663679048020242e+00
1.599896643558974318e+00
5.126335109390928180e-01
1.654188161726256601e+00
-4.750723100431995527e-01
4.291079776867036344e+00
4.166118807143083802e-01
1.212359010970139206e+00
1.550736866156921634e+00
-5.219579325163118177e+00
-7.251689639298288803e+00
-3.179220528203948071e+00
-4.390148405370607243e+00
3.344625863950124067e+00
2.774469421571776007e+00
-1.468334816688634969e+00
-3.107726130760534389e+00
-1.179661917039806607e+00
-2.763895480146322470e+00
5.541896405948263826e+00
-3.162481133020200730e+00
4.688556042241975419e+00
8.380875848422387975e+00
5.803194656466714729e-01
-3.735261724428479368e+00
3.050328000746334034e+00
3.970884974799575140e+00
5.613582444289671791e+00
-2.281634973731858640e+00
-3.968575904984296798e+00
-6.691042266696196721e-03
1.044951399822141802e+00
-4.909480902566480509e+00
7.101388911953234739e-01
7.994658736666429011e-01
-8.513672497605557776e-01
-2.386597472277887988e+00
2.796100815214639823e+00
-6.545352827271355700e+00
5.455003116850183353e+00
-2.856016618510036409e+00
2.955608011998420714e+00
-2.228051644976791312e+00
-1.533649898873805650e+00
6.570028030094405835e+00
-2.744544491234010564e-01
-6.821310642760843868e-01
-2.252774387316712090e+00
-2.733658440891530539e+00
3.578429757091586616e+00
1.990774396614965358e+00
-7.121551850010301443e-01
-6.458155634224469033e+00
-8.155690396025336297e-02
1.244571732873592351e+00
5.025197317158787591e+00
-1.053544878007562025e+00
-6.190344075089871945e-01
-5.006192073906666096e+00
-5.944412820938027586e-01
-1.392689069200062191e+00
-6.464190883894731066e+00
-2.086987405429884535e-01
3.933908054127143394e+00
-8.542882776533827993e+00
-5.238860931857714398e+00
3.891545658703166044e+00
-3.645152483327509962e+00
1.177556446021083003e+00
-3.665197665789232673e-01
2.008421294804717760e+00
2.964936875003769234e+00
-5.150744111009873727e+00
8.447992789975645733e-01
3.884647747570669996e+00
4.295249854042178517e-01
4.445731281010880664e+00
-4.336634829831646165e+00
-1.419212507750673868e+00
-1.313026147410658595e+00
-3.117724449979470513e+00
-4.996342374972015943e-01
4.305961894218878760e-01
-7.401871055404004585e-01
-5.139654477000710209e+00
-1.338909436302018197e+00
3.386936538512315131e+00
-3.615427441777971485e+00
2.887262957812615216e+00
3.463786027143997970e+00
2.400907621194607433e+00
3.815116705365261041e+00
-3.794736178425739404e+00
1.237343988843627063e+00
-3.153621293492980815e-01
-2.079821605933729334e+00
2.395372038181893704e+00
1.732083571412209144e+00
3.814700458738012667e+00
-5.499192654142582848e-01
-1.213052983586890621e+00
-3.319831039012193230e+00
6.576840793293852627e+00
6.971999382793134359e+00
-1.456525845461533963e+00
-2.579784592320164549e+00
-3.300143330368351169e+00
-1.787084442433707565e+00
-2.752740419108858028e+00
4.865461440080432465e-01
-1.865553256220074063e+00
-2.071806583347274078e+00
1.696374112792459865e+00
-1.862603892666280236e+00
1.700359514986916398e+00
-1.179969972832377367e+00
-3.481524808453180242e+00
3.457677441215514236e+00
3.845807979453271130e+00
-4.584689686000778863e+00
2.157519580414860805e+00
-9.567599602269762915e-01
5.519163248705662106e+00
-1.573989968424623465e+00
1.279171663623715594e+00
-3.928280977531827034e+00
3.124846681665974568e+00
3.482678696864903056e+00
8.268625091940579042e-01
-2.420241390760546896e+00
2.080869105632022487e-01
1.333610437444542773e+00
5.294606461040267664e-01
1.211295265573184843e-01
1.036850617361060323e+00
2.815799807493829743e+00
-1.262363527678447728e+00
1.019117809830868415e+00
-4.072530905112749622e+00
1.693832485645466956e+00
-1.991149704866216119e+00
-2.304574267622157890e+00
7.405111727949654110e+00
-1.164761645037230897e+00
