-5.172977177044689512e+00
-6.117587270692992796e+00
-2.283459728851672033e+00
-8.813620253637355351e-01
-4.922890984318900820e+00
-2.619351158298681703e+00
-6.415450815153707076e+00
-1.742149685305039597e+01
-6.911767672808684537e+00
-8.708803766121331336e+00
2.593118814280991113e+00
-3.729814624633393638e+00
-1.011573945293407739e+01
-6.557214208855148385e+00
7.356729780063418822e+00
-1.654482888571753574e-01
-5.050719511796509131e+00
8.294209714416663104e+00
8.475905050382523953e+00
-1.135540624952386857e+01
-1.586808449078972849e+01
-3.772204808366679707e+00
5.629431043504802723e+00
-2.402581146598344042e-01
-1.319525685121722747e+00
-1.259798792003206103e+01
-8.871072067840634290e+00
-1.828973192433207995e+00
1.243562211545454588e+01
1.755788578793454491e+01
1.620816011089238617e-01
1.539359404569059464e+01
6.667793027053305899e-01
6.102794583375367843e+00
2.748501408664007606e+00
-3.059828850295310154e+00
8.873835026377456359e+00
-6.410853148090213338e+00
-6.888483952498790863e+00
1.114975440958449804e+00
2.204581612806048696e+01
-3.187744681072187447e+00
5.490416957358538186e-01
7.466947454321672062e+00
-4.035389725308291986e+00
1.501436601116326663e+01
-1.856025493738286514e+00
-1.293593002736072306e-01
-7.389666709551483414e+00
1.049074896316878736e+01
4.524938268810572595e+00
7.315713808346798075e+00
2.088015261940569633e+00
-2.456932886794986004e+00
1.040949961156571213e+01
-9.772550644896691452e+00
1.926358430544057043e+01
-1.109455619275371063e+00
-9.290844779290724498e-01
3.609429009066574601e+00
5.953186881107026096e+00
-9.282032916562968694e+00
-7.043013945930415964e+00
1.066708700564505818e+01
1.312585323693091865e+01
1.022381918998276973e+01
8.154573972557647821e+00
-1.009404242478253444e+00
-5.643507177612335113e+00
-5.409350962559782872e+00
-5.931581129137415420e-01
3.432905666425222435e+00
-5.868420035040918137e+00
-1.297729957941274037e+01
-1.410618417972787952e+01
1.310795868497464056e+01
-1.249328956186317896e+01
1.440698593115715687e+00
-4.407594822140969093e+00
4.329635691279603904e+00
4.076418023645650202e+00
-8.728138727265379870e+00
-1.121978577662608245e+01
-1.688236315820729061e+01
-1.294986022695514549e+00
2.791847825737068689e+00
-1.211361519895417871e+01
-5.260117976685307895e+00
-1.169694764580770929e+01
-2.506385237879294348e+00
-9.167725848021934354e+00
-5.328613753590053292e+00
1.713657306060927610e+01
-9.905319490401982563e+00
-4.996930439600625107e+00
-5.386088857584145018e+00
-7.623189070078649543e+00
7.147216987466016747e+00
1.177832688315095666e+01
-8.905895325400258855e+00
-1.350310655640232582e+01
-8.036631221366711486e+00
-6.535029140168852058e-01
1.253482684789915602e+01
-9.936440766536636104e+00
6.311166937935262844e+00
1.792298969696952460e+00
-8.300368697295374076e+00
1.336379073819991703e+01
-9.100581946482211748e+00
-2.615800875132043291e-01
-5.386169885394258117e+00
6.416430509731546827e+00
1.224582125769870089e+01
1.196394482614652865e+01
-3.653299476627983822e+00
6.640725551631241785e+00
-1.216416314615664440e+01
-6.867432993547442521e+00
6.690527084497970733e+00
1.127718352247878997e+01
-2.593412629906974853e-01
-1.402605474782129313e+01
-1.402261144402509352e+01
8.371176451798104878e+00
-3.425757925905652534e+00
-1.091895825273436493e+01
1.232200902519148755e+01
-1.408779647085983555e+01
2.996321885814237618e+01
1.372035680240609068e+01
1.392821625947697095e+00
1.837793237805944102e+01
2.044039471068251146e+01
-5.580249407234088022e-01
6.650288241169593384e+00
4.820381864830628693e+00
1.129154372264004103e+01
-2.206878261376732908e+01
-1.633981822834911890e+00
-3.897615484666823171e+00
-8.952744804256823841e+00
-5.111976299717132299e+00
3.798663227177057955e+00
-9.635373217290577941e+00
1.746273599664983678e+01
-4.942486890407780109e+00
6.599493884688336642e-01
-1.255143045047946160e+01
-7.195141072790383951e+00
-6.315896177008167633e+00
7.116456776295980724e+00
1.064509341332708559e+01
2.979233774593277317e+00
8.459121109444129871e+00
1.039314561747245058e+01
-1.073018505936714462e+01
-5.193974821482728821e+00
3.792963591813489632e+00
-7.429042824052438654e+00
-3.279268062863936350e+00
2.817880139243613691e+00
1.485887297616877545e+00
-8.692165982412509706e+00
5.496148559260101152e-01
-4.798880563728150861e+00
-6.480130336035003324e+00
-4.480419065161549419e+00
5.793576633309453605e+00
1.183488222831045489e+00
-2.686691086294896635e+01
-1.166885687480639255e+01
2.925030735636642731e+00
1.588479615210576412e+01
1.100621116549339895e+01
7.955764850982239622e+00
2.059193537876814517e+01
-5.858004587872382984e+00
6.816765401578588346e+00
6.458497870533357776e+00
1.798871675132255987e+01
-8.707561940213402352e+00
-1.901350278660642878e+00
1.882468876550473169e+01
1.059249006535759818e+00
8.817503069028751028e+00
5.061903795293808628e+00
-1.485065054791644279e+01
-3.277116273777774591e+00
1.600689444437487197e+01
-6.192994889466239883e+00
-2.764516126069436197e-01
3.958657802957124439e+00
-4.741098134135190101e+00
7.655929460228387384e+00
-1.561952586058888848e+01
9.556130789052126318e+00
5.462585601174399841e+00
3.602387284611055840e+00
-1.846086374434647226e+01
-6.434136472209267765e+00
4.647886673126280677e+00
-5.761458208847495932e+00
-2.593305427643651839e+01
3.692841036703791158e+00
3.829088060968946827e+00
4.458554716173571464e+00
-2.903211944073902373e-01
9.229197932916868297e+00
9.929055125793039949e+00
-9.664477998331069131e+00
2.268378010095777775e+00
-4.920912561210173841e+00
7.609380956778126759e+00
1.019398963743275294e-02
1.189050154283584781e+01
-2.236210492877163336e+00
-1.185130194549366633e+00
1.674513717842419203e+00
-4.203975553675733501e+00
1.334826785177503083e+01
-2.647456554267793916e+00
-2.717961543102756394e+01
1.239115566522575484e+01
-1.303064036683151627e+01
2.656142684533566722e+00
2.593370851074677574e+00
-2.480823702557809263e+00
-6.844776281516035787e+00
-4.333439882830485423e+00
-4.732620929714838276e+00
5.036878141844415069e+00
-3.133003859787395484e+00
1.570327353850865304e+00
1.257892366509252113e+01
-1.474211698451876096e+01
-1.637059691874950262e-01
-1.075886400523414291e-02
8.871774644420709066e+00
1.980251478666923193e+00
1.348459020860059887e+01
1.335749945004808659e+01
-1.253952036165272865e+01
-1.603277243541415586e+01
-6.699078226508635048e+00
-5.894752169107031037e+00
-5.029532393379898547e-01
8.425409319366039540e+00
-8.161797385930082527e+00
-1.644821803254928128e+01
-1.204363847668133758e+01
2.313321523879948716e-01
-2.032508281908386394e+01
-1.925783859068855186e+00
-5.942274868022562551e+00
5.608015398325424172e+00
-1.576327870690119504e+01
-1.094199382613223470e+01
-7.542627006529352585e+00
3.687194538920663955e+00
1.303635463982739573e+01
-5.093567955360956745e+00
5.565802928713551451e-02
7.927521722228298096e+00
1.649557383205831229e+01
9.170820800896535729e+00
1.484118466689199778e+01
-1.330584311582951651e+00
8.478148083602135898e+00
-1.178879005342422204e+01
9.939045835640582638e+00
-8.264171649452219270e+00
-3.142107345491438775e+00
-9.667075173903960206e+00
-1.195904534278270859e+01
-7.607514792341964593e+00
1.656487732689881298e+01
8.804877498823364235e+00
-5.223873275601825128e+00
9.097328447549688946e+00
-1.341881979027192529e+00
-2.688565330182801816e+01
1.370998605554505723e+01
-2.698013884338704926e+00
9.128749042982924777e+00
-9.917143038471607497e+00
2.293477946569526971e+00
1.971547006471148578e+01
1.071482233141445484e+01
-7.718836587699232643e-01
-4.049970161112679712e+00
1.253882790692534144e+01
4.375758567651141462e+00
2.907926021220221813e+00
-2.501129298574972459e+00
-1.069470401924925040e+00
-4.183632670865421233e+00
1.454868143581372308e+01
1.762811704454558814e+00
-3.447241138448277287e+00
8.345393732316409796e+00
5.552280248707536225e-01
-1.510056195503057808e+01
3.147130026778862444e+00
8.513575657288200205e+00
1.094960856111193870e+01
-3.776424757064521298e+00
1.750744531573701135e+00
1.380528030570299514e+01
-6.352684549331004682e+00
2.102683573857700949e+01
7.276550315229058263e+00
-3.005423981329903516e+00
-1.610170377053000124e+01
-1.972572808474828410e+00
7.931650171564054830e+00
-1.304735770549752694e+01
-1.773282089450249899e+01
3.678945890023994192e+00
4.398101515130249162e+00
-1.042772433366473450e+01
1.171669029144680962e+00
-1.123782012704763567e+01
-2.617852023846031440e+00
-8.309303983164589624e+00
2.478288442364813715e+00
-6.669749183708096218e+00
2.692614657859210503e+00
6.085357758290390606e+00
6.188504655484006189e-01
-6.541460715662274161e+00
-3.229885463866476680e+00
1.011982034325237700e+00
-3.495415523632787735e+00
-4.365926920765003771e+00
2.866620673892143589e+00
-5.853860010125690572e+00
2.083781008291513004e+01
-1.472889645118135782e+01
5.611842561256740858e+00
8.581260306689776129e+00
1.731995532277232996e+01
1.869194284537455175e+01
9.527516194592143606e+00
-7.668193645049359297e+00
2.758958730344546861e+00
3.262301611954113056e+00
9.129684539442298075e+00
1.111430002688949337e+01
-1.503916553887211016e+01
-5.449019479881958006e-01
-1.274616535985775378e+01
-8.068873222305892767e+00
7.184505690918081555e+00
1.423279906492384761e+01
4.383575675756842926e+00
-1.321046300467236279e+01
-8.901999835304662767e+00
-2.085077083193657810e+00
-2.201441729523155999e+01
-1.287547366222994327e+01
-1.255647088657871535e+01
-7.068654919224149680e+00
1.831847347269798476e+01
8.992465693128298909e+00
-5.755048100644591935e-01
-1.780131766312846153e+01
3.282771107978885539e+01
-1.311650187232358933e+00
1.245868111201362360e+01
1.443508744789359888e+01
1.462958469603920397e+00
-8.502756773187668315e+00
1.045551639716824255e+01
-9.016112512840743776e-01
6.067201154082102477e+00
-4.209967088892709319e-01
-3.415776736040891048e+00
-1.129529902500474803e+00
7.211704276091684740e+00
-6.559794948680658599e+00
-3.144116986350256582e+01
-1.607963810283624184e+01
-1.013383717335882572e+01
-8.534924859547921017e+00
-1.355559593297103849e+00
1.135898841864126929e+00
2.920772667418355173e+00
1.395838577569418071e+01
7.979209755901114143e+00
1.720381747138014505e+00
2.858845490903334952e+00
3.864404543001366044e+00
-3.119883511920135688e-01
-1.743891373192205307e+01
-1.256810722446506290e+01
-6.042880333232309553e+00
1.690443802876563950e+01
2.269195515723201773e+00
-1.135417821062263410e+00
1.651170188442521081e+01
1.446173118350336573e+01
-8.040081818729241547e+00
8.049210561386271223e+00
-5.876628944873683480e+00
1.696412814245689660e+01
1.008829206006145363e+01
9.171049864008359975e+00
2.267006462001189959e+01
1.509192913143021642e+01
-1.468976641088222834e+01
-3.063136653054595815e+00
8.967161011547784000e+00
-4.696981836749094086e+00
2.165915694836666106e+01
-1.944329471603913362e+01
-9.977360939814881036e+00
5.903526165419715532e+00
-6.837047624566237936e+00
-1.491951011629585544e+00
2.008198385762761262e+01
-2.219473071801726594e+00
9.526133198029853588e+00
-3.663876979694109526e+00
-1.118347870788460163e+01
6.904476987303838520e+00
-7.472996343012619502e-02
1.036388024705094146e+01
-1.376506785978890690e+01
2.553116725522869501e+00
1.514317920197546208e+01
-6.637296561807387363e+00
4.012484358445286503e+00
9.073294969309696256e+00
1.033949603368331260e+01
7.676224713078869222e+00
-7.223115838312743620e+00
1.075807843066202452e+01
5.225201690321629400e+00
3.870138402733773297e+00
-1.697652323950921982e+01
-1.365310677733060984e+01
1.430534577130961083e+01
-1.713185621289061800e+01
1.184890383590278695e+01
3.234079076389571927e+00
-7.458609808226746907e+00
-1.066127272698061113e+01
-1.141561090713152637e+01
-3.837709968406181726e+00
7.476151561052017946e-01
-1.266949556995025894e+01
-4.089238088468974963e-01
-9.884882520371631287e+00
-8.269893321981546919e+00
-1.585467368885941530e+00
-1.594311034411724037e+01
4.706112210655617467e+00
-2.774027914575208698e+00
-5.854625169059798573e+00
-1.924174497162747954e+01
-1.346827717734541352e+01
-8.195022940715205095e+00
7.703456507290815658e+00
1.852566751394459743e+01
-7.102728247916682669e+00
2.051341023026711063e+00
1.541440176154942776e+01
-5.870495915109168905e+00
1.607574433960390792e+01
4.033961607918604919e+00
1.054616087805740676e+01
1.806522805342105853e+00
1.311792094015371291e+01
-3.668234811227260028e+00
4.885574642808899526e+00
-1.863844322349830307e+01
2.239241972661021596e-01
-9.702525272337849671e+00
5.247206445204926517e+00
-7.774157834251789190e+00
2.527615957083894749e+00
3.050029222522655292e+00
-1.243287517479468463e+01
3.525962876998153916e+00
-1.391749313907610919e+01
-2.841309101768740408e+00
-9.281517681898250771e+00
-1.238100231877096213e+01
9.027991150966904854e+00
1.211427121651891881e+01
-7.609661364463168098e+00
4.189079771014948328e+00
-1.954263930739321697e-01
-1.486135515549029229e+01
3.840641415849278761e+00
-5.314573599061351850e+00
1.114326366669227397e+01
-1.247312082074364836e+00
5.178378672682130812e+00
1.063774621562566125e+01
-7.112503264384260504e+00
9.943809921601452828e+00
-4.729622620057972959e+00
1.461050118765645500e+01
7.990063972079813226e+00
1.030773907142922052e+00
-8.876765898029400859e+00
1.550750636370050728e+01
3.947348097656934840e+00
-1.955843069473729301e+01
6.874240168589826894e+00
1.812555360545688288e+01
-9.948851875934568767e+00
1.645369364208530139e-01
1.357969135139548866e+00
-8.196111755118547393e+00
-3.275944468728673620e+00
1.141812637897070637e+01
1.374122188497579167e+01
1.322212048221389047e+01
-1.009140236662642565e+01
-1.749780992031158533e+01
1.321723903468092765e+01
2.727658383986348856e+00
5.963704799213886076e+00
-8.860956829104798871e+00
4.128165276852620025e-01
-1.987780125282698034e-03
-2.160119708816604422e+00
7.362908050205241750e+00
1.607546510996150602e+01
-5.639619855408717797e+00
3.291971395239979836e-01
-3.008349756790516860e+00
-1.329779490441233847e+01
-6.796801480355839642e-01
9.853440588108979270e+00
2.765754373155637325e+01
1.310081240609832554e+00
7.220736336983631709e+00
4.022960197283352635e+00
9.477704531435046320e+00
-1.425694809563438348e+01
5.517688277248412598e-01
5.256537013430367944e-01
1.552590035176153194e+01
7.908234107169756832e+00
7.394237816597199142e+00
-1.859146240404413897e+00
1.308047479646134903e+01
-8.096380662417670848e+00
8.790219576993303363e+00
-2.157013944280592455e+00
-9.273749861227312152e+00
-3.110939782808862741e+00
1.352340306843223416e+01
2.277569312046182626e-01
2.093710590803099691e+01
7.767177118323431273e+00
-2.069071213420888711e+01
6.027828655560366400e+00
5.338715755509864103e+00
3.781851004095456936e+00
8.618374039978642376e-01
-8.411662574703118622e+00
-7.153855633142296888e+00
-1.372230974935753878e+01
-3.192823998056112389e-01
-6.202362827701756842e+00
-1.909739417387952187e+01
6.964963103784493903e+00
-9.158150405011410200e+00
2.035339102783802367e+00
1.715569550590144154e-01
9.409131665001275735e+00
-6.073944553370853150e+00
7.838445845572105775e+00
2.931141535206691628e-01
-1.607303631660311893e+01
6.770504805917481939e+00
-8.838399056700275480e+00
6.076923765779350894e+00
-1.038471190372545294e+01
-7.359285831118518750e+00
6.340520572022320778e+00
2.273637448219646018e+01
-1.349666819542478891e+01
-3.913958179413982830e+00
1.750954509223874211e+01
-6.214575019619659635e+00
-6.864736091287518605e+00
9.335496515908525694e+00
-1.344761561862080157e+01
-1.605719249111237446e+01
1.094723229797327591e+01
8.170414348508248992e+00
1.584149973806257172e+01
3.969065037651758221e+00
1.442312821621422536e+01
8.302893066444209325e+00
-6.761220589632924494e+00
1.543071504049566833e+01
4.897045870202138218e+00
1.072704798327454512e+01
-3.191570392095262054e+00
-2.919883147831248138e+00
-5.805069452503370364e+00
1.741781484656804579e+01
-9.538725044485387716e-01
4.939066812307387977e+00
6.079708595434354379e+00
-2.660393164436469338e+00
-1.627445985561358199e+01
-2.023563068153383659e-01
-8.442688615138649766e+00
-5.270030322386348054e+00
-1.782661360201131018e+01
1.138757033884913206e+01
-1.669784457572766723e+00
-4.663050357224804543e+00
3.152834812149260202e+01
8.645332654244345605e+00
1.487582460249448246e+01
4.690648982335446915e-01
-6.640941681806783237e+00
-2.217826127076958187e+01
1.046147691919652800e+01
-2.443933723129964708e+00
9.065937132254294539e+00
-5.996906688650973649e+00
-1.571598727283508090e+01
1.923139518131443992e+01
1.999838868785567492e+00
-1.033274500146413466e+01
-7.304776696481277476e+00
6.626550610661736229e+00
-4.590069238708782251e+00
-1.915089605227170111e+01
-1.139845209232252010e+01
4.325954669633354399e+00
9.751195751587423688e-01
-7.185016531730814560e-02
-6.913625286501747347e+00
3.078403232560107394e+00
1.744661263941458884e+01
-1.998837877204172386e+00
-5.532292608629925112e-01
9.996414431763099628e+00
-1.966052027566849958e+01
5.640213821493454738e+00
-1.100764158143828020e+01
-9.342131548528785245e+00
1.176243805070081727e+01
-3.350198270861870053e+00
6.558781844638772895e+00
-9.495329075316488954e+00
-4.400086882858055048e+00
1.102190765884431656e+00
2.314608676515945263e+00
6.904796704426688692e+00
-1.694485115001367115e+00
-3.187805153807941938e+00
-2.654053267109571124e+00
-9.595368671100619196e-01
3.905608528016533576e+00
1.190604525377336387e+01
1.206624296533232155e+01
-6.997621782699959603e+00
1.214905387645996626e+01
-1.282568868433662779e+01
-1.761937299902927734e+01
-7.570928019623773153e+00
1.347020623926094274e+01
-6.191428289090981529e+00
-1.370155516603182377e+01
2.507325987566059400e+00
-8.726569143369863113e+00
1.082487040806149459e+01
-1.338853480696683995e+01
3.810782826880284357e+00
-1.207364076023917754e+01
4.803423990301085134e+00
5.166396225108051965e+00
1.604391618417300336e+01
7.398347904466934466e+00
-8.396659181461092913e+00
-7.320815735341354547e+00
-1.506630141863553618e+01
1.671087715073081847e+00
1.313170643836588347e+01
-1.583431468945308218e+01
1.326777543089774625e+01
-2.421097842410461443e+00
3.372826915963845984e+00
1.014249722823108968e+01
-1.963115304155553531e+01
5.317701903873160774e+00
-4.673585028465377711e+00
-8.494975371765518091e+00
-3.585388163683279839e+00
-5.980255702280226515e+00
1.591206155115503584e+01
2.098682075758692811e+00
-7.515886637885479615e+00
2.904726447774354270e+01
-1.117378177536709671e+01
1.261018084619427881e+01
-2.155801981210941687e+00
-1.368893283088317503e+01
9.089287459849536788e+00
8.162839898216146750e+00
-1.276503838753235520e+01
1.215876579911535060e+01
7.995172654807038093e+00
2.906037230697191021e+01
-1.887398357897809476e+01
9.232451965696342189e-01
-4.222885794379014790e+00
-6.820401683414740290e+00
6.768415626092720849e+00
1.054286718828526936e+01
-1.059660016870438959e+01
3.071791175201999291e+00
-5.348588013645760419e+00
-5.645419730266833191e+00
-8.812084206243008921e+00
3.020984677604609914e+01
-6.955832222480935911e+00
1.346163002773514172e+01
-6.622559542578624558e+00
-5.284011928979271744e+00
-1.886998071768154617e+01
-2.227733454146306080e+00
2.084372742518026200e+01
-8.909747733752036325e+00
1.621132792722598248e+00
-2.371793866812209117e+01
-2.339612323978610320e+01
-7.896606306327955682e-01
-2.407795085811003322e+00
-5.562896666904295628e+00
2.216038404704331555e+00
1.882519675474141607e+01
-7.715390928142060289e+00
1.104424089558424882e+01
1.441390464095538348e+01
-2.241265001112211053e+01
-5.071420883606245766e+00
-1.210533491301338849e+01
3.463427280760167815e+00
2.173286350445557602e+01
-6.456164830495250584e+00
-2.451605832462791668e+01
-4.973452429347259063e+00
1.857633013525434151e+01
-1.006532289576632699e+01
1.975825518684895954e+01
-8.841190397211303065e+00
5.570075442195328463e+00
1.932321661037747873e+01
-1.563623623497831794e+01
-5.485953048269629484e+00
-1.499456612993586457e+00
2.375951676290165349e+00
-6.147500550431565181e+00
5.188902070338168748e+00
1.192919602986506433e+01
2.113198812427047102e+01
7.025325339881885789e+00
7.365594111489710549e+00
8.652053359313534031e+00
7.652091897182074831e+00
2.920791684875882765e+01
-5.692794442277985922e+00
1.394782944927562340e+01
-1.297633050048253800e+01
9.501380943193360906e+00
2.991411445113274947e+00
-2.545506700658827448e+00
-1.371656308358528520e+01
-1.279677960625118871e+01
-1.764228722821229167e-01
-2.740496826253461915e+00
7.437635442840087041e-01
9.180944687452001318e+00
-4.621615911252546560e+00
-1.045361668099330998e+01
-6.743260654040749147e-01
1.423310954414204943e+01
-4.150325873386345066e+00
1.228721671838890828e+01
-1.159327731385740101e+01
3.715482801690169978e+00
9.989117381530656203e+00
-3.465396392301788087e+00
1.230021887288947902e+01
4.657521055735985627e+00
2.803476200204683355e+00
1.077236575320058520e+01
-6.724515249809033257e+00
6.546177510688269585e+00
-2.452372311921080961e+00
7.332108958300767476e+00
4.100074983679280471e+00
-1.648042349857164801e+00
5.806923261561077965e+00
-4.373378806697356680e+00
-3.151154055519296726e+00
-1.044038609688706742e+01
-1.469394826868287574e+01
-1.116369073825951741e+00
1.514069344559598562e+01
-1.826413731233276394e+01
8.705332800533851056e+00
-1.068863550619016145e+01
1.697245031639658563e+01
-7.233503005678235454e+00
-1.027823571209220432e+01
-1.772977256278555203e+01
3.624030587220079092e+00
-1.910132644720670569e+01
-7.040217419172378754e+00
6.165862895332873350e+00
3.990725672190640783e+00
6.725391492242131619e+00
-3.170465657031416917e+00
1.731928376692617233e+00
-6.587519394362247205e+00
9.915445490261854289e+00
-9.119841120491807729e+00
-9.960425701773129026e-01
-5.188756671523221398e-01
-8.193438581802002574e+00
4.475312542126641091e+00
-1.608088845079716478e+01
-2.014043228019173881e+01
2.710584915617186841e+00
1.225075449021718477e+01
1.285272535834664076e+01
-2.253796716456974991e-01
-7.403179859868818546e+00
-4.737045534830654603e+00
4.123594086487016419e+00
1.559198839980678741e+01
4.536730374553974876e+00
-8.828965716723301549e-01
-1.846762786496871556e+01
-1.111704240003450117e+01
-7.035464589863126506e+00
-2.472815266438866288e+00
-2.294278643140994944e+00
-1.617215068398195399e+01
-1.411411778154020880e+01
-7.504964971926710859e-01
2.588037521184483047e-01
-2.147131831454838746e+01
1.206858261976367785e+01
-5.518911858851010876e+00
3.490184304119414271e+00
6.608848273308515431e+00
-2.103493942176893228e+01
1.311858335376793327e+01
-1.381020893464332389e+01
-3.115083836007373486e-01
-2.029619050549121617e+00
-2.399482225884236186e+01
6.319620055875068587e+00
9.083551362544410424e+00
-1.187318192131265171e+01
-3.509877321114487358e+00
1.129792817185381892e+01
-1.331518306704278309e+01
-1.229243184129689048e+01
5.955962750143306117e+00
-1.431073766875293884e+01
-7.300348668993166257e+00
8.357949087706953994e-01
-8.315988996873979744e+00
3.465771402238656762e+00
2.777310142633570678e+00
-9.592881077845785143e+00
4.979808532844647750e+00
1.092005860754835034e+01
-3.076378457645091657e+00
1.299611961784068725e+01
-7.376836184949941533e+00
-1.427252716207643957e+01
2.253591085677006589e+01
9.267215902623210155e+00
-1.839921452888396303e+01
-4.610373991790889470e+00
-1.370841802147169552e+01
-1.769355161783699160e+01
-2.931410304085334317e+00
-1.345461716558499887e+01
5.798377869334107260e+00
6.941647038284664006e+00
1.554587103256042102e+00
5.102381506443927961e+00
2.725697561441462025e+00
-4.748887961618004638e+00
4.285147997572420486e-01
7.371939821014437122e+00
2.539561331466672911e+01
2.349981667815567477e+01
3.502616912343894828e+00
-9.818967867441825703e+00
-1.874010111033803883e+00
-2.696414989163381293e+00
-3.362034670949084258e+00
-1.791921388201336285e+01
7.629123863196404898e+00
2.277367735343142297e+00
5.311568920621119183e+00
-1.282482520702183137e+01
-9.601743189568853198e-01
-2.124921545720352611e+01
-1.383500617713385950e+01
-9.237898211941013571e+00
1.441560090763462654e+01
3.934035627232649102e+00
1.364253794942201736e+01
1.717216563793595085e+01
4.484975542915656810e+00
5.500425859206127477e+00
-1.131902595140976331e+01
1.553542956561624422e+01
-1.467994630927151256e+01
1.182831868864661473e+01
-1.118745550038066838e+01
-1.883791575954029085e+01
-4.806828638842670642e+00
-2.788864668837242711e+00
9.205128846241695584e+00
-1.383753790364920455e+01
5.650715281773220688e+00
-5.546081027199162072e+00
-5.090340458158673975e+00
-1.229117624209686177e+00
3.051239978802758657e+00
-5.225553313114194687e+00
2.045714024393073416e+01
1.130791572256552513e+01
-2.967576151146555041e+00
1.508592478473784126e+01
-9.377820670866466202e+00
-1.111197802084323616e+00
2.094417154698030359e+01
-1.578686766576689049e+00
-5.580026691928557936e-04
-1.231903720028572380e+01
1.769290982544275137e-01
5.462857176477222687e+00
1.153535207291738551e+01
5.247946411306629422e+00
-1.326115674582706738e+01
4.644377546472111540e+00
-1.675779378706845790e+00
8.895556982265148349e+00
-9.996333802310406469e+00
7.620028955855551622e+00
-1.702887024552704798e+00
-1.364970102787140371e+00
1.054604789264513620e+01
5.628512430506331654e+00
6.115888840410763194e+00
9.079092732213670303e+00
6.629706641434395920e+00
-9.170522241266018781e+00
1.064973543349338314e+01
-2.184337012992939009e+01
1.536489176645988275e+00
-4.949464396987005799e+00
1.019989842888247900e+01
-2.077653487228696250e+00
2.616397872240231681e+00
-1.331354777136245993e+01
-1.589537412845283981e+01
1.211112541281403843e+01
-2.681043949890528921e+01
-5.074419380379785238e+00
-3.489487058275129616e+00
-1.107298450384096178e+01
1.917510646734732482e+00
-3.218378273830524883e+00
3.514624580109256602e+00
-2.788160237128842756e+00
7.696822941073230950e+00
9.770114620422473806e+00
-6.246116580345330682e+00
-4.467499547652595271e-01
1.502455353213375666e+01
-6.400193078463877194e-01
-9.715129106640832291e+00
7.306579052183963974e+00
-1.662683201431840452e-01
-1.044392264832655393e+01
9.248341385135073978e+00
-1.801280782110953638e+01
-8.033850271755948569e+00
