1.0733367235
-2.7946911676
0.6260109309
-0.6478390686
0.9384300040
3.4035267639
5.4203271002
-1.3546420964
0.8930827598
0.9368406690
-5.3022531274
-0.0968089192
0.5680282612
0.9419681133
-8.3520383906
3.5860389989
-1.2270393154
1.2447287899
5.5768281848
-5.2343240483
1.4079874634
-3.3723315668
1.7364764946
4.7146393629
-0.5867900233
-1.1322880644
3.2392559601
-0.9882372851
-0.3188207215
-0.1220266177
4.2003147368
-0.9869671953
4.1603096545
4.3669634040
-1.3374259026
1.1982371108
-5.4677770075
-1.4173553422
-1.9566602251
0.5092576704
0.9413693333
-2.3646107373
-7.1920440497
0.0267722421
-1.4490040832
4.6905902527
2.0791132474
4.5089481448
-2.8393188423
0.9702684370
2.1622267343
-0.1019270607
-4.5359534234
0.3882706575
6.8362918065
-2.6205698572
-7.0942580321
-1.8363429054
-2.2622600325
-1.8965869891
-2.6563177007
0.5265921499
2.0548841893
-4.7025475050
4.4143095222
2.2341129904
1.2087959777
4.0906716180
1.1826424573
-3.1806816368
-1.6220555256
3.6909664699
1.2071262207
5.3257846473
1.3856117916
3.3811953200
3.0412547689
2.6315343083
-5.9384454627
3.9305440186
3.7838822063
0.0056334894
0.6095977057
3.3536116409
-2.2622043662
0.8623784903
-4.9181215601
7.8895164141
-0.2727108708
-3.2121078463
2.3000516429
-1.6820533037
-8.8008213593
1.4771106880
-0.0683851792
1.9231391909
-3.1751451465
-2.7063536389
1.1464164589
-5.6111007184
1.1656728056
4.5399002904
1.1807400142
-0.0569073452
0.4891076570
-4.8135182964
0.0318586194
-4.8317170815
-5.3636635245
0.7664158218
2.8340014776
-5.6288614018
0.0392858544
-2.6252397115
2.2102973836
1.3534295037
-2.1259827010
1.8884830108
-0.7323621036
1.7031281750
-3.9052417852
-6.3644060843
1.3701592436
-2.6103414066
-0.0167680764
3.4193665698
-4.6794803805
-1.9675414493
-5.3235954607
-5.1368281903
5.0305048618
3.5986565320
1.7758144722
1.3114686846
-3.3420094847
-2.5087572959
-1.6545997426
2.4834138163
3.5776962229
5.2868737116
-1.0095188900
-0.3774987112
-0.6235165922
3.2917448750
1.0154624920
-3.2400161464
0.2864622787
-2.1803750485
1.7252259913
1.1971122541
-9.0423430474
-1.6045216206
-3.8417298435
4.0451529815
-0.4440772499
9.5190273049
-0.8303491160
0.2392494074
2.1459302128
1.7118959960
1.1224109348
-3.5450254744
-1.0832119888
1.2059386909
3.9298158921
-8.3085971930
-3.0955620090
3.6941951373
-1.9429768723
-1.2835640592
-4.7705070527
1.8512428819
1.6479255230
3.6967956790
6.6921942136
4.5813089401
3.1449953961
3.4106376668
1.0699027919
4.3232953815
-3.6202260986
2.6151159073
-2.4714996784
1.5843281378
-3.4944846213
-4.7082650230
-5.4509874487
8.0389319328
2.5380686945
0.3518923379
1.4901980027
-0.1351110608
1.8180057446
5.8152434363
-2.7660196028
5.2979645677
-2.1070719419
-3.3337165894
-2.0087023547
-1.1055154012
-2.8590604072
-4.5756537635
-4.3562820764
4.6582407356
4.5172839025
6.7261897054
-4.7049534074
0.1369735415
-2.1141062943
-1.0431110759
2.6683823008
2.1364575429
-0.3869620085
0.2249237333
-6.1405734772
1.5653506034
-0.6326273423
2.0833736739
-0.8975293992
3.7208552023
4.4420989419
0.1977039008
7.1889599086
-3.5615553884
-2.4228592345
-1.3927810212
-3.2607901592
-1.5912818820
-3.7921950526
-0.9958260818
2.2331758363
1.3623338013
0.8629949365
-0.8853311248
-1.0915344474
4.0690721581
-2.6965407508
-7.4185174765
-0.1795321795
5.1597139202
0.8777466963
6.5300653946
1.6570015150
3.0409543515
5.1505294082
1.6181695632
0.5934035502
3.8290929574
-3.7867980600
-1.3251643222
7.1819942404
-1.4125986896
6.5567862010
2.7078094015
9.1600792286
-2.9087240282
-5.6685086985
2.2685156284
-5.0438276170
-0.2445126681
-4.2293286184
2.7598361909
-8.1084182559
0.4987567905
0.4431744409
2.9311097241
4.5614810360
-2.0139809920
3.0757777936
-2.3551024426
1.4371993865
0.2778022405
4.0496495673
1.4832917278
-4.1934472718
3.6151052509
2.2607527461
0.7104801446
1.9296273419
4.0449367130
-0.1199069710
2.3888836944
1.0165561366
2.8415401706
-1.7759971899
1.0586677079
-0.0854923684
0.2241742494
5.4117559876
-2.6243977376
-2.4068374677
3.3895581555
2.3064154814
0.0156971853
-1.3538670584
-1.4311589703
-1.9249556614
-0.4531143026
-12.4310025574
1.5245031279
-7.1172340957
7.0008465625
1.9021355140
1.8310241866
-3.9575018463
4.0252537339
-1.9251086435
1.9067228417
8.2165513291
-4.2560028638
2.2697759370
0.8002845367
5.6396743738
4.9488183503
1.4653060509
-0.5079263911
5.2735381256
-3.8736793213
-1.5468283299
-3.6109748588
-0.9366228391
3.4278310175
5.2094047673
2.6368157260
9.7380800811
5.2756630677
8.5568332553
2.9582262838
0.5475676348
-6.0556103198
-3.2933577144
1.3833231245
-2.3743452323
-1.5974129309
-0.4375787186
1.8556852671
-2.4825209014
-6.3315301424
-3.3740033474
3.6355456403
-0.6504750298
-1.1488536794
-0.9186469829
-1.3167493964
1.6269577537
1.8504034233
1.0693048542
2.2588844707
1.7832617400
3.4573445085
-5.5360107494
0.0410108757
-5.1361335906
-0.1639177424
-3.3808275006
5.4613088660
2.4048059076
-2.2951020151
2.8861970914
-4.3780987425
-1.7432150019
-5.4348890094
4.8433048944
-3.8484457905
-3.0281306978
1.3947755998
6.7477480241
-5.6086414610
-1.1809772457
3.8229474410
0.5731219023
-0.9459831420
-0.4176168376
-3.5551743129
0.2890340825
-1.1657606520
-1.6599875903
0.2779811075
-0.2849552594
4.7134508114
-4.7094739172
-0.2813527141
-3.8324440010
-0.5274440913
-2.1272891215
-6.9018059765
-0.9287836727
1.2816769896
-2.8747448306
-0.5497093225
3.2886294223
1.4452615662
4.8151986003
-0.6905555952
-2.8426026637
3.6324672881
-5.7613412663
1.7011729398
5.2540839859
0.7880101937
3.3505033792
-2.2387425106
0.3991399543
-0.0951048834
1.9804660780
1.4250912483
9.7141260945
-2.5019296724
-0.6084785252
-1.7932088554
0.7522575404
-1.4709521432
0.8024807480
-2.2922210879
1.4868098745
1.2930496842
3.6334305399
-3.2029544995
-1.7470296533
-3.5197681550
-0.7521470054
0.5253523599
1.9157356961
-2.7931746575
-0.7977602499
0.6300612524
-0.1374700887
-2.2783652787
-2.4898601273
1.9128318954
-6.3201481693
0.6642854205
-1.2689692509
-4.8017120488
-2.1284013090
-3.2283367114
-8.6605666874
-4.7632001367
1.1065990753
-6.1142645229
-5.7434581121
2.0824578239
-7.2717336712
1.0147043180
4.6591428132
-1.8822965803
9.3823823176
1.2540557805
2.1763537305
1.9244492962
5.8262515453
1.2833241689
4.3471546029
1.2104663120
-1.7992086999
5.0950899809
1.7358164401
-0.2770549480
-2.3929931902
0.4336707460
-0.6511410471
4.1808873185
-3.3173426231
-1.8955266012
-10.0962964341
-0.7144912294
-0.6323623982
6.0817731668
-1.8206904155
2.1661708708
-0.5125096787
6.3818027897
0.9850199676
2.0836051038
0.9935938956
-1.3953851522
2.2997260449
2.3726878741
0.2533878914
3.5360425808
-6.0804635562
-9.9053097950
-2.8247025090
4.0915457706
2.6274143338
2.5091035642
3.7071924919
1.2693816731
-3.5553906671
-4.1086126253
5.1842852577
-2.0946925395
1.1004096296
5.1411362297
-4.7001157666
6.9210801236
2.8254885153
1.0440811799
0.0327848845
0.8016760257
1.1142092985
-5.4791302959
2.2250519509
-4.7608786020
0.8965889060
1.1991283707
-0.9329869146
5.6747312355
2.1272990439
-3.0871872977
-6.2378366916
3.7610813963
4.9230523480
0.2200403280
-2.2771762238
-1.1139992312
0.5498779051
-0.6963333671
-1.6200438503
1.2653768185
3.1958553489
3.7899254992
4.0961662198
-2.7119470453
0.7318488812
-3.0122573130
-5.5264799202
6.9087825946
1.1015901102
5.1796907460
-3.8080592154
-2.5541594602
1.5277445081
-0.6597215034
0.9247191523
2.6403075570
0.8843438596
-0.1434850336
-0.2070844174
-2.1213972222
3.5628914328
0.1218748858
0.4548913363
-0.9426464898
0.8576657390
-1.3961553298
4.0849617017
6.3922600089
1.6012125843
3.5469651027
1.2364146365
-5.6790725219
-4.8750262471
-3.7793837790
-3.1735250808
-1.2744944218
4.6077518706
1.0044227317
-1.7700434274
-3.2096015010
-1.1494686923
4.3427903452
-5.7351040609
-3.4045100227
-1.3494677163
-2.0745535847
-1.1217479748
0.3801253959
-4.8562229035
2.8592886332
-3.0071087903
-0.5371227577
1.2923421461
-11.5687625771
4.2158771894
-2.0877099555
0.3379650977
-2.4523146348
4.4448544915
4.5670953054
2.1464369234
-4.8181128488
-0.7948919697
-5.8219159318
1.8044637737
-1.1644030198
-5.4248034601
2.1114173133
-0.8080031812
1.6868699510
4.1656476481
2.1364842733
-0.6090595865
-3.1343203666
-3.2969820255
0.9376653852
3.8752739906
0.8320391102
-0.0987949432
3.9618625118
0.7921708725
4.5953047461
7.5016369246
2.1299339604
4.7324964432
2.0684527154
0.6107176039
0.4282986051
2.6049549954
-2.7933934836
-1.3120729089
-0.6108197969
5.6309073624
-3.3952191179
2.2462289752
-2.8756459912
0.0197337315
3.3438928131
-7.1118271981
1.5286336130
-2.5862000619
6.4637923688
-2.2150524759
3.3096754889
-3.6017155051
-6.7548991685
-0.6583426622
4.7856183252
3.8953599848
-0.0849508552
-0.8427524459
-0.8313777849
1.4598138897
-1.9153820174
0.9046446429
-1.0475359709
1.4887176171
2.2529892732
6.3512135453
-2.8407154007
-3.1281676230
3.5331112340
1.4283079427
-2.8007478182
-1.2781333923
-0.9115429553
1.3575082750
-8.1813635992
-1.2179906653
-1.9642975422
-4.7024427745
9.0361168166
-1.0732368361
-3.1521624455
-0.5016080593
0.2452453259
-1.2248999391
-6.5180347674
-6.4405702432
1.8673932662
1.4097904203
6.4838846161
-0.5490133914
2.0270662594
1.8863589570
4.1148460367
-3.6108555042
1.1738539013
0.5559177998
0.2374234538
-6.2120274249
1.2570616589
0.9441047894
1.9641507902
3.7031082751
5.0127331749
3.3835159537
-0.8328780343
2.9877616380
0.4200556639
-0.6310804667
4.5374719084
-2.2639378119
3.7572713296
-2.5879648054
-2.8334870194
4.7946585824
1.7785587093
4.5191673571
3.3364408707
4.1577550634
5.7140394559
2.4947238681
2.8238573315
-4.2094687760
2.8209723421
3.7889619656
-2.2346036331
-4.0889740021
-4.8590500485
-2.2315228771
-3.6675139697
-13.4635273308
7.4603566389
-0.6913906334
1.5205113244
5.9180058564
-3.6239023080
-4.4969737585
-4.6120407806
2.2809446500
-0.2458238283
-1.4455812578
3.1096893096
3.0326757361
-0.9290529266
-0.9616001815
1.3985221801
-7.0613588417
-4.6209943561
-0.7930302018
-0.1761217467
2.6954948313
-1.6098115891
-3.5353918597
0.0347016941
0.9606124823
-2.1973048665
-3.1418283215
-3.0579183572
-3.1284083491
5.7547778620
-1.9998434378
-0.1144550977
0.0581842162
-1.7260332429
0.0922660244
-3.7629364020
0.4994707791
7.2368421055
2.8552972406
-6.3859184902
-2.3121369392
1.9911223302
-2.4782714194
6.4637489701
1.9711281947
-1.3238076117
4.0104876331
-0.5993952643
-5.6351441666
3.1783031009
5.4225024942
-1.2458391498
-0.2389555973
-4.5186913572
-2.3323893598
5.5964998671
0.0920667272
1.1145908208
-3.2257941797
-1.8741472096
2.5926745720
1.5893770310
-0.9829899078
-5.4766480596
-6.5164962815
2.5309407403
-2.5018032999
-0.0155960648
4.1895666653
3.0650846444
-0.9216482969
-0.2401114250
5.5833048881
1.4016798184
-3.6323465454
2.2530739783
5.1251834073
0.3217611889
3.4984865382
-0.8984584305
-7.7163349931
5.1430536538
-0.3689137022
1.6867342368
0.6729429443
-1.2407375307
1.9604575545
0.1467325067
-9.8568859312
1.8107401673
-2.2549682854
3.8665770797
-1.1021820701
0.3834187466
6.7651523658
-3.6586961908
4.3889369824
5.9700226441
-0.8770347594
-6.6109837936
-4.5126387469
5.2366955676
-3.3213247702
-6.3598048225
-0.9272403031
7.4238619656
-0.4195671058
8.1542058357
-3.7872493262
-3.3366246838
1.5683708681
-4.2387042096
-0.5404760500
0.8907035998
-0.1618528386
-1.0107027208
3.3375041964
0.4686276083
1.3122874725
-0.0271640194
-8.8111796009
0.3728520618
-3.6526657943
4.8387671844
3.0579368447
-4.6514289087
-3.1180332410
2.2382508698
-1.8878852884
-7.3969105093
0.5876430059
1.3969122532
2.5732166460
-0.6873913818
-0.1900144635
-1.3025986745
-2.4802157251
3.8722734638
-2.3791154703
3.5119463118
-3.9116911095
-7.8905475807
-2.2854122908
-0.9745870076
4.6705302568
-3.5313250975
1.1804692074
3.4980622652
4.0703769292
-5.3092035708
-0.8293489792
-0.0289876059
-0.5375892157
-6.7239729941
4.4216179375
2.7018632741
4.7593093624
0.3125485162
-5.7716761498
4.5447867764
1.5927021787
-6.6606182079
-1.8327450716
2.3841773656
6.0234007927
-2.7647023652
0.0551440620
0.2153272339
5.3803379199
0.1741330351
-2.6720877319
7.3277484799
-3.9267498829
5.0499930859
-0.2767940251
2.6146579804
-1.3607598935
3.6657475055
1.0244858781
3.6034525779
-3.0428162596
7.3509324412
4.1173597265
7.0026897756
5.8455173468
1.6867853314
-1.1555152565
0.9587711080
1.3106698839
-0.0994583060
0.3560286215
1.3715233511
1.1591003047
-0.2616109697
1.2914324015
3.1479507212
2.9568072198
10.9237787999
7.4926264242
4.6139717610
-5.6658332276
0.2699132647
3.0981123943
-1.1564697268
2.4518098561
-2.2564540614
-3.2595665614
-9.4323461262
3.0643542950
-0.3330888798
5.0856524686
-5.9281839461
2.2358198561
0.8382706786
2.9661193640
2.0867503867
-3.7778995150
-2.3855881572
1.8556119351
5.4563869478
-5.6952002111
-0.7094503234
-3.0586675530
1.7575639646
2.7635867998
0.2950241434
-2.3864488050
-3.0433169199
2.8604447334
4.2786450768
-2.8716530067
-0.8869453814
-2.5317787026
0.9123111691
7.7811165734
6.8684361335
8.6064214255
-5.4559430659
-3.9250462094
6.2600197076
-5.4919079809
-5.4444984322
0.1745486136
-0.9911814869
6.5703640392
0.2534966568
-8.0164386396
-5.6289234006
0.6955402818
-7.3171032839
-1.8245597973
-0.2367911638
4.6518583108
0.3791914610
-0.1503884987
0.8044452105
5.4852732000
-2.9392774557
1.0921617722
6.5120776384
0.9101063227
-0.9332355444
-1.6062357258
-5.2498879754
-3.3917584137
-6.2235870558
3.7222060306
2.9825151436
-4.9274974423
0.9174356646
4.1482992176
2.8171359781
6.0773436371
0.9045854148
2.4720848960
-0.7214579547
1.6478996552
-3.7413663809
-5.6923170527
1.9111261530
5.4213214564
-2.8807332030
1.9841338386
1.5601362337
2.7458441411
-0.4295581017
3.5425005988
-1.8005548763
1.5679248094
-3.2640413780
-3.0221718924
3.2085253475
7.0478477167
3.1736131923
-0.5927830093
-1.2711160515
-5.3791471119
3.5894054949
-3.7866159876
