15.3546918199
20.6487283413
3.9283569965
14.6669202469
-16.0145993527
46.9013665059
0.1849959546
19.7660132574
-35.8639901351
-28.2772173489
2.6506491600
-12.7460975628
76.1201759832
-6.8286249261
31.0222396228
31.3957592072
-16.4508766310
-0.7008452122
-5.0703586896
-4.4279409926
47.3014038440
25.5253356091
-7.7293613198
-2.0609141429
3.5307626500
-49.7246120196
6.6174071481
-35.5949223550
21.2997096917
17.6944792722
16.7796709086
31.4575434243
-14.7570832605
-13.5046026021
-39.9650488661
3.6629296468
6.5679063947
28.9242623762
-26.2615639079
16.2151055803
62.1436803522
7.2250834224
23.7310566494
-30.7449855345
7.6783817165
-35.7418446940
1.9034385831
-35.7415036353
1.5341124810
-4.5328553328
1.2073819171
22.1254859290
-26.1304700940
-20.7742323454
-20.8497895998
-44.5660556365
-22.9995237548
39.7543692357
43.7317984258
-7.4683142384
-43.5330378063
-15.5587295465
22.1620340130
7.3381889552
54.7254522854
-45.1418238231
19.4263712934
15.7369804234
-62.3650261718
-20.0860089212
-10.6110711614
36.1111444938
-81.3105196554
-16.7546644163
5.3047882130
-35.4998012973
-65.7154841372
-21.5966510228
1.5445118382
-39.4022126562
-0.8596835739
32.5792534355
-5.6247231931
2.3167460726
16.7403313394
31.2230403043
-0.2059257553
1.8292143496
-12.1171238336
-66.8892414627
32.1157605534
14.9860415548
1.3287463602
8.0468445258
17.4374732190
-8.4345079566
-14.5505584575
-16.1665082496
-1.4554957161
10.2318574628
31.9553418543
-4.9650014882
0.8786831189
-4.0363201608
-4.2939869877
11.7344276459
24.6397632860
-20.9159654039
5.1788675944
-21.7757582759
56.3233713726
-8.1926711081
-50.0715600264
16.6125583017
36.0715892022
0.3299710647
-16.1536187154
23.6674393808
34.7520855146
3.7393801602
30.9364812335
5.2903361207
-39.9609553156
37.6271709132
-38.6175737548
-17.0371132665
15.6472261875
30.3029135279
-38.1715713339
-14.2581275049
-0.7023690774
-20.6521223291
-17.9339752961
-27.5185323179
8.5272573665
14.6754896281
7.1472720743
-52.0731049680
-12.7475413986
1.2427225699
-8.6716908964
30.6155024058
-47.8990541524
0.4200202508
-1.0908771573
1.1937579393
-38.3547704787
-13.8292755762
21.1305394740
38.8972788954
1.8657262498
-3.0007744324
24.0120843010
-8.7967192754
-8.6532570246
-19.1889306851
-9.8327550441
-14.7725105847
13.1500751836
-28.7138038555
6.7729285821
-33.0444232557
5.4348477910
-5.5112838594
-1.6347468992
-30.4910471858
-34.9190735859
-32.0413855824
51.4158549896
70.9172602310
-72.0326266990
4.3846642616
-28.2348972213
5.2858282906
-61.9167484971
-60.1017665281
10.0504333321
8.3036648339
8.4008522319
0.0447286082
74.8957707461
-44.1460950849
-39.1583099969
0.1939656001
-24.8789169794
42.9299505750
5.6993880956
44.6006436755
45.9463304149
-4.7747553289
-37.0564897331
-55.4404901517
-32.9369533489
-22.1827944607
11.3479410304
19.0560601297
-27.3739157018
-20.7685850694
-35.0043803198
-79.8607243082
25.4967330040
27.2320402966
1.3053961409
-56.1030878793
-37.5309779155
-10.8577810715
-3.1025305066
14.6095452499
21.9600512231
44.1958143783
12.5687410382
7.5365303356
4.5720033203
-1.3825072159
42.0519669424
30.9087412933
10.5378751734
4.9502072189
-16.6255280041
8.6957784833
-56.0285199006
11.8665117223
8.7754533689
9.0791134435
-7.3276845869
32.6750755824
35.3097927918
-9.3460490186
21.7408695741
-9.5128055959
-3.2992474638
-11.2608902533
11.5560311380
-58.3889463538
-100.0342965401
28.3484336207
-22.8679342324
29.9122956008
23.9844269702
13.0819083317
28.3491717117
-15.5529290921
35.8594695818
13.8681891284
17.2522401172
-6.5878090771
-35.5175215390
17.5128570684
28.8765251158
-17.2705004064
-43.1543718763
-11.6189759507
-5.1633911960
11.6619188802
-3.9923960495
25.5571912994
20.8401567118
-45.8586845768
40.5527367797
-13.1631283069
-8.2315318318
-34.7871578191
-23.2216685652
6.1849378079
20.8989355921
5.2440632246
-70.2457093538
59.8918993598
2.5240378024
22.2033167318
5.3255500280
9.3172827759
-15.7087775746
-23.4975815049
-0.5882183596
9.7041070327
19.0581323885
17.6103595168
-58.2084499700
-33.9800879835
25.1726267440
-77.1585912391
-30.0896834805
-17.1040933383
-7.3955126863
2.2330122892
3.3298516929
9.8512313499
-6.3174779585
26.3867218051
-4.7423844308
35.4179412801
31.2366092486
-16.5641345747
65.9553235871
32.1626026313
56.4472899730
-17.0063376409
24.6725559323
-31.4071331579
-3.4657273602
-30.7131512221
38.4261682429
-25.3780315240
-1.7607424893
-27.7519386797
42.6020085390
-1.0417020310
33.1356014328
16.8968017192
-22.7706473782
-36.3813857768
7.7203578559
0.5366838208
-16.1938645459
-26.0117326877
-37.6483600480
-12.6033645848
4.6309019314
-3.9255332873
35.9647162887
-9.4006639502
13.3336327813
60.6607002982
63.4751602673
-24.3605373426
-5.8164571970
-54.1426954422
43.4757650402
-15.7742680731
-3.9369943812
-32.1425447824
55.8209667126
36.8463638398
-36.7475637383
-18.0295200805
18.1296618750
19.5843328637
15.6584665144
-7.0350456757
15.1601864100
43.8236135189
21.5987690295
-16.3154235730
52.2353783629
25.9636950473
-25.3764165314
-94.3940314512
8.6204676374
-16.5355136507
-27.4324447339
-24.3996436830
17.0710883483
-80.7496423009
9.6300762581
3.2984758586
-0.3293122982
22.3669656342
-1.2348791587
-9.8239574920
-24.8017144226
32.9923218672
-37.4925364177
-23.7620175963
22.6288540146
-39.9758148386
9.1904679419
13.4351491205
-30.0487430999
6.8312359197
11.3068603588
8.0387342276
-33.0735030599
12.8544691834
24.6048242483
-33.9784923837
15.4598623761
34.4522733675
-34.0622194976
18.8768635593
-4.7994071536
26.6626354743
28.4382647759
26.5862855450
23.8790781716
-29.8976405262
-46.3643876115
-3.8637910968
-12.3429414934
31.8220005353
-34.8587453323
-38.4539521976
-33.7780470105
31.3697989445
14.6342892781
36.7389217883
-32.3614829801
-7.6269778245
12.2663105249
58.2001265424
15.6026686945
46.1207739089
-22.7835620318
23.1337732100
-29.4441621093
-4.7993384310
6.7241827126
-14.5029623984
-0.8734970454
49.8618024589
18.6277800267
-14.6057969570
-21.0430407772
64.4318693365
13.0236836825
-24.0341106841
39.5503052822
-33.5497199149
25.1229556224
-21.1154789858
-1.4344051352
34.0617924360
22.5410767818
-12.2402654967
46.2846452708
-6.2936512633
25.2427574475
6.2658856335
-56.0389477848
3.0731676587
-37.4822243464
6.9853595104
-8.7725961568
-51.1029071485
-6.2971077293
29.8343176049
12.8593548617
-4.5304050530
3.3168911748
17.7746549491
-86.1885610381
18.2736473624
-16.7927619175
46.0755509908
-22.6769855599
6.4830611145
-3.6591729490
-30.8996616543
42.1490882150
-8.2497704575
71.9875916735
29.0422261582
-1.8813113010
13.4409610342
60.1578914062
-37.1712393406
-6.9614795336
31.8342454049
-11.4035768244
54.2094231927
10.0591003616
-47.9346177678
-27.1942398919
-6.8259271499
-31.7962546400
-9.9125363225
-35.4673082065
34.6730167125
45.1196164711
28.7231570546
24.4583556313
-85.6172043179
-66.2599372256
0.3078149207
-10.3439710941
59.3274925479
8.8508211260
-22.4841119779
-42.0978690067
-62.3300031112
39.2550641579
-2.5720259084
54.2667395726
64.1680750202
3.6555306867
1.5842395084
42.1096907400
25.4396363360
60.1940562124
-2.7200916066
52.7459833057
-35.4005584237
-8.4956448229
29.4693482634
28.1063165395
3.1560787121
-39.4503781895
-11.8209255033
-49.7771587121
-32.9709540598
-1.4043389216
27.2195677881
33.2971509507
-42.6732058283
-27.3418184799
-14.5205810287
-3.1656814275
-10.3799009334
3.4162399172
65.8131589134
52.3594356707
-5.0898625736
-39.0622405697
6.3880813943
-56.7453131972
14.1587872648
-22.8621535330
-33.2998441373
15.8254944503
7.7274533781
-55.1862620336
-3.2659405879
-64.5730004080
39.3059083080
-49.0570714955
-25.1473335519
31.5373514450
-41.9668637637
-62.8439337722
12.4770575981
47.4545921731
-27.7253047235
-20.5552957671
-6.3165972553
-4.3256037690
37.5162219390
-46.8545785845
-8.8728586835
12.5082000574
21.7139551533
-35.4194772541
58.1347265807
13.3337766427
-60.7312884054
1.0942156157
22.6710445190
-55.7539352959
17.7425914260
-16.4760418674
21.5544600120
-31.9830695674
19.8361298438
14.6383134194
49.1167319931
0.7410312455
-21.3298830740
-54.7824583887
6.9978713660
0.6116736377
-39.6988589444
36.5184167527
61.6127829239
3.6705928220
-9.7089078828
-12.9415168925
3.4047116018
11.5901025514
-3.8489102395
13.0960512460
17.9965356586
16.0524328016
-8.4067888912
24.7310660330
-42.8861423343
38.6287332017
2.6806124086
9.8804675319
76.3474685221
-35.0781542713
11.8765171365
60.0177087396
-36.1130827044
46.7913635922
46.0957583158
4.6440344539
-9.3882328430
31.4754512601
-46.4577119177
-33.8119403754
3.8715975025
5.4800436979
16.5143300543
-15.8599228745
-38.6472395711
23.7197336867
27.9357919706
-14.7151606052
22.0660043191
-14.2795694058
2.9043462813
20.8362432725
-16.2282488678
16.0432078592
22.4802340826
7.1238736378
1.3349615144
-40.0870618756
40.8611335650
-51.8623406040
-33.0124895775
7.4364684683
-10.9416823230
-37.5133970274
-32.0553881011
-30.1525539896
2.9918459418
-58.1537961285
-2.7158113254
16.6158196707
45.9566478067
33.1846209074
22.7163320549
-16.0938503927
33.1685214679
34.7477324661
-25.5650795617
6.2007639833
10.2481874496
63.8977544963
72.1191486591
-44.0536991174
1.1443795457
-24.9728722170
8.4253341356
41.0467212186
-7.5613599728
5.1922145049
15.8849450967
-54.8992504671
-10.9084138279
32.2767818099
27.3483297593
9.7967262737
12.0615631822
-2.2029100570
-10.0246491596
59.3633394927
6.7217217887
7.6163904925
40.9066132506
-17.7619618172
-0.3437064258
43.1044741261
39.6670263099
10.9156728666
20.5330881744
-23.8102154354
29.8919563676
11.0861847093
16.7121222108
-1.3718808189
-44.2813099861
13.0066169171
-23.0350977440
22.8098692463
9.5113753255
2.4989400492
-37.7207560526
54.7562637825
15.9043433436
29.4673010264
16.5736549173
27.4458324010
16.1888677748
51.6159303591
-12.3215897271
41.7278776608
-24.5159813057
41.0957687736
52.3055452802
8.3086745175
21.1567717614
-62.9046140730
-47.8522661679
24.9409158800
18.4467891559
4.9743317618
22.3493193906
5.6991641476
-1.4507868163
-0.4875616781
11.6574489398
-38.3951014237
-0.2082395166
-15.3171163431
12.6354755755
-67.8912455156
-52.1494173185
22.9561384894
-5.2570830652
16.5311417716
-18.8310955651
3.1275649252
-36.3614934190
3.6239668971
-52.5204234869
-35.1281145447
76.2646274447
20.1283015833
-3.6594205419
-11.3151668872
-19.9084787348
7.0626109080
-39.9200221855
-6.5602830988
18.4936372536
-46.2114718251
-13.3042551293
11.8643750732
18.0899485078
-1.2919218943
13.3232817620
-31.9776495396
12.2077015597
-18.3683998641
18.7737018646
33.1244796486
15.7115308688
27.2571336509
-13.4073580737
22.0873039957
-12.1759779709
-20.5671650146
-11.3193364604
62.4961812067
-25.1506082709
42.9622987844
11.9093237795
10.2273721850
7.6563884396
-3.8771438150
-19.6800332287
-22.2764553287
-63.5871098331
-18.6046750438
14.5762420617
-8.9842463466
-37.3707907394
23.2977516236
10.3667173227
-53.4221187808
-26.4891783194
-20.5634211860
-34.7396888574
17.5405538825
102.8742444577
-68.6066692430
-6.0811085783
-22.5312759503
42.7611725267
55.4359088130
-12.4402016528
14.0040568841
26.3630910625
-25.7578916392
20.5049977436
33.3865953886
-16.2188436194
-13.3232876605
-44.1657017158
4.4403933778
-24.6157134296
31.8828314475
6.1322527054
-17.4036878088
-4.7507462958
24.0273984830
-17.2718968603
29.3901914689
15.4219358659
27.8406035968
-38.3040957413
26.3761788448
22.3441240621
-36.1667765630
-5.5816265732
39.2236245602
23.3901160660
7.6976864139
31.0284123123
17.9331178019
-10.1505435430
4.0051256341
-34.6095237443
-34.1473972745
3.6144783617
-34.6370100213
-11.6322371549
-64.4833679346
11.7305960393
21.5698294708
-11.7883468027
-2.8685319224
-30.8947639520
7.6376140175
-38.8555494231
0.4214570736
3.8791465966
-13.1944906541
-32.0786291574
43.5348909083
-32.4920660934
-31.5935251740
34.3756436412
61.3384871584
-2.0883130061
-36.0947069401
5.1016318760
-10.2113550124
3.7908449875
3.7584453453
-3.0982970970
-40.9006983239
-51.2464606362
-29.0482468979
-37.5818282292
-25.3848336208
-16.4390747361
4.7966301883
10.2676586333
2.7166073096
-32.0260591550
-20.0371365312
8.0587523501
27.2643244740
14.3524285638
-26.3133622139
26.0717571327
10.6458168006
-5.7241900570
-27.4275516210
-11.3392221812
37.5413491240
-41.1975241811
25.5030907574
64.9688981940
29.5490995427
-9.4324303498
40.8560856155
14.0864263966
3.3989916156
0.5769617709
51.1407443208
5.0034955808
-48.9098064434
-31.9159020425
19.5573534456
-32.4922710580
42.8503173729
-4.8968726564
7.8161715099
-20.2646340996
10.5172214168
14.5914671428
-45.3953382604
5.2998842666
29.8426206345
-14.5981701901
53.2071919579
-17.3760308501
25.2827410796
17.0742255970
-82.5555257467
-15.6521435835
15.8906665607
0.6453154809
10.9537682864
-41.0347023731
-44.7085629833
24.1770462120
47.1003927310
47.7395259531
-28.0780324073
-25.7855654940
5.7923828894
-55.0895283922
14.1363762805
-30.0957678949
-14.9264201602
-26.3230144090
3.4735683591
-31.0799829671
28.2932245123
-12.3603646207
32.2863988707
-28.2087723878
-26.4257446795
25.2508716580
25.9512840853
-3.2559177617
-51.5713437370
26.3475655469
11.3048402288
-18.7637271343
-26.5178715435
-8.2646699748
-26.1947743792
-3.2011208554
21.5926597586
-25.0324084322
22.1058225346
-65.1787472895
77.7520839030
-27.2724204705
3.1756223607
-73.2270595684
13.6352215307
-19.4958770861
18.6706556365
6.6521572497
-56.0502354046
-27.0010797049
10.4016679237
52.0093993486
-35.7165226530
-27.9035335375
4.8307889074
-2.1798914218
-32.9741200636
-12.4125913530
-1.4538815195
10.8957324067
-32.8406258197
-61.2080001628
-26.6156303421
4.6405680408
-5.7204432759
-18.9733647687
-14.8826043305
32.5009641344
-34.9823801750
-23.8248963936
-1.3360872619
-42.2476472392
7.6929172036
-28.1828504535
-3.7146173012
5.5247422092
-15.9093820532
-12.4198622112
29.2717626849
2.5584254515
-1.2142066522
14.6154762620
-18.8819852098
25.9223728640
-2.7473413179
22.8334935608
-6.7476440029
-32.1052965679
-28.7195732124
-24.8247401624
42.3016118235
44.9156480329
-15.9489283130
22.3115953613
-10.6056401752
-0.5076199991
7.5494966305
17.3867680852
-7.3514689736
-16.0882005416
21.0335408750
48.0807222434
12.7429628582
6.0871298022
-44.1191950205
24.8583674642
7.3946060801
-51.1594150585
2.3550134416
5.7175289833
-7.6410428897
3.2834003681
-0.0305675960
-9.9764728882
-14.0395814398
12.4062492611
-12.9640366481
-14.7363956847
11.5794604900
72.1675673883
18.0970086839
45.1120544100
9.4796688512
10.1571271154
28.6942335127
30.5433764683
-5.6076278645
-37.9096130108
-3.8253385539
-7.7895458009
-30.6398948483
-69.9091312433
-21.1164262674
-12.6719385884
-15.4170743399
27.6986676876
27.3683764401
-12.2919420951
-24.6713907091
-21.0526587586
-5.4144172090
11.2845222048
-1.0798053280
-31.9358636491
-3.5279882837
27.6472385732
31.9154938923
29.8508949516
43.1233767691
-53.7967299151
21.1866647648
61.1312545097
-87.1465186774
1.9451260111
5.0932312786
-22.3138934371
-5.9691329666
-34.4774304358
-0.1930989813
-43.1230566048
-13.5979598879
-64.0796440811
-49.7066238368
-11.3206512448
-12.9757841751
-1.7868049346
-4.6191933554
-32.7225175930
-6.5826915744
37.8585469069
44.8643954129
-45.4737725426
-29.7715475603
-2.0325064526
55.3651933172
17.7935211268
13.1555834851
-30.2998619119
-4.8559486437
59.5695023203
-0.7647778671
-10.3222324482
19.6057123503
-3.6092013082
7.0635489320
-48.9920983648
24.9347863217
53.9105965502
41.9253232227
25.2425932393
-54.6406257974
-24.0959307941
-16.2043439053
20.4727444915
-35.0039816977
61.4955586146
34.6585308892
-37.3417516593
-2.3730221222
-40.2656147567
-2.3070556866
40.6548261007
5.2877343474
16.4468386069
12.8533815487
13.8354779531
4.0233975219
-9.7019809623
-1.3174382854
33.7188054098
19.3185121743
11.0488514869
-52.6266904497
-62.0795386219
40.8678019561
-0.1533805410
-78.3547781369
19.9342611988
49.1856886593
-0.8757966583
12.0894117204
-15.1374532786
3.0642906273
-19.0155904321
-65.8410574643
6.4701361558
17.7185714044
-61.5910672842
-29.0786518567
-14.2795300541
-9.1485504867
-3.5456418359
10.7447367448
24.1637849799
-14.0644505119
30.9598093550
27.7937739493
-23.2411778013
-6.5769770047
-0.4497815323
9.1649642991
14.9879029344
62.0155665648
-25.3165318200
15.2222497786
-69.2754040132
-8.9814928342
-57.4378472398
3.6990945976
2.4765474291
30.1641923863
10.3536292662
-13.6559451751
38.5936149773
-9.0070727137
-34.4049939850
-1.8963690471
18.8989923064
-14.1723727758
51.8892573390
6.7638649605
-43.6508596386
72.6837157958
35.1821407016
14.3043052300
1.5043243494
57.7850210768
19.7113209024
-6.0389133321
18.5172073763
5.1862275379
-1.8439572063
-11.3104913806
-7.6561096510
-35.5288748389
-33.0452933447
45.1152382076
-5.8128675986
-3.2593157958
-3.6151157247
43.7833912497
-33.8153309336
26.6729726501
-8.9261897194
51.7541886756
53.5747999481
19.9754725490
6.6095528347
-60.9407132932
-15.6369133140
-21.9775155653
73.7689935054
22.0732144814
-33.5141448882
-28.9259886381
35.7878785820
19.1755528531
41.6573294115
5.1018732025
2.0726232820
31.9338222859
24.4149194115
-22.3935800438
-17.8379046977
-23.6005831557
4.9968157801
-4.6586027941
35.0764732155
-76.5134814816
-9.8079903097
-9.1794960698
-50.9226109436
-18.6401272534
-4.6060367030
3.5479426113
-18.0269181459
52.9797880423
-17.9224179796
39.8039705285
26.4188140806
-0.6931883201
6.2299795638
54.4888990498
11.5249353147
-32.0211526585
-35.9204014814
35.5308088588
-17.5512954736
40.4326828071
-34.2652292358
-24.0095113837
56.8306652309
-17.0420193894
-31.1933850715
-3.8944804071
35.8585540525
4.4438539599
-59.4958057093
31.0806722852
-27.9084359419
22.4857630316
-5.9251528667
-53.5510861681
-36.9446996948
-2.4396512152
-23.8037124854
-20.1775331770
-18.1419349662
12.3390829829
16.7096578201
37.6306734845
12.7657916811
17.1423770596
70.4428411869
26.9880003039
-3.1510227880
33.6369585630
16.7014724377
7.2322975740
44.9763926408
-55.7803246749
-10.3032127374
-16.9485304691
26.3958208922
40.8180208536
-83.7643249919
-20.9598481923
-41.4212486602
61.1699751412
27.9335288660
-5.9783032876
-25.2331537890
-35.2778424700
61.1207906628
55.7773498811
-17.8906939392
26.8333834914
-42.3679440752
3.9785654856
6.0041638045
6.6216703002
20.7033195646
36.6705831358
78.3858533554
-7.9373282236
-0.7012299829
35.9926275877
44.2618847632
-13.1247561744
4.3228807460
38.8444492302
9.0957354796
-20.5429231438
7.0047136271
-17.4828498865
-48.4552657911
18.4631497194
-25.4168256921
5.8201064813
-1.4289425068
46.4369369946
5.9725647052
-0.1525967973
30.6646748493
-36.7029844203
-2.1064071307
42.9333303570
-46.9017214664
11.6427683319
-19.7715361196
-6.4436704305
19.4540491580
-23.7070444699
-40.9490331744
-21.2403891591
1.7476427892
-33.3255166951
14.8248145212
-18.3052956452
-25.2095315744
-47.9987357711
-40.1919761449
0.7588816113
-36.2695598871
10.0412065385
6.4903403446
50.1469316949
72.2175390176
-47.6460545098
-87.5287470907
29.4120300416
55.5058106370
73.6942463980
-3.8188972401
23.1372837472
-5.3307080628
-4.4453049037
2.6242694419
-65.9531792007
26.4505109470
-28.4549193148
33.0888955917
-14.3593492191
27.5991800032
-38.5943766406
-7.3281413103
-34.0407597676
9.8255520133
-55.4964186640
19.9789170402
14.9997104985
-25.8439900280
3.8877572735
-1.6753079887
-18.4474756781
36.0873534268
49.5015579628
-21.8609716165
67.0089579056
-20.2913666009
-37.1927280083
-13.9900412199
-35.5914264734
8.4407826241
40.4940776285
81.0820361838
-1.5311639021
50.4412248849
12.4580558898
21.4854698479
10.8710555274
-52.6605635480
26.8985707627
-28.7356235122
-5.1502275898
0.6701036836
25.2541916571
-1.4577005279
3.1738149533
-11.8878654729
69.6393227696
-34.7208005543
14.1291846602
-20.7443840304
-34.2683374806
-6.7477762921
7.0050366693
-10.8144807814
-10.6002371885
-30.0473336585
-2.7196847621
5.3499903288
-22.4514841517
-36.4546922511
17.5414499014
-28.2421924420
75.4004777937
41.2415497125
2.0755352743
-16.9709522852
38.2647104548
-23.1628220579
22.7268444440
28.9705600960
-63.2987510994
-18.3812576384
6.0076166888
29.6162919872
-0.9428561081
3.6998435307
24.6627431081
6.2496413383
-39.4520704455
30.9083303192
-16.5323410872
-7.6503965217
54.9814242909
-7.1509965369
-21.2621391097
-46.8492668175
26.3544640067
0.4956614193
35.6989673078
-17.8033731011
9.8578419854
25.9857614604
-6.2147440367
18.3267987301
42.6386789130
29.9443356373
-75.3988668027
35.4962442676
1.3767793977
19.5861200376
-38.5838509477
-85.2529551684
-0.7586847542
-22.4184247015
17.8841009693
-11.1374477230
15.6336677578
40.0205024098
-78.6986525003
-28.2049504127
4.8772550216
-5.4421426137
-15.2473148363
48.0544703832
-9.6815627783
-1.3399098407
-35.4331847129
-42.3517416619
-27.3236726764
39.3533577222
-36.7215052488
-21.8036578699
1.0308826929
22.2619306138
18.2675029817
-12.9848352918
61.6975234522
-17.9178060049
5.7291108491
-6.8301555165
-45.9315430654
-29.7610020287
6.3994951462
-8.1183441798
12.5074791520
-7.2319520694
4.3504261009
-3.2946828328
27.2435460797
-36.4479866804
-17.1697115480
-4.0855759560
-1.7011155059
-1.1604233168
-64.8319453007
3.9658879390
22.4956441839
-10.5266503045
-12.5678145860
9.4366790349
46.0469905059
47.6918199935
-8.5959928509
-16.1495555670
-2.8132357607
7.6579074018
-51.6881674558
-16.5030610515
34.7645466035
-10.1103690063
4.1228234157
40.0700416823
-4.9968045825
2.1144698523
9.2759479473
3.4730973174
-19.0802692569
15.5416120615
60.4915277727
53.7134935116
5.2101710362
-5.3092267218
-6.4482636699
-10.4544252369
27.6284938901
-67.1742223117
-35.3540732942
-4.2161321536
31.3419211776
-42.2511309392
-18.5059872231
-11.6492126737
-14.8512201158
-13.6769533641
2.3255483398
28.7149931584
26.5841767277
13.0453733646
54.0867438703
28.5698757826
2.9125926336
50.1319032407
18.7698877760
-11.6259581032
-12.7834140518
-10.2449526202
-89.0190794712
19.6657075874
1.9052277457
-22.0150427967
14.0518783733
42.5787740925
-20.0005558333
-29.1837907003
-21.2370646671
24.7557254844
30.1987437898
1.3466736674
30.5780498152
-16.4001795461
-21.8063702837
16.3063254177
18.8077404472
-16.0168467412
3.7842352663
-31.2590120642
-26.8619895382
-14.1299173823
-8.5715548402
-47.0889728084
-7.0053377091
15.3445008784
-2.3837422678
-21.0995564906
24.0159852059
8.5357312282
-5.0298000977
4.8256135819
11.9583864671
34.9265099135
8.1169899672
38.7668878676
-2.0351496467
-7.1541814584
8.5838552932
-24.2782997847
-24.2701934729
-14.2010804147
-47.2920909990
-3.4337254245
-35.8432722125
-43.0798312286
30.8742992676
-42.1364639821
-29.5442068378
3.3543369231
-18.3259817102
38.8338963104
-21.3285864280
-18.9161295104
3.9069569987
23.2927288111
1.9516449902
-31.7624404433
16.7228083873
-9.8853166917
50.6271492787
0.0083836850
32.7184450108
-63.5340498297
3.2344017036
10.6255516275
0.4751186187
-33.6377738049
32.9824537518
-53.4175654045
-16.3758805141
-23.8726970246
36.0369846032
68.2372691999
2.6104659645
-17.3273894225
-48.6039678615
-14.2721718285
1.3063420642
-22.6778439213
-6.0418204429
-7.0466346339
-62.2065564509
-8.0063801450
-53.1781482512
-5.2567803088
-13.3933523746
2.5769482030
-8.3679556201
58.3065286645
4.3613953677
62.2997899012
47.7411378443
12.1788854399
-57.9452708532
-2.2745160060
2.1436581951
37.9137878430
-15.5746967546
-24.2268861559
24.3389673475
-20.2631155934
-6.2498747752
36.7583174809
-10.6374535070
0.5209895364
32.1644524890
14.8518678115
-12.3498969601
35.6738615724
27.3760232222
6.0696358494
-18.2103588613
-9.7542743418
-0.1528865390
36.6712808715
2.3903881336
33.5898567259
29.4561383235
-16.8178406391
27.6422707999
10.4633111461
23.8391179029
49.6490353104
-34.9282885713
-41.0268017642
12.4286320920
-24.1726319400
15.9260141043
16.4396412222
-16.3675554637
-54.3121730398
19.2184194728
-10.7928655349
15.6219530026
5.1794810548
15.9156197270
-2.0874573799
23.5723236916
-25.3704700859
-15.5779808436
-0.1516202884
40.2438193476
3.8547922465
-41.0582108245
40.6065273478
19.8394829325
-37.7443974602
-10.0977924788
-18.5617100010
20.7821060054
-22.1765356463
4.3869918053
2.6389213302
-50.2485252150
-46.8651139985
-32.3301192171
32.4786348602
-28.1781295007
46.5633897328
-50.4238904391
-78.4717848750
28.3635483329
-10.7579382753
62.1347457984
-10.0287674930
48.8582153517
-41.8300823143
-14.3025132728
14.6968494675
-16.2746043952
4.2271013839
-15.2802206622
-4.0918165981
-35.3175936886
-25.0936720244
-3.8363427133
17.7531535179
-17.9830626822
-23.3794482263
-32.4075041673
21.9384449679
-22.2329798632
37.4292112770
-22.5211024784
-2.1450612997
-56.9384550261
-22.4978435983
-47.2402220133
15.9697715248
-27.5127443677
-27.8501078930
19.0913779328
24.0111736516
42.7621705299
22.0819485222
-74.6703517997
-0.7117499799
-77.1321166855
-29.3053768137
24.0596902811
38.8092976002
11.8414829504
-3.5511892101
40.9431958380
28.0658060971
17.4526634516
-16.2436812877
23.5042649699
-2.7956670410
12.1469258297
-20.9547582705
1.2407317296
43.0584654874
-29.5944925998
49.7115765403
-38.1475345462
-24.7323633815
14.5837638370
6.1531013966
-43.9375331668
-38.8266143798
15.6398400315
45.5346970386
-32.6257797271
26.2683715626
-43.5273189620
10.6882630870
19.5783999467
-12.7403436990
-6.2603644902
60.8487435141
54.4183980328
24.0968524480
4.4774755797
-24.8728006755
-29.7668851777
18.4865725549
-32.1106764764
-0.5654626366
4.2792295144
-55.9031939615
-38.0229098754
-6.5726221777
-17.4092584111
-2.1076992958
38.5176125380
32.2449843406
-21.8326766655
11.0289165736
10.0110615770
-32.6431700926
-42.7398486259
-20.8841589950
5.9963633081
5.7327482645
6.7074211835
12.0488499028
-13.9823792237
41.6007646822
-22.9146049337
43.4344049971
9.3952882217
-14.9616284027
45.4488765786
8.6483934615
-12.2700372188
-17.3584208601
22.2374557839
-40.6635741788
-22.9165181831
26.4891886531
-2.4181202696
13.5228389361
27.7267252661
21.8076040846
21.0378566057
40.1246566153
-9.2274023867
44.9629837078
-9.6692072291
-39.9694259674
-26.1894126584
4.8992275573
35.5353868393
24.6663173327
-11.4833567046
-21.4184331898
-5.1100534794
32.5887500690
-9.2985571538
-12.1476382276
10.3864550549
-38.5828418874
13.9198762087
-18.1488029849
36.8177564454
27.3706175560
13.5125265725
-18.7357609477
-23.3566835912
4.1305950801
65.1836599992
-19.5036681119
-8.2192507813
17.5319810445
5.1625185652
45.9397509309
3.6194262243
2.9943166300
12.4897004576
7.8532833335
51.8052466080
9.3082554460
1.0468497328
-12.7375428560
11.6281076624
-7.4902177688
-14.5946638110
-1.1532566018
22.1125671221
52.2697648241
-30.4855212572
-11.4748301800
5.3524541593
59.9792762119
-22.8203513263
-6.2126266427
-38.0483303987
-10.6777821891
-2.6621672862
-25.1175736954
27.8012732599
-63.3639792600
14.7174779540
16.7852133204
10.0898764074
-27.0850707122
17.7881924831
-70.9972919908
-47.5771921500
-8.9152324674
-32.0920820227
-6.5482833012
14.8502883221
65.5581260434
34.2606922585
5.6013502393
-8.9313871342
0.0551703992
18.6396876576
-4.4604764078
34.7988489709
-9.5878988539
-1.1556384880
53.4589055677
30.3844226314
9.1094499266
-1.4323705455
26.5303411887
15.7923693458
4.1396627368
-29.2203257071
-5.3184157128
-47.8094842126
-26.2643865971
15.0735760008
-40.6375005829
-2.3752240410
37.0199285712
29.7920763135
8.1460328606
39.2120511181
10.6193424493
-3.5436140726
-25.3395552841
-29.0499888621
13.1907080791
-51.1988285957
46.4143087946
55.0549033846
4.6177334685
-12.2394522018
-21.2002090076
41.5560929419
16.0136345308
20.1166291481
53.0975577110
-14.4029555453
12.1770882619
13.7461232388
21.1924391450
-16.9387841667
4.6887080924
23.0585383493
32.9001420522
30.4465600918
-49.9201869203
13.9635245888
-19.6786740134
-0.6227749402
-13.5384745881
24.1967249188
-21.4027279520
7.6027898041
-47.0309863405
-1.7623199134
-32.7130176917
19.9177551742
-23.2505236615
6.7645569918
27.1121696588
25.6246714913
-42.7533588823
27.5666417337
-21.2229829263
11.3194242709
-17.0276061208
-85.7596361134
-18.0500632245
-27.6041245826
10.2432829220
-0.5472973094
-20.3592002170
-17.0698913670
36.8742420985
-8.2163875634
14.6378006769
-36.1256283688
14.6882611428
34.0144006782
5.3925571549
19.4995365343
24.0181065431
-40.1725267521
-25.3954670396
-22.2259131767
-27.2420759341
-49.6883835997
15.3218414291
8.7258592984
27.0928765174
-10.8770842148
3.5281723324
77.0280427174
-15.6731059865
4.4012120899
15.6759560098
-3.0421382712
29.0875811759
-29.6126886505
-25.8046165536
-7.4759574236
-14.4584291932
-12.6352070128
5.5931213751
26.3954308198
-7.5730673224
16.3297155579
-10.7130358307
8.8114587341
-3.8548372026
-5.5274863491
-8.1644365735
20.5730180121
12.0112516720
16.8197951556
-23.6084738758
-15.9747610764
23.8776192789
8.6620469688
-15.0763304063
-40.6207533009
37.3493080723
60.3271176522
40.2314805333
-31.5485989119
-19.2038351152
-17.9602658345
42.1758481609
15.5408785505
3.5148544874
4.8350526078
31.2681308265
-8.1842287856
-60.8903242142
-14.0498490121
-17.5300157102
22.2159889338
33.4011999455
-4.9206283999
14.0473695220
-23.0367643089
-54.4564888595
-4.2879722631
-3.3811131431
37.4032418844
-47.8725380086
36.0992549163
-14.6985100295
-1.7353536772
36.9373989529
-7.5561299613
-21.4860062846
-4.0756785353
5.6711297754
34.1508627806
46.9590116301
-9.5306854520
35.7715187805
29.3876799228
2.3208859160
21.7618789296
-0.8885604338
40.1071012722
-43.6513563397
-37.2992567636
5.0155589571
1.1037384188
-18.2745713367
-24.5070711317
-9.3311604274
-5.2577865645
-21.9905429190
40.3931907361
63.3445724348
8.8143741358
7.1161312317
-19.1847644637
-2.9257711160
12.7861824785
25.5809312256
25.8954257592
13.8034169156
-35.3961084570
28.8000017807
-40.0600007007
16.6926256159
-10.7577036379
19.5255868146
-13.4416393539
19.1477540653
-51.3896292246
-1.7304651260
-26.8223681866
12.0556164320
-63.4348655366
-24.3521921835
29.5730453958
23.0281265178
-6.4773306709
7.2082677590
2.4013882204
-35.9587733539
11.4815903343
-13.6739988426
19.9677743645
33.5480945450
56.8851191308
-10.9851630959
-32.9895642053
4.9325871481
-5.9376155504
14.6167969077
-9.6178591364
-35.8767036479
20.9818486190
-8.8325696098
11.2045715190
38.7605014978
-1.9638190293
-51.5910480799
29.1273649683
1.7629806666
33.5831881914
3.4852416846
26.0096476564
-42.9334910215
-22.1780711282
17.2995329351
-0.4850855094
37.7670828458
23.6241943698
5.7264380497
19.5961684637
-35.7045281197
-7.9899769170
4.8419048476
8.9497916514
30.9943971306
-35.7665096766
28.0733307832
-19.7366679334
-7.1942853624
44.7272041055
-15.1044682010
9.2704920273
12.8099726413
1.5654653440
35.2990321949
40.5170555265
22.0931876698
41.9732851743
-17.9492282426
5.4641224637
14.1340714313
3.6661158531
-0.8456119850
48.4271228559
-37.1139609235
65.4390138966
21.3409971920
-7.9661962199
-6.8563129874
-23.9638630259
45.7223991917
47.8429197094
22.1991839130
-4.0510631098
-5.0557428083
13.0813146882
15.1576243219
23.2793628080
41.7354712319
-38.1498611772
9.4062656750
6.4452749782
26.2654556793
37.3499172684
1.1926117689
-38.6999968537
30.4259836799
-42.4933622463
29.7418508194
1.0736022112
-11.5736320496
-25.8769826127
0.7561681572
-23.8840970489
-2.6510792396
1.2658388601
14.1684889300
28.3197620588
-33.6084754108
-14.7714248722
-57.1022605736
-45.9431088333
-52.0542450838
-4.0306732684
38.9220527743
-2.6089881989
2.8170443236
3.5435860445
-43.5499201952
4.6303942598
-23.1178909965
-38.1363110177
-31.3369601719
-18.3086586892
-0.3329922514
32.9297925742
51.8964457934
-34.0670705136
1.8980221505
3.2851640830
27.3170243825
-17.9145223659
20.0748888452
48.3271724050
6.8774173256
22.5528241816
-0.2159300610
-41.2038166853
-10.7151732389
20.0711701246
-40.1926876690
-12.7793520780
21.4422430774
1.6778511994
-16.1876195464
27.4781631566
11.3080094150
5.7240368556
8.5509181948
-8.7521729213
-0.3994206236
-41.9394324554
31.2277439266
27.3484938768
64.0060600477
22.4112461193
19.6665512701
-15.4552258396
52.0348882560
-16.7399848974
-14.7211195518
-24.6835702294
-5.0693488821
47.1086262484
-2.0789635551
-0.0959613909
5.8141930340
-0.9172489404
16.2927291749
-5.8484748700
-20.6687730149
-16.6142225914
11.3986233374
-15.0355664512
-35.6377379019
-11.8016371746
20.2944820594
22.9549160555
-3.4408569853
19.1458687857
-47.9882484917
-36.6548062140
33.8620218577
10.7920951709
-58.0042788869
-34.8370476425
-1.9463990960
-6.0562771340
-1.4636324471
-57.3773977090
-39.2226610415
6.0749491890
-25.7591334649
-8.4281222340
31.0422021207
22.2799120010
66.1705967711
21.4272044501
3.8059002054
-34.4930636601
-38.5657159551
-16.5688031447
7.1962168834
8.6813444583
-24.0787644362
-23.8778909085
-4.7450213830
15.6259018896
-6.1697237757
-15.9497164192
-42.0523443388
56.2626985046
-25.1309698354
-36.6576274013
-9.3525745370
-27.0631777029
-37.3518329296
26.5578921005
-23.1454325640
9.9574297948
-35.1983561247
2.3570744680
-20.3980295831
-44.0142015850
5.2798858093
-74.1548460527
-6.3854713615
24.4208171326
-28.0145965554
2.2230364422
35.3667460612
7.1384796844
-32.4562654240
-5.1740833348
20.5590405071
31.1570133952
7.7985509725
-39.5651653588
48.2704126285
-8.1547516040
-15.7069675643
-20.4160642516
52.1027749814
-24.5875157501
31.0202550425
-21.2458380810
41.5733664447
-1.6773556226
-22.5960472196
-32.4415860235
9.2265803365
0.2071305823
-15.9084663770
33.4985079006
-0.9313892995
-25.0485255961
-36.8677623116
-12.8523056151
-41.2228660473
65.5396174809
1.4950041594
45.1607037472
33.9089623441
-32.4171770372
2.8952164769
29.9673357748
44.7274609372
-1.4978062752
-6.2888763428
-30.9755753053
-0.5217029061
-9.5231709872
11.4626126885
-33.2245450781
11.5505074403
18.9171651847
22.5786597241
-34.5131301025
-29.5618838145
26.0060471763
-38.3259249504
6.2193265129
2.4371176083
11.9585667244
13.3956592182
42.8010001879
21.3647284028
18.1780491959
15.6516779076
6.7362926048
0.4494839198
-24.3967541545
-7.5624757447
-29.2359646411
-20.1940933897
12.3158695439
-7.1754925854
-9.4355427754
-65.5488177718
-27.8286802943
-20.1211036145
-36.2768212949
5.6918586457
-38.3307541038
-4.5316838125
-18.1088186551
16.4801877025
38.0554680970
-61.9214048032
21.1929846263
-8.2093778172
-34.4899112007
3.0259542630
30.2888676750
-16.9247737226
-32.9660279193
-21.0473836793
33.5117820059
43.8906456993
-5.7977773665
-2.0033069224
21.0918120365
-20.2574389774
-23.6262861101
56.1349662151
16.3216281434
43.6560261159
2.6313932052
34.1148687112
-19.3387217539
30.3508665396
35.8802350514
-18.8538389289
-34.9179649006
23.3362920317
47.2156630756
-11.2693591386
-22.1921358356
35.9630865684
-68.8017638653
36.1811193681
6.0764933446
-26.7719935882
20.5645533734
-29.9644372486
-11.5876442797
-33.1838976764
-3.6660037324
19.2320016757
-5.7727442990
-91.4328210933
-31.8218817323
-10.6656967799
65.5913420182
-18.9066655525
35.7073169996
9.4351498725
-9.1634591670
-29.6199192286
10.3983021060
-42.2486823414
-14.1570564915
35.3513455185
37.5437997749
-10.6919579929
13.5600283111
7.3624019592
35.0488127696
6.4730163752
43.3182255009
-37.0231258136
-8.0903096608
24.8147450869
44.6647835321
8.7839866708
59.2980861148
45.7961750441
29.0816707549
-6.1275957161
7.8529049293
28.2922517814
-36.0507470014
0.2126688668
-18.0219664884
-8.1391603240
20.9727787471
21.5418187804
-2.7416099155
-17.3773528610
-14.1869017328
-53.1792071370
-44.2493086840
16.1568612342
49.3974015129
-4.0784500546
-23.8603865822
26.5760597445
49.5847763106
4.4875334566
-59.5272127955
-9.7469786436
-37.8464714284
48.3751600210
-8.2735704738
6.9960887554
52.0190719375
-27.7483263353
-20.5863329716
-9.8960975124
55.9582142151
-50.2290944961
7.6496995236
13.4709440827
-32.3118777118
-7.5026199029
26.9450409568
-1.3399298870
21.4788303442
-44.6858246376
12.0161660037
59.3764305266
2.3950821734
3.3666838268
-61.8116118255
6.3186492613
55.2518482164
-29.5469584959
6.3885273989
7.1394315009
30.8889116307
16.6026603274
33.9459755284
-42.6419022675
35.5822839964
3.9182880593
-42.6313045884
-54.4680152979
12.9170188174
9.6891813202
27.1215734532
27.2985105805
16.3224525039
4.0388401134
-20.8650318777
29.5283683431
13.7064826611
6.9838112803
-6.9595556428
14.3265887985
-77.6090827063
-25.1298948627
-48.8382844640
55.5428916717
16.4109130446
-10.8379948169
31.0223497581
27.9810587185
-15.8680272164
24.3235517220
-42.4093422377
30.3067098565
63.1398399095
14.2989327677
-22.7971110526
50.2748512409
21.6446602538
-29.5156014927
21.9662882750
-10.5114476073
-5.7695120664
-10.9609224645
-17.8913260650
21.3891928369
48.2658291482
20.4857651360
50.8419245362
24.6194864008
46.9050224209
32.6252801996
-26.8602054591
15.1902075756
50.6573751550
15.2375012374
-15.5960469824
-67.7738932566
-10.8047401150
51.7243401125
-9.0006939418
40.1599788836
-7.6337565089
57.5223774702
-4.8656197057
36.0113267515
-8.9537408606
17.5645546145
2.8594555640
10.9122340513
17.2989709927
13.9966292123
27.5847841327
-24.3343906399
-13.1249144628
-7.0499935192
-35.7088256323
10.7470079352
8.5752439490
19.1049123278
-2.9860546533
-12.6777298409
13.3578443772
-5.3543931634
30.5300454829
-53.0893396017
23.5171170322
29.6108375663
26.3631126376
-27.7743780382
-21.0398380812
-42.9961980085
-19.0371292823
-24.7244329350
-25.6606375154
7.6236680913
25.4337739826
5.9924507184
42.7294544714
21.9134048509
-2.6792662684
-20.3416782971
-15.1772587979
-4.5615107316
-27.7564408362
-24.0819794239
30.1202724319
-19.7481777148
-0.9287957018
15.5080714827
31.0060435258
-45.3535941886
5.0453692466
-25.4004951834
1.7040229901
-9.4307733957
17.6090440808
44.7003596024
-7.4461157260
79.5066609006
15.4956551189
-6.3179042395
-16.4863792502
-16.9200120184
9.9264555992
-20.8640440407
-15.3345923685
16.9400802512
-31.7460862835
-17.3116429957
34.3583020748
-61.5459359043
24.8745167096
-8.1139318073
-3.4438981425
-39.8845385694
-19.7935683558
-15.7386445606
9.7730726479
-24.1083417107
8.5114608759
-30.0241754082
-32.1412120661
-22.8070509983
34.3442549291
-56.8078752978
-10.7658402203
-11.5027111259
-25.2587197889
-1.8410330965
-45.1705161798
-1.9046245955
12.5912835543
-28.6352724527
64.7280878465
41.5606792938
-41.8294656582
-10.2094297887
34.3289747002
35.5039215085
-3.0547326455
12.8381730921
14.3657825872
6.9778078671
25.9929700937
-20.2959161069
47.9186486344
-51.1159386220
24.8869387778
-24.8058292713
-10.7736005724
-66.1686835344
-6.6874327060
0.2918299685
4.0589495142
23.6981028899
-9.8714712569
-11.6897617714
-26.1768327915
-2.5772157555
-50.2106514572
-9.2169671846
-54.6181747939
-34.5376027133
-16.6532042888
-28.3233597502
-51.5176937875
-4.8964290573
-14.5566951162
50.9603490714
33.4230216669
-17.9175585848
-19.3249234335
-19.2290361593
30.5088120323
-1.2779072131
-15.4401842830
-31.9535670452
-60.1103276005
21.4634070256
23.1948062588
-30.8266916472
49.5086762362
-3.1275124260
38.7901283853
12.5383060246
19.1238038886
-14.6588615444
18.4241415306
-18.6721411065
15.7867209031
14.1584378487
-25.0685498347
82.5288689168
-15.1720683488
-29.6486304444
2.5473214394
57.0507884925
32.4677851396
-3.5407345800
25.1622429836
1.3089586447
34.8649302429
-4.9668536559
2.5898772243
-37.3596759043
-7.3195576919
18.1074672918
8.8788962753
22.8469171998
-19.5215961951
18.4219867245
-44.5271436256
-55.9281491851
34.1104970907
-9.3000933237
-49.0328995528
-17.5951707957
-2.3654665794
23.7577926596
26.9839040541
-10.3799860674
46.6383208764
-38.5336533674
22.8596579120
25.2807802708
34.3768114898
48.0220898241
-11.6025458938
17.6483195116
46.3610154868
24.4923256757
19.0723614238
-1.3607143895
7.7253059391
13.2155445216
4.2899276497
-29.2974852879
0.4811156111
-10.8585721173
-35.4648867818
19.9579262114
16.9689155364
-9.0027067079
14.0305402839
-2.3247332696
2.9570480039
0.2174984185
-18.2550798535
54.9466640071
-4.3247777003
9.7875064234
-13.3978887786
-34.6504562981
50.4536888844
42.9488960328
-18.0063177016
-40.1980493520
14.2993420927
0.4677219796
-18.2135878140
8.5584721960
1.1741369424
-34.5166600904
28.4095494470
-16.0792798588
-13.7207214647
7.3033084177
13.9347763287
41.2462808201
-6.8593547859
-18.4137349663
37.0168522008
-8.3837301523
15.4450507318
-21.2191744621
62.7143047421
-31.1625793294
26.6789732509
-41.5201426168
-0.2079080225
4.7904884287
6.4939869973
-14.6217740145
-37.7527944443
-15.3921889925
-6.6648140558
21.7243577539
6.2276049241
-27.7525335963
7.0786630930
60.9254282625
-31.5695557710
49.2294170031
-5.6483386342
5.6943371740
20.9958971503
34.3556234082
23.8106879230
1.2443854353
17.2588567156
84.8924364250
20.3625029430
-18.4579780121
-2.0947886553
67.7830780764
-22.1164263566
-27.3721047719
-50.4225003629
45.7956377348
15.2126489103
24.9396282249
15.8364526268
36.1419602789
45.9436624272
1.7713143499
30.0140957110
-7.4113792486
34.0475333850
2.8733112081
-22.8181971324
-30.9083763878
0.8374992868
22.5168316447
30.5033347406
10.8133649252
-15.9627441527
-25.4693372258
0.1335224661
-16.0180552767
-22.7028926116
1.5650164937
40.2169154373
11.8721878781
-8.6163089381
12.2371205780
19.6995819586
21.0026837830
-13.7511427926
-2.9695554643
10.7476208976
11.3754857259
-20.6598181536
-1.0324534093
-8.0585179220
117.1689631892
24.5459671862
-41.6009784017
9.8904161845
24.5292208657
-34.3911387160
-50.9182365234
-23.9918656114
-4.3949547837
-5.6973819402
-18.1597509876
-38.8481570564
11.3562671717
50.2189199904
-51.3931530269
25.8311750911
1.9612931099
-6.0476219279
-54.6114054315
-63.7936846194
-3.5996981679
1.6001820887
-5.6427873138
-25.4393824699
0.6493579490
-26.3643527749
8.1365933584
48.1047004971
15.5608037478
-26.7412139137
5.7346021993
24.2683620381
17.4280760564
41.0078854263
8.3976245774
-9.4673347497
-26.5877576695
-8.4671945771
13.6852172867
37.0723251481
4.7178136954
39.8347560315
14.4532189134
14.7343610902
-33.6449281995
19.6186772604
-46.3304138710
97.2989193546
15.7293836246
-14.7605876788
25.2636272735
20.6257749901
17.2764949319
-7.1465146139
47.7555454712
-14.0827537195
-24.9018048638
-31.8385217335
29.0317355592
4.1345967564
23.7482808832
21.9626371611
1.0354591275
-4.4828379731
14.8420102835
36.9039783277
-22.3226757908
-30.5894907433
51.5354126650
-11.4657920143
-47.3232141782
-12.1520148066
-15.4193621143
-24.3130134619
7.6462522547
0.1808774731
6.8196686384
-53.7852600977
46.1344156030
-2.6622502657
-0.7889784964
19.2645531497
12.3123761892
45.7266555960
14.5010013566
44.0889633085
-14.2159799952
-21.3809041551
10.8857078689
29.1111647642
-41.6919361159
38.4353053413
-22.1010507324
22.6087010378
-1.2509189978
24.0464764358
36.3204546473
8.3821960639
12.0760164348
-2.8673467187
-16.9786723964
13.1187951942
8.7846768783
14.5209836747
23.6066326058
3.7353570904
73.0284145337
-18.4930950572
-26.6231393833
57.9450985939
19.2020121097
-8.7340348590
0.1629877960
20.1907633062
58.0516903880
48.5006481185
-25.8891698256
45.7600414373
10.4567051937
-29.6656863126
-22.4678031376
-5.9250692597
-42.2887543080
-6.0659388696
-65.4006077990
19.6398156551
-21.4129248354
3.8983802723
38.4421627088
15.9426800176
-27.5602467659
35.4461357955
35.0113374490
-6.4767364487
7.5890235924
-11.1648334329
10.7493219721
3.8434201726
-23.2083149065
0.2728722975
28.6309777722
44.0506262498
-7.3513669076
4.5720299405
-13.3948452202
-54.1616518382
5.8966614298
16.0313081974
-25.0386987629
-21.6850159534
40.5607941306
-9.0149674963
-15.7224673552
-29.0515562687
19.9807445881
-22.8999975580
-15.3929120462
2.2357675447
0.0252928341
-17.3753918795
-19.7776976668
24.5182068119
44.6778300213
1.6695815098
44.7576252611
-27.9904592549
45.7714319078
-33.9238591430
-9.6128650186
14.1004668008
9.4946364048
39.2035958397
10.6974595487
-19.8469475159
-3.3416954227
21.4946512341
-8.0322412174
10.3844661129
19.4067433220
14.2613050220
33.4532854792
16.9453780045
-7.7821768930
33.8962416303
18.2034460123
25.3525433124
-21.1646929891
-31.1691112403
-23.8630408260
11.5501415766
-58.9397792730
9.5691376364
22.2588400950
-58.9168302824
5.0112036456
6.8374009028
-68.7674037194
-44.6125299371
-18.5318015179
19.0834330041
5.0753857425
-3.0863854031
31.6654156622
-7.5053700686
-2.2787559372
-10.1713676440
-17.3155700893
5.1368593422
-5.4691412222
-13.7874789107
-16.9871791090
1.5091375882
9.9036914911
-22.8476264991
-38.6568317007
23.6821451384
8.0059427454
-6.8441718977
54.8702139746
-17.2941673414
-22.6442865162
25.4687983306
-7.0532455683
-31.1544556861
-48.5221035988
-36.0566155856
-27.4583074245
-1.9936287572
49.6363925207
-11.7089872290
-21.8281380347
-68.2442618198
-14.9585692680
27.5514763423
12.1959601576
-72.3355363799
-21.0785312047
-2.7836821712
17.6056816119
5.4250023962
0.9747834835
-21.3972450293
-8.1927267344
-6.4546300085
-0.2620640482
12.5779856084
-8.1263982525
-23.8775767878
-18.4886964549
-3.5611793587
27.7708824384
11.8928656762
-10.3862929253
-19.3347944738
37.8652639477
19.4815648530
-1.1533697469
-42.6577189859
-25.7354290748
24.0743893342
19.7526052872
-42.2251479362
7.4475133678
11.3220947073
-40.3390581495
-1.1903703144
-25.7908615471
-14.9846680262
22.7927312912
-25.3620637632
70.7102350715
-14.0239928950
25.3706281837
-13.3753195170
61.9031779301
12.1451760600
-14.7345221361
9.0726699971
-58.9829480022
32.9086979324
-3.8120412703
-25.4733605936
10.4716883174
61.0506936680
22.1478986925
34.0567399240
49.0002265414
35.3548382760
-30.8806426423
-40.5972716338
11.7653284591
49.4531011279
-10.9102430555
38.3045845879
-9.5495140276
-35.9439500406
46.6797314528
-5.6326175632
8.5717181523
-36.9093990315
26.4430251368
-73.9709253850
25.4870130476
-26.3862864043
-2.4813029698
-54.0813392380
-18.3623958172
-26.9537520969
68.0655521170
77.9014516520
58.0524898713
0.7253324683
2.0789017143
-3.6193953354
12.2833148267
17.7215454696
35.4969988319
15.7607926748
30.4068285376
-36.8917757769
41.0753624923
-54.4760971764
5.6101514510
-21.1522289811
15.0061639741
-32.8680309048
-29.5151923781
41.2080974154
75.4114564073
-35.3134713649
-39.8789156354
5.6718952686
20.3812929993
-7.8245533676
-21.8692194681
14.3254794352
-67.7067495789
23.0504584517
51.6709904560
-8.6382651998
-10.8120736494
78.1129440604
48.6259065088
-21.7954234584
-5.8266347667
32.2081488274
-1.9782475333
-2.9492919942
-34.4138022853
-69.0670741247
-3.5488467223
18.5645883450
-19.1327078648
-21.0025228245
-13.2279116010
55.4145601117
4.5677184360
-21.0346169313
5.9744874549
-29.9454382146
-9.7170572606
58.3714016789
15.7385429566
-31.2846083528
20.2598918552
-2.0365481799
68.2137233406
-60.8762489032
30.9064359245
31.2636391815
53.8197603972
9.3840036351
15.5090856025
35.1274803360
25.9168755483
15.1832111213
-36.3654299393
2.7383694523
30.3805969159
46.2700926693
16.8338005545
36.3645357514
-50.7736081064
9.0132823589
-23.1239769073
-23.9136943574
-24.2089834755
-5.6482547137
-17.7716854775
-28.1875943244
71.6858089745
-59.5646231227
72.3155242688
18.5622386326
42.2797294920
7.3665906517
-1.7198809680
13.3545564161
18.8624803319
6.8351809273
52.5988463273
7.4699441000
0.1937661287
45.2579508804
-15.2069914625
-1.2044599081
-8.8099049444
14.2267879708
-47.7782924022
0.0702589954
29.9003505415
33.1610172199
40.1776513453
-46.3499007747
-56.9108310795
22.9504304091
-54.0001765553
23.9190049262
32.0843098102
-3.8517700264
-4.2524389765
13.9135473505
0.0039008788
18.9561432307
14.6186926376
40.4009698228
17.7682466323
-19.4462350238
-6.9610026663
19.4220698343
6.6818935915
-41.0670991231
-0.5129465599
11.1699464421
-37.6168964004
13.3914846753
-1.2367679424
49.6243188242
-45.0926653607
-16.6688691727
31.9585383637
13.0563198318
-10.6709325694
24.8435851679
-28.7219318214
17.2729137143
-10.2059153218
2.9312895635
21.8567634402
-39.8714550937
23.4377370332
21.9569947993
12.0739519799
5.7593578561
43.0851140330
38.4475584882
-3.9371354112
39.9497929173
34.8258279265
17.1612945872
11.2302451215
64.9337229515
-63.7432825597
8.1526107037
6.1840437151
1.9874344064
35.4049592146
-12.5104573206
-65.0327871335
-34.8376127484
10.7284394982
31.4155069216
15.8902829395
-48.6506491020
15.7794122530
-9.8117070510
-13.6168994156
-0.3975936247
-24.7180982744
34.7737771485
18.2000112454
-48.2324775577
-33.7170195956
10.1545206494
29.4123905654
0.7617700821
-80.1782790553
-11.0382733900
-9.5092248447
32.0093588111
73.8249527533
30.6091640786
-56.2104688533
63.6357977975
-36.8295611681
7.0956481735
-60.3191326084
1.7030670575
-40.4699134343
-6.0999521748
-6.7296766123
-30.8388284259
37.6680753829
-2.0224676077
-15.3156174256
-21.4481845047
15.9888950666
-4.0365235230
10.7554873203
3.4617741912
-4.9091976462
1.9234337016
-48.7810663195
-0.6760498829
34.3836139126
42.8072696706
-0.7686111708
-13.1582297520
-16.1291381356
45.9095498040
-28.4831847501
-15.2421495732
8.0878150287
19.5972306263
6.1124253152
30.0598699610
28.3916888000
-11.8742012489
-36.1629529501
-25.5735038520
70.9083805748
-55.1209904094
-18.5418253449
-13.1339429768
79.3893518475
5.1499442590
-17.5182521574
27.9543786152
12.8017724865
-15.7414357296
-2.3071917703
-11.0966088624
19.5637521063
40.5000561449
22.5659866415
-46.8093699131
-34.3764370100
-26.4080670138
47.3344973103
3.0206755778
10.5869404267
4.7609318575
48.6064528610
9.8975629927
7.0035665805
-20.5257730871
-6.9374578283
39.7104245324
8.7421475046
3.7630688411
23.9164165912
10.3006242246
-14.0447997569
4.3762903633
14.9217135548
37.1010789496
37.7809659475
-37.1253756482
5.6272369738
15.8650126837
-13.9873789371
-78.6293670858
29.2992661930
-42.5413906602
-11.4029866612
19.8881343715
9.8811347963
-46.4571140021
71.0066168034
23.3438733984
1.5378814325
88.0405752117
11.6936374342
3.0892281726
27.7540383596
2.3872688385
55.8460616575
-72.2565929057
23.3053644665
21.9713560863
0.5538142146
-1.0099757582
56.6620524809
3.7227937689
-28.1895564728
-57.8893853618
14.2306437118
-8.2106629850
-18.2495185647
-59.9238119053
-23.3257470999
-41.4168099480
38.4221851939
-54.7985997182
7.5283191260
38.0546243964
-21.5154885667
25.1341057665
-23.7367308062
-11.3171059293
3.7850432754
-37.6696657615
42.7797233852
51.8907555379
75.6551680121
59.2509757114
29.1436730618
0.3835019261
6.4439701419
25.3569479215
10.2093414850
19.0191255911
36.3907433953
-30.1182243355
-19.2860237836
-60.4374546953
27.8860401364
16.1115850292
32.5851718042
-3.8268768129
1.8254386405
-32.3421200577
-62.1322216603
29.3488284407
6.7027236981
-25.1687702817
17.0274719455
31.9204606460
-6.8995012574
-39.2966755578
50.8441592986
14.4816054248
5.2145212575
-7.2894042795
-10.8313523279
-7.4440975390
43.4631786655
0.9609498908
-2.8137806068
9.7723928377
-27.4057106176
47.8705891278
56.9800519262
8.4257915894
21.1621733669
22.2655745161
-43.6642562111
11.1295214200
27.6651168126
-0.3435353631
1.0237567233
-2.5781362270
2.9677722820
-13.0450898742
43.3355786883
10.1156883262
1.6117960198
15.4353069323
-29.3563370757
15.3611446303
-15.2217603956
86.2642297171
-6.7524683138
40.3272885717
3.9278886511
-12.0664558652
6.0481854008
-8.1705464643
44.8226316131
24.4396836210
-9.3241592578
35.7466865144
-52.2062085879
76.8675664591
44.6398225869
-43.4800349896
-18.5710220132
-1.8385761383
13.1909660275
-33.6775323206
10.9500355529
59.8008239310
15.9765526095
12.8669553813
-11.5498781378
-0.0666273173
-2.1297783112
-47.5491947385
-18.4810073624
-68.6279676856
0.5628523450
-13.0115318280
23.5141322629
15.4658736944
13.6325544555
-46.5260607980
-29.6517378078
-15.4539200756
-33.3853289701
-2.4186376415
3.5330223189
-15.4892778188
0.7458068013
10.5617021854
8.9814180927
-0.3272518355
14.4123561234
30.7988703458
-25.7067282138
9.4867764872
0.8778245397
11.1991896228
-9.8935454034
27.7720799326
13.1349135795
7.8828072287
-4.0827978901
43.5077183417
9.9755150672
-11.1880346912
19.4968260303
-21.8093384607
1.6899112323
-31.8852896503
14.6478984242
-19.1895077804
-0.0545372932
49.8647249386
-10.4931200992
-41.4556221366
14.9262867301
14.5372613318
-17.8511309822
-28.7989639580
-1.9716563503
-25.6016983407
-11.3548375437
-4.3994816887
31.6979739699
-33.4484121607
-29.1549197046
39.2908068884
-3.1799161803
12.9045924887
-48.8975467872
2.3273416645
-38.4976980372
26.3709739680
28.7787582400
-6.2967846006
-37.5707373152
22.7081128435
8.6438682329
-37.1877084861
-0.9936894226
31.8318240861
-8.8833949442
14.5975241189
-40.0814855633
-39.2659123066
-26.0244150924
18.2427265057
-15.3841510456
-24.5691147920
39.7508526093
-1.5126356144
3.0295063885
-25.1144718094
-6.7541970056
-48.2239242039
18.4643029796
-42.7317228266
-5.9787545672
-8.6400513906
-15.7249281100
47.1103411511
-1.1989006885
-18.1232086132
-57.6458713659
-64.9872387616
-26.1030942280
-25.8893379962
26.8856576026
-13.1976751706
-16.3713082285
-4.4496515545
25.9335314088
-17.8684327036
-60.7891362414
-18.8607323385
5.8728356400
-43.7688031196
40.8284914000
4.7619068797
58.5703248162
-34.2140995232
-31.1744468692
-20.4634569155
-31.2542928620
36.4345235786
15.6392657154
-1.4523873327
-56.9272605750
31.0693866461
-11.8793390575
-28.7535404711
-55.0445416172
-7.7963555566
8.1735702221
-46.7544629437
-8.6557293687
34.2039525151
-43.1394884971
-8.7133753752
3.0759571408
-4.3223020406
-58.8610528926
-33.6632303393
31.3742067873
51.3023149123
2.9818919299
10.6128233917
13.2175409027
52.9155106960
27.0929293002
-19.5147453895
-12.2556768260
-35.2264672609
-16.8556276703
-13.4723111220
-12.5367766681
-31.6519667887
7.8314945161
47.8537490401
35.8438056939
-2.3996795297
-14.9074034083
-12.6413783900
9.5864422305
42.5269726394
25.8969035319
83.8557956022
26.2400384393
14.2703298026
4.9250889756
-17.0780110409
36.4184148631
28.4359892050
15.7739176696
-18.0388613059
2.6656912742
-17.9318350098
39.8155011024
9.2601560189
-33.3992947136
-19.0643941928
64.3129227774
-3.9684952286
-12.0918527354
-0.1473665896
7.9991161228
11.5470166176
18.0699218299
37.1316306032
-22.5847508826
-33.5626053100
-19.0682152577
33.0680684741
-12.3063582995
7.1579131700
2.4816705175
16.0304848968
60.9913344680
68.7727237978
-19.4318903888
-29.5431779179
57.2349645113
-19.8295971930
-15.6418704040
8.5112306266
-21.4391676985
-2.7890956623
-27.8018918822
6.1645527689
35.9266057607
16.2644414647
-26.4811154451
-8.7801050671
57.9515484975
13.5167489471
35.0429890226
1.5843184925
-46.7851610705
52.8639314339
-24.1534886931
29.0731609903
-26.1148914393
4.8293940036
-11.7934523240
8.2510527535
48.3538027759
14.4834822566
15.6028998943
16.9502755049
-41.1709882596
24.3873624659
-11.8542835515
8.0482570089
-52.1341659055
-14.6144311543
42.0833355194
8.7179593509
-6.3555979016
-15.7003497474
-5.5737497816
-47.7580676653
49.1212601903
23.1329697796
36.7647101217
2.7837829728
-32.1886043330
-3.9839159840
61.6266633007
45.5603889518
4.2392062781
56.2290875153
66.3617454983
-48.1416577285
-30.5086483362
3.8585022913
1.2394647316
-33.9550930416
-5.9066026541
23.4830828607
30.1713156145
-26.1825964485
10.1636680460
36.9365466722
51.3532324349
-10.8159050352
1.8697535593
17.8753831217
25.7676694075
-3.3690083345
24.8531155447
27.9367769125
7.2050319430
5.4459157381
7.3614814833
-1.7944044802
-14.8929496993
5.5646581197
-66.9323444091
11.8286708335
30.8156069935
9.1912157494
43.7650124446
39.3488659210
20.0918041062
-35.0798292989
-27.8007830138
6.8580952949
15.2971607359
20.1695426342
-10.8365566942
-33.2860578028
33.3639615805
26.8457978621
8.3563469583
-32.1539302031
46.9019262254
4.3863717733
-52.6485468957
11.9783699841
-15.0861053803
24.0420223080
-2.9703284001
-32.3200578105
76.7640225482
72.1766097112
-53.3756970328
-29.6572779024
42.3186836692
-29.0129661168
66.3678713297
45.3622639215
-29.1019854426
-3.4518408043
33.5668644550
-18.6247321346
-19.9916104345
-59.5924771484
-8.0041143942
-4.3429362229
9.0354352676
-27.4170552534
18.8585994161
-46.8481655467
-22.0858248595
11.5513756953
-2.8327064285
-3.2300280431
62.8558632843
-33.5385302490
-21.3158541147
40.1970006674
-12.8556161399
19.4931552846
17.2737709578
42.0038512460
45.7924679180
-32.9121569560
7.5388851698
-18.3491024055
-24.4551477218
25.0157654494
-31.5097637838
-5.1172839166
7.6138222918
-24.2505360829
-26.6788403148
-54.8014479270
29.4888169195
53.4288687371
-9.4493256395
7.7539880055
45.1875913809
-3.2695917157
-30.3136937524
-37.4778265451
24.3970671671
-54.2474198526
-47.9020165025
10.1076645320
29.5457824058
29.4985310365
2.5234751799
67.5281333655
6.5474578911
-35.1222333685
-35.8149360558
47.1754487631
14.0725069345
23.0110282367
-15.3523068127
76.4772099965
0.6659711582
53.2715200710
20.8872952783
4.7779577974
9.1374152433
4.8993664256
17.0465820327
-16.5395244246
33.1728247262
43.3679198092
38.8871333899
31.8651441156
6.0268601987
-41.0948962512
-11.6725253453
-3.5024602715
-15.8551992299
-8.3691478144
-5.7614179770
-22.1319316932
13.6793281118
46.5250252235
85.9928801546
2.1406221252
-18.0870683134
29.9863484428
-8.9807769989
16.6049316748
-36.2240221107
-10.6105553878
33.0179553427
-23.9437832228
-15.1719675845
19.6855828091
-15.3020679499
-10.8942797334
0.3417968628
58.8521797238
74.2259765987
-14.9670004817
30.6446091011
16.5449311798
-40.6971688209
-50.9144282949
23.3794180156
73.9799416513
-41.1858213442
25.6528901189
3.1699406170
33.6898026602
-2.1726775453
-24.9028395233
-45.1882275252
-2.2333049958
-17.7403750928
-18.9185531401
-72.9962400511
23.0720116481
-21.6517448673
8.9443153423
-38.9085975171
56.0569190445
33.0329028653
-0.8603225170
-14.3381795872
-51.0830454517
27.9460108992
9.4345602585
-25.4683954406
99.8364576649
41.4758681346
-67.4236302863
23.3588181975
10.7605969619
-26.2449480412
11.9089945771
21.8237480237
-51.4867731299
-16.9802469001
35.9349456729
-32.0160916741
43.4625999082
31.5306613640
-29.7270350819
-37.4788063002
17.0010472252
40.2463315978
17.4027146825
-5.0413701262
2.2552119897
52.1828303850
-26.7887336899
1.7991350361
-19.8210956570
19.7561372608
18.7181312658
19.4908558117
6.1459037869
25.4103129541
-23.5472305470
-19.1745651675
-41.7989748782
10.2205043422
22.8457670550
-7.2360824486
-37.4559649359
-35.9857903883
9.8709538217
-42.6882288931
-7.2423899498
-7.6407162882
-16.6918484471
5.9934781877
-62.7420051319
-40.9169942660
32.6171460005
5.7004280513
-6.1695029906
-19.6972304357
3.6503697867
7.7447369765
60.3734430528
-21.2661920539
0.9356292221
-34.4612409706
35.2570525239
-60.6817751694
-17.9963830287
20.4553647471
10.8609055988
12.8343480321
38.4169533982
24.7471132839
-1.6876158330
-5.2197214169
38.2395395129
19.7420172819
14.9552662664
-27.1566972195
4.8074298494
-6.9937548467
-0.7678198790
51.9992526192
3.8821152334
36.2369676478
8.6978292413
9.2436342021
37.3829035241
0.8836979651
13.1586178164
19.3963016774
26.5032561883
5.9364422626
15.7295565991
-15.5136442140
45.7442838458
24.6313412957
22.8837963992
-3.3366277024
5.2393796857
0.4719879244
17.1068009540
27.1617355770
-0.9482452534
28.5642346332
64.2411102002
16.9251883566
10.3722554448
17.6921779839
-26.5411943698
-66.1696721978
-22.2720300318
14.5804367628
21.7466548318
41.5150360097
-36.7719444266
16.6381176670
-14.4257136978
-4.9881971421
9.7382884134
-16.5893632966
60.6418752749
-14.5294798206
-13.3944557744
13.6727294745
3.6834842894
-18.8968045609
-20.5826568680
51.7835931490
-4.4946375661
26.3296250643
-3.6353769014
30.0226686979
-47.2773976768
19.0638446140
-10.9459370512
35.3558462502
2.0991121930
17.9227720241
-22.6439752444
10.6086198971
0.6780120627
-28.3995102417
9.0209002258
57.4133002113
1.6020969522
-21.7577007936
33.2305579907
77.4830454815
-35.3783509024
24.7320530170
-51.7745821215
37.6427830372
-12.6394763202
27.6252555208
11.1242553451
44.3488956278
-52.7583441757
11.9173735278
-15.8026905984
3.1884943001
-14.0789110595
-11.2616424151
3.5323706219
49.5042196935
-59.8241594993
8.2267614398
-18.5541845514
-39.8598129512
47.9805090622
10.9512646141
-10.5847570238
19.4988081012
14.8589811802
31.2153015111
46.8999643384
3.8918068945
-20.2177622500
26.5765802359
-38.3074617828
-10.4053276009
-46.7582838914
-1.8873084275
19.0254559389
19.4242166189
-11.5444545074
-4.9860835375
25.2936562608
-56.1468921099
6.0295963443
-18.5491633759
-2.3312464859
-32.9967050971
30.1876819867
51.3279959732
-60.8015471646
-23.7023228054
-11.4712271910
-28.4708986065
48.5267528784
8.0156025491
-27.2302208102
1.9681699779
0.0274834796
-0.6614730962
9.7407199553
-29.5204374262
53.6416852000
-57.6885542466
-4.4180920464
-26.0344999965
-4.6151899136
-11.6617120640
-35.7740443919
39.8131497312
-20.9047171317
34.1683654555
-26.6235082346
-38.5535669322
1.2007024906
18.5306421748
13.4274199224
-20.2127941509
-45.5798744701
40.2986727484
-45.6357612284
-5.0269980282
-23.8017114482
23.4157415605
53.6720860376
-63.0784037588
-7.0767560270
-3.9651746933
-18.7081550874
1.5143852509
32.1623395574
17.3646748548
-1.9806351925
5.3119526785
-37.9586761914
-1.0729945207
-19.7018961369
-28.7948924363
-18.2541577121
-12.3686381347
2.8128260994
31.6719564965
34.1111494462
28.8235558042
3.1316609876
-35.8487991567
31.8837239802
-31.2899889556
-70.7910104858
25.9948533979
-27.4349626016
18.2354553617
-61.2618357564
-3.0869974944
-44.0067054639
33.4977672646
-9.0542526454
-43.3784069768
-21.2444294340
-32.9846305195
17.7514709368
-3.1148414837
35.7521001579
17.4695970527
4.3983836020
-5.4244712253
28.1323420439
15.1629613637
28.6608985202
24.1546157914
51.6630032694
-12.3552256869
-38.7589121737
13.7643878164
12.2078278045
36.4493710191
44.8176231134
-37.9306610847
-40.5903509740
-32.4632676972
9.6400749140
-3.0243920059
24.3517410506
13.8798535447
-45.8844041227
8.1666795936
28.2224879839
-6.0895238040
-31.5502496893
-7.0059745960
-17.2865615449
-63.4970991367
0.4773050510
37.2397855125
-0.1616702551
50.2223112822
-52.3062110936
-21.6742502301
-2.4034958182
25.1313976721
49.9185051260
22.2349643450
17.4562022022
11.2131674222
-50.0407288156
17.5315547731
10.4656137112
-15.3868655429
10.4256190659
-0.4118623210
39.8482348981
59.5773083564
-37.5518115703
13.0494184241
18.6441282622
-66.9697557215
-39.2570935621
-8.5984221814
9.8341620803
15.6225805722
-25.8462166808
-48.6954155706
-43.2805103528
-15.6874722418
41.6410227419
-20.1691628738
-28.5868270896
77.8310923107
-46.1361033543
-32.6885842965
1.0776110108
-2.5778081365
38.9918718271
-0.9867250596
40.0560537276
-6.9011053119
-9.9423693841
-17.0657021832
23.0353508378
-48.7281709759
-12.9395948418
-33.4258791285
-0.3165574497
-17.9464008869
-1.3543447032
-13.5288022180
-44.3839723432
-2.7910730557
-26.9334763847
-27.9350774128
-22.5092238557
3.3838201138
29.8799072343
-24.3053055461
13.6061408466
13.9233396200
-5.2659813618
3.5302484322
12.3869541591
-1.5187246987
-15.4439291217
10.0164770173
29.5273120090
-31.9770920021
15.3320596915
-50.1905175736
35.1313157134
7.6826800778
-7.2748739364
45.6878993466
25.3051255439
2.0837738875
-43.0145577157
-3.4992002989
10.9422530473
21.6140306878
-35.5448432829
6.9773873473
45.4868765850
5.8512396527
4.3930483773
19.8233278791
-7.1773505190
-18.2307756978
-52.8778044905
11.5431331112
34.9140968573
-10.4541123954
20.3201618179
11.4806488302
-0.8106209146
32.1383047995
-32.9991403385
-31.1029756533
-23.9925212302
38.5419319334
-7.6680393185
-11.2378855419
-20.0140478704
-27.6191370268
22.6948803443
13.2219315023
-34.3248578315
-10.0443028583
40.5593730575
6.6237514536
-52.8215268754
56.5652844250
37.2407184268
25.2177696662
-42.0658452201
37.1117358741
-6.2223386448
-23.9870584482
-68.5417701398
2.1284365108
-7.4337154401
-0.7982175974
-34.9165507712
-30.6960973247
35.8017143218
-10.4093151778
-1.4730706125
-39.3075445321
-43.1743924792
-38.0264766954
-8.3728759850
-45.4306851376
-0.3167670251
-3.5067852320
16.1017912666
56.3998413756
-15.2254479586
16.0873820096
46.3197568498
-29.4295464667
20.2723718840
39.2401247887
35.9684333602
18.1032165912
4.4604224328
-39.9135257478
6.5525923477
-27.6847693961
-38.7408363097
19.3252598683
-13.4345130457
-37.7928034652
11.0357306226
12.2418584356
36.8132329979
-69.0028389215
12.6754578952
30.7984365751
-14.8157072941
25.2861473211
13.1947078311
10.8518099673
63.2260783684
-17.5076508482
24.9331568743
42.3928166701
-71.4459471472
7.1690714201
2.0758587357
60.3372466560
48.7544022303
-33.9364263132
31.5485878398
39.5532850137
9.2245259278
-13.7877142939
-34.3763050340
10.4840250610
4.6728217724
45.8330548932
-53.7863673515
-11.2990518318
-25.9004105926
37.6430994688
-45.7927075004
23.1220546071
-30.0361648381
-14.0103441413
11.5107930243
-19.2343969047
7.6773517554
-50.4608730782
97.8556235617
-17.5828776793
-20.3865597320
27.4653465490
14.5176447351
15.6021783333
51.4231747383
-20.2333923537
-71.3364568225
-80.2496400115
1.4127002290
8.9901799173
4.3338122069
16.3052978235
21.4511270394
25.8761853662
21.7719645136
14.0074860158
24.0008621742
-30.8119228676
-27.2704436649
-11.9078097915
11.6421374046
-28.2798204919
25.1822116066
33.4076576426
-20.1370472854
-14.6362910694
15.4773337585
-22.2530990965
-4.8263146120
37.8515303479
56.9828044511
-39.6366857998
-17.3411215079
3.7164142858
10.6939326895
66.0187852462
44.3797401632
-58.4081086338
-18.2557502297
6.0527119085
30.1988024102
-5.2654479106
-36.5774027070
-48.0074075619
3.7122700117
-17.8454674103
15.0148346910
43.5641335701
-24.8989421482
-9.4262234473
-11.0342882955
37.0427932405
-34.1178494871
37.5276533361
13.6643921986
10.1518099950
-16.9515533178
-11.9556194875
-26.3883904854
23.7567626333
-28.5578003762
29.0263092258
-69.8454019778
12.8827636893
-8.8276803295
-21.2137373004
6.7237212288
30.7617372364
-9.8062407289
0.9976309869
30.5983709972
-2.2870972770
36.5375358117
21.0749068444
11.7277536245
21.8463719350
14.3502651347
-4.2203621089
-10.6189709976
-18.8483253679
28.9811175573
0.0244894735
-14.1259205250
40.4352121003
9.6946731992
101.3859477185
-18.6862147352
-23.4812269544
-3.8704306659
-32.1181886945
-48.5747718038
-17.4468273829
11.7036992305
25.5889791487
18.3764115718
35.0972687767
-5.3895005779
-11.3322281883
-54.9070086287
-14.9740928080
-7.3322491657
-7.6668540363
14.0338954393
9.1772446814
-29.6033427493
22.3704661879
36.1194993803
31.6559495344
-14.8037070666
37.5512895101
-1.3607757295
-6.9774979114
-10.7967431537
-15.4334240375
-43.5403689602
12.7492582827
40.9329364538
2.4545078734
66.1638949892
22.1146994250
35.9429810629
-39.7178535653
10.9553437396
-34.2502350764
-27.7705649168
25.3414453631
-3.3056777919
9.2645966932
18.8071522645
16.3760970728
11.5175597523
64.4496481734
6.5900326128
-20.3517321907
18.9383105172
11.5047836281
-4.3387644744
6.3261903264
-14.3850158559
19.4962910310
-10.4000798492
-4.9525151039
15.3482032191
-5.2950351601
20.3109102817
-45.2683274286
8.2909021340
-29.8094567715
7.7620749076
31.6493849735
13.1383704631
1.7996463753
-18.8006351357
11.1565857305
-20.1440487396
42.0618023966
-6.2803004536
39.9757236228
-41.4490805603
27.0981344401
-33.9853955592
-17.9899974080
-35.0283381688
13.0595376144
-21.6240645248
15.5694131122
-40.3316461862
4.0712629852
20.1417299824
4.3883921582
-16.0008462262
-0.4508609240
35.6741626102
-12.2967349988
25.0446451494
-3.0870096104
68.5320301761
21.4615593863
24.2264243551
1.5565487120
-23.7592257093
-38.4261434097
-1.9985555931
8.9104110600
-14.0892782807
19.1573853585
-24.7510391621
-52.0900654096
33.7510920548
-22.2473378929
-35.6750231465
18.8077739823
4.5180098183
30.4009105146
13.6156472558
-19.3820661833
15.9713702479
-23.8673002796
29.6138020112
57.7035334717
-49.6505545100
-8.6745951038
33.1171140846
-4.7830416948
12.0642950294
-49.2644904504
63.7780355079
-30.5783440460
13.1780620613
12.5666911463
29.0466818171
21.2302618004
-40.3799497462
-14.0780945900
38.9616965242
-0.4720063194
-5.5830991564
10.2156880641
30.3200234834
6.6749402707
32.5476226242
-54.0850548729
47.3539761852
-18.2989923905
76.6309940199
-38.4927863123
-41.9800172205
25.0536004818
5.0993910425
10.3117432146
39.2356104169
21.7504648796
47.3768651463
19.1962070541
-39.2947008895
-9.4106077440
3.9056468945
-14.1825224565
-40.4632134928
32.5685175980
15.5082424325
31.9351892794
17.9280952365
19.8364154088
0.4106517979
70.9461621332
-45.8751102952
-29.9908121009
18.7299817035
-26.7341228654
9.8786810294
59.1215220897
-22.3401373219
0.2418414172
37.7144405383
-33.3867434416
-30.0490499664
-5.7023782194
39.5014998251
-7.8565762578
38.9525124459
-34.2664682334
-48.1127610413
5.1312054987
-28.1991715662
-14.4914825086
6.2871730751
30.4260608203
-82.3997269264
2.3127788398
17.4395795922
-2.0383570884
14.8010461971
-19.0152603061
27.0958299727
-38.2501840500
41.4495706961
-7.1687023350
-32.5306303605
-4.6835231461
35.8600893811
9.4078788582
12.4207304453
-26.4862063573
11.6147022880
2.8876441652
-6.2783117050
1.5126164652
3.9602503472
-20.9081934166
19.1402648861
-54.2357664473
14.3024104500
24.6766122532
-60.4319222010
78.1609724207
17.1984401872
10.3685383995
10.1380768965
-59.6102307517
-32.7827657344
15.1131841219
0.2000377604
27.8062462630
-12.7386053066
-39.7947017312
41.9277266777
11.7493899223
-7.2308960680
-5.9696771701
-20.5688664585
5.9395830936
40.2424536441
-22.6271939344
80.2102262607
-35.3685403369
-30.2655795256
8.5422442449
14.7058097683
-24.4444298322
57.2802049218
-36.4743500325
-62.4730838527
22.5134954459
2.9853081689
62.6192851764
50.4503159072
-38.3981835481
30.0804058876
-13.1112827298
-0.7955470425
26.7456919326
-21.7409593814
-9.5839879576
11.6247751799
-53.5055104822
15.4663566463
-28.5347465978
-4.3094943114
26.4420819492
26.6611235375
30.8809442080
4.0613248712
12.7957708843
-16.9006303644
13.0248316730
0.0246768907
-4.2592033583
-9.9432882574
-30.1245406451
-24.0246689524
-42.9571250010
29.8021415328
-29.1147371312
18.2822068466
11.8706865154
11.2314686330
-8.2921052478
18.4886571752
5.8475547932
21.9607127787
-49.1259684847
21.5821639696
-45.1229696137
-22.0672570150
71.1204928898
-100.1244904951
-41.7003677966
17.5568088792
-42.4340916141
8.2863601249
49.3886278529
-17.4154779438
3.7803771963
6.2606383446
-43.9232252003
17.5708675859
6.2856783636
-12.7577140797
-29.9444075265
22.2942162090
-6.4420262029
-7.2556637139
-16.9122603038
-7.1632692777
1.3245405096
36.8106198277
36.5304865721
-68.8471114422
-25.2788098367
10.1031663738
11.7365916217
-4.4154742047
3.8842968110
-21.6333485792
-55.8344796883
21.1015599006
9.3674132075
-31.7669007602
-20.0137412143
16.0318473198
47.4281266687
-17.1532243408
-0.1172445264
20.7700086931
69.5558895961
6.7672817759
-9.7518980030
3.2230629117
46.7374661298
2.1646374223
-3.7319461269
9.3573641472
28.0507815800
-54.5991592019
74.1331159366
3.0614634289
13.0420965199
-4.6792228580
-1.3142814574
31.9034122757
-31.4835748122
12.5532765211
-35.3924126859
-13.1821858769
-14.1676451125
60.5356538117
4.8318344595
39.0354246102
23.8260951601
-15.4324507024
2.1625141775
5.3683797445
9.5530886889
27.6709008359
45.8716244336
-54.9512773795
-1.0037661845
3.1623841324
31.8628769633
-15.1025786833
17.9865585344
10.4719155228
-22.8381394685
27.2909543666
27.4935356989
-49.8234494825
9.3142436528
49.5411484659
43.7866987205
-9.5502545601
9.1467743507
-11.9784411626
1.7262854385
1.4316796600
8.9962509549
-32.0042386894
-1.9642796337
-32.2312101337
-49.7866330496
0.1318658686
5.7572738587
-19.9186853567
31.5252558648
-18.4242755163
-24.1767205786
-4.3452272431
38.3353535892
-1.3857777076
-9.9018591138
-17.7442584525
-42.2671111993
-18.4083027378
-33.5397673496
46.9740827289
13.1901021292
23.9748825951
4.9052519774
-0.4156530196
-20.1388777503
73.2083241267
-9.6593945704
-1.0706726633
-23.1971615078
4.0185019442
13.9323316163
-34.8523085360
-39.3818497984
19.7079361666
14.7940436190
-18.0136962754
27.3786906893
-29.9182807816
18.4881425782
19.4003138382
3.2287128018
-3.8976190502
-38.7100213938
11.0884444967
23.0354640046
15.0708411701
14.0791437624
-19.4132525958
10.3062023801
94.1440847294
22.3243566406
-26.1097878897
41.7643312842
-37.4755661450
-14.6368201718
6.5518515977
10.5703461568
14.7994797954
62.0952360304
20.7471207174
6.4730962366
2.1192119232
-25.7985414247
-24.1572217220
37.0353972982
13.7176807868
-22.4359156286
-33.1943622003
12.1234701205
-3.1904186917
-38.1613273671
17.0877717776
5.6713883798
-22.9301180163
-20.9678981287
57.1762415245
-3.4385371439
-36.5049733255
-31.9375113602
-0.0685357271
-23.4697747530
22.1176935760
16.0379668068
17.0012214393
-7.4977416150
-12.2979144070
2.6961795398
13.0274356360
14.2143474376
13.7477826564
-20.8253914158
8.2219944201
-1.2352017061
54.1009063192
40.7030893878
-10.2622933641
9.4674023636
12.1186464582
16.8205913277
45.8200486264
15.9744820679
5.1539598529
27.2059793787
-1.4637999396
12.2266708542
-30.5592081839
