19.0736514223
-11.4904234858
-89.8713611380
14.3171631090
25.6148671002
62.9117253357
-13.6428198439
21.0039081989
-14.5420258801
-22.3944401160
-7.6426713847
-32.1574318496
-4.4420643654
5.4208473558
-18.9817839562
5.1910027513
16.8225382196
-1.5849834002
-33.2451555674
41.1811748426
25.8329782633
-35.6674798845
39.7079976936
-52.8659554510
0.2188778305
-6.5164929723
-14.7093833905
75.1688897147
-24.2820023297
34.2935867858
19.0123639098
31.5317541847
-46.3435527349
-15.9959115644
19.3320874348
4.5483821538
-7.1150750930
-19.0023134453
7.8615764744
45.4459111431
21.1295746802
-1.6686241334
12.1137065718
13.9001408387
23.4099654778
11.6854924026
-37.1727489731
2.9185050082
44.9818143572
-21.6480553407
12.6518555311
20.4210294145
-41.5696631441
-55.0174406760
-6.7817751086
-1.7089384739
-20.2518646411
-1.8157982010
-46.0820106411
-26.5208082986
22.8741951471
-6.9022520703
-21.1714988841
27.7611606881
9.8591154473
2.7788501017
-50.3571045847
-18.4390836943
-40.2707837122
-52.7578051004
-12.0049541857
-43.5622038743
27.9005331194
-15.8545329968
-14.5913027591
19.4750158715
5.3028802909
-12.1367122116
-20.9189946475
-43.1055912132
39.6510340921
12.3777358618
34.2005082916
-24.7071883952
8.0617160344
9.6599828062
-10.0238140072
-24.5873130958
21.0430289541
-35.6214178091
-7.1076236268
-5.4223469666
-1.8620415930
82.7019937408
-8.5683875610
9.0309881899
-37.9660651797
-0.9605252649
-35.1484644573
60.3013837773
13.8729460445
39.2221788923
-0.1406223636
7.2843496175
-6.9745789973
10.3036114811
-33.1505669065
17.0504649858
37.5467818126
54.3462411251
-2.9904478941
10.3237638203
2.3290146619
-49.3478591544
-14.0654453655
24.0802895509
10.7720258750
-32.3077434465
-69.2667162502
7.0493905669
-67.9471109507
-22.9538649445
50.1728810418
-18.6101957490
56.0042604318
-7.9009138155
19.2029332869
-1.4067368619
-30.1889234079
52.9863972552
20.1211766147
15.6759011862
45.0962571611
39.0050251138
38.4118171506
3.7195950914
5.3016893999
14.0671865977
1.7726886609
-15.3321450304
-17.6913271962
-48.0391279058
37.7800566925
-14.9576019674
2.8970124926
54.9200896804
-12.7439435333
-66.6129476056
-21.6367758047
-21.9768564796
6.1877038178
-43.6473293663
8.1946140922
37.5882387338
18.8084656982
35.9961329698
-41.2751156236
27.9908102680
-32.8218229352
-28.5375718422
-11.3656255044
27.5906416508
39.8587387029
69.9490226743
34.5293514241
65.3043167608
-13.0661221340
-72.2318854720
-1.3185381370
28.9455489662
21.8303964226
-5.9286647584
-2.9781393717
23.9077745541
-25.4082172007
41.9547863301
-24.0199029137
34.5354467850
-55.2062230800
-16.7836649026
-15.8397139866
8.9283565051
12.8251734308
-60.9351949646
4.3920796276
4.2026690503
-28.6829286220
-8.6612863689
20.5902276439
14.8334149299
31.7157184725
34.2565641513
-25.2047586850
-23.6336915495
29.6509077179
-21.2863838883
42.2352246482
1.0935984821
-33.0123856622
-14.7038037084
28.8167353142
-8.4713291467
33.0118233528
31.6376171591
-9.5269388618
10.4577504134
41.1681292468
30.6605061642
48.2049792807
-45.0972440760
-46.6193114303
12.9365487038
33.2017218328
-4.5134645218
9.0058301640
-18.5352234953
21.9096482308
-38.8538502033
6.5398702799
0.5192211119
-4.4869254674
26.3402995304
-4.3195697075
-13.5466647629
-46.2517976793
5.9847420926
-58.8038430170
23.5391821635
-31.3023432450
-15.8745210507
15.2228125766
-35.4670163075
-38.8492944495
-0.3772300205
-50.6000760159
15.8415859037
-30.0225732843
23.1211661748
58.1567287523
32.3915145695
20.9635390785
9.9820698942
-11.8133892142
1.2123503670
40.3047084518
14.6456365739
-11.2186709207
-7.2543565571
40.4362963471
-30.2251716207
19.5638039064
6.4542269169
69.6989475785
-74.8932769175
19.3877605322
3.3888637204
27.0807942587
-3.7306467411
-60.3867608603
60.2997152991
-21.1738212844
23.6269528927
-18.5923565168
0.1411141703
-25.0901639839
-45.3531097549
4.7591175301
-80.5851311732
15.3963041850
-1.9799010518
-15.6194495435
44.7283884208
37.5936591035
-39.3940341483
11.2168300870
-19.3767042335
-8.5755950273
41.6018822425
-19.2300212999
-7.4081108398
-24.4818436248
35.0324102154
-42.7097844940
30.9743306023
45.4502865071
-25.3174931666
58.3997456698
-5.4485432042
49.9792252484
-12.3066482511
32.7526310021
6.6386347365
-48.8595368806
-64.6987141701
-7.5978517485
-44.6470516222
-1.9195206652
2.2690217419
49.7827322364
63.7999875825
-4.5158289118
24.7928706108
-34.3622429066
36.3040307639
14.7070431318
-27.1154288713
-27.5776723338
32.7309105807
35.6107995467
-19.0152358916
56.0477365566
-29.5281432833
18.6287609571
23.7975230863
-3.1835387813
-20.1969452055
14.9546665767
-61.6615096784
-8.3525826473
29.9592490123
-6.0026770237
-75.0650551142
59.0549752511
6.8508139004
9.0821163248
-21.5858969710
-15.8417516245
3.0896879879
32.8423934655
0.7915111088
20.8506663202
-41.3930229199
6.3850209678
30.9607300055
57.9925504690
-48.4254313927
-6.0495900084
16.0904130133
-25.9289784997
-13.1999588695
-44.9242672191
36.9436428475
-30.5840113456
22.4349367315
29.3759234393
13.0053953460
-5.1887620827
12.3381158165
-23.6335913162
8.7187678057
-49.3382850778
68.7004201204
1.4573704441
9.8604078744
19.3894719423
-1.9473056410
-27.3731143731
39.4794876275
-10.6163746498
-43.7792155611
-72.2515928343
12.0350922465
2.0547265269
-26.7594573823
24.5410671928
27.4302982275
-37.0379477885
-1.0530738855
-65.7857815321
14.8896898116
-67.6189035007
47.9028710451
36.1074434630
15.0616977052
21.1000358658
8.8229312201
68.8314380864
-33.2595053661
-6.5695533694
-9.3475180183
79.9859227497
-25.5171143192
37.6276591664
-11.8939876414
29.2417497447
30.5223705252
-10.9621700184
-60.6429433633
20.2926775741
0.2731063711
27.4693155714
25.2699561533
43.7157627467
8.0739220010
65.8809614925
80.6637185852
37.9411263544
10.5837068612
61.2747075922
-14.9252739127
-8.0210809825
63.0292945455
40.4593475335
35.6579016632
16.0276674306
11.3174720318
47.0256670210
45.6575471265
-11.4974913542
7.8466159658
-21.3701461421
39.3106918812
-6.5883775616
-13.0120755919
-4.9245731069
-22.0058500878
17.3614063223
-7.2977715035
10.0020681810
2.0033532266
-31.0775760767
65.1427852566
4.0302339337
-22.2933822814
5.5499544643
34.0738612320
-13.3880604804
-19.3062950579
22.7795430464
13.7227825092
-62.6854226972
-24.6178569743
10.4706687773
19.9872290062
16.3160433630
25.2926080748
43.1929178039
-7.9801354918
-78.6413343396
-41.4232428547
-22.9638309265
-29.1920276089
-28.9561938086
-22.4680702845
33.4538270329
-21.0907771363
7.7255343327
-17.7967963403
-17.8047509428
42.0535008658
53.1523253203
16.4472663446
-44.1864291248
-41.8693493092
36.8840282439
-5.3671479727
-20.4437020379
-67.6011280849
-28.5784283906
-21.7405262477
-14.4098892075
26.8664468107
-60.3770609661
-16.4585415042
-20.9588399864
9.9033841897
14.6788786292
19.2584058152
-58.7942335298
6.6979957124
13.8852455099
0.9997410517
20.2324753600
-35.4920373117
8.3606661454
-2.4035365935
56.1624712743
-21.7676999790
-21.4346689987
29.5870213233
-10.7318562404
-16.6385644475
3.7907386527
8.6407950712
-7.8789451058
-20.1730686780
38.3437550804
29.2521288993
26.9219812385
-18.1730848985
46.4438475057
24.0704158710
-100.8966934520
18.9694715417
45.4900907470
69.9036115699
-6.7157805640
-68.9725018217
-10.6902299079
-0.1992715922
25.9775901495
-26.5470205042
-10.8468332365
22.5762463428
-7.0223154601
4.1967057451
-20.8760703069
82.4180643156
-26.4516426272
26.2468581848
26.9826283119
-8.9429828034
-65.9367958143
-6.3535310528
31.4507885294
2.5930123028
-24.7488104149
42.9990267292
-17.5649017760
-2.8827317817
-4.9996312663
6.7257952723
-4.8944115932
-1.6249206787
-7.1459950927
12.1228492056
4.4951875647
-52.8208075352
-27.0033054586
-1.7549380855
62.6871081275
29.5055064313
12.2256653185
-66.2658282804
-19.4614285596
-3.6590527238
-9.7983769774
-69.2454063240
-3.5689222724
-27.0099594715
11.4695677479
-3.8545048374
-2.3119826155
-54.8234945307
-24.8137175383
-59.0064451689
40.1959780659
-11.3404885162
-23.2762303369
-24.1912254233
52.8794070149
18.4509218853
-28.0655648081
68.3328903055
-26.2968631825
-18.3313594087
-25.6995147404
-20.3935011400
58.6631999376
24.0612751257
8.6266771076
-7.4251104852
-30.6137480420
0.5242669303
0.6203514799
-24.6541090084
-43.5610661786
36.3409672173
-54.4687684235
-13.0930759489
-4.9889366898
-31.6312982610
-30.2460240162
2.0079193628
2.1089494176
37.4385130130
-10.5712790797
44.9184964653
-1.5625705563
9.1929731355
-34.2391842373
39.1050614588
-1.2507294259
25.6590269921
2.6629577593
58.3188678785
-3.0766989365
8.2876697383
10.4986442770
-4.4272823859
-22.2202882475
29.2178728251
-14.6053318829
-6.0422687832
-50.5688525051
-6.9668131455
57.3285776020
-0.9401261823
-36.8497933215
3.4344253404
86.3697350588
-42.0070890513
26.8865355760
-6.9274790498
49.4157758726
-20.2088245801
-15.5565722947
-13.5311388615
15.6752743368
-11.6692649692
-25.7386655201
53.5002993220
-17.6294650266
-7.0114977630
13.6576560118
-34.6867765702
-5.4552126617
17.9975419209
1.2858499010
39.7012206960
-48.0961002584
-33.5397632993
-5.4242985045
-36.2126607246
-17.4980914647
-35.6581257781
16.9207759035
25.7373593600
-62.0987615683
38.6969469479
-35.3795419414
9.8197590696
-13.6100045278
-8.6186927943
-36.0459726363
33.2917363689
25.5622022400
-59.0825218161
31.6528841481
-14.2293727422
9.8446167928
12.5611520520
-13.1408897803
-27.2249432974
44.8295594816
-47.8368558918
5.2660106739
68.1500837190
-10.5523515323
3.8615764227
-31.1393681792
-18.3059302974
4.4350072901
-17.0560262407
6.7152736617
-40.5522509100
4.5645004853
20.6364996508
31.4383034799
-15.4590515161
20.8032963950
26.0218243515
37.1829966548
-46.7016466590
-18.6147672215
-16.9612135428
31.4688224114
-7.2635876329
16.4846120447
-30.2858942514
66.5279430530
45.0208522237
19.1061693341
32.3005927423
-60.6303003939
41.0004461131
5.2260347263
0.7853037794
20.1041824057
-13.9344602947
33.9917822689
53.9759942001
-30.3940163752
7.0899083092
6.2837632774
38.3183098290
-19.5174844136
72.6793447554
-12.7740130884
28.7288130562
-23.3962896335
-42.1067893204
-1.0912483751
-15.6413176558
-44.4949216329
20.7064120111
-13.5164017049
5.6176403246
34.6310684307
27.4242827735
7.3034660080
-42.5555581668
-1.0876605742
58.1288175046
-53.2840624180
-16.8484530010
-5.6436239910
-33.5295397714
33.6331210407
30.1189140277
22.0604214318
22.2830855884
-35.5567056475
30.0893246019
43.3094160399
-21.2374225360
27.2592604158
3.1122564529
-27.2690151698
17.6128585524
-29.3992862836
1.3654311145
-17.7039142263
-3.2214098594
-13.8925873786
-47.4157364421
10.6720143718
6.0112272660
-16.8102575536
17.5449339412
-18.9500107394
-28.9163610129
10.0620007013
-28.2962987455
2.5760327583
-4.5184465332
-55.9189441076
26.2619007326
30.1394915485
2.7195368095
-8.5219190119
25.2380128182
-30.5513593065
-9.7943700496
14.1008637253
22.1262899498
45.8942387711
-12.4199417801
-22.8170788626
-40.5282838683
8.8162771793
6.3053748406
15.3455470763
12.3612953144
-3.8701722765
0.1647153835
51.4081843857
-36.8935681950
-36.5329757351
54.2295807026
-12.5294897445
-1.1804886133
-39.4993171814
28.9767616721
19.5553161677
-25.6808702980
-8.1211738140
-0.9097439498
22.5228413008
-10.4616463292
40.6152532203
-28.8115921664
-41.1932784162
3.5331603980
-19.6205864575
-0.3617858291
-12.8491132055
30.1444921926
-6.4747554989
-0.4314421188
-21.2406525197
32.7467906478
26.1541980720
-53.7212457681
-28.7627331359
40.9606192715
-24.2328080732
-73.0256966692
-56.0233526623
-20.2123671869
-49.5162867465
-13.4215794261
26.3894941690
52.7431380501
9.4490686128
63.6522562642
-9.2889703386
21.2828407676
38.9731388424
6.7120239761
51.6524699217
-16.4936440831
-4.6519829146
15.3343111309
-14.3652978737
65.9671126589
10.8916489000
-2.4171336255
-20.3668332389
43.0391873974
-11.7502649822
48.1229596486
-11.2086397899
1.3394226163
21.3952518997
26.8969095982
44.5356665807
70.7967427841
-8.5199668622
-32.2613120485
-16.9370642565
-12.8061893986
-1.6645090558
-1.0166709776
13.7073841618
-41.1529946865
-7.3410871302
6.7113576150
-32.4467127944
-18.5070285458
-29.0521985621
-5.0215052170
35.6954295284
22.4014516730
20.7072973810
59.3709779122
-8.3994026690
-0.3299242735
-20.3861317446
-25.9604871902
-18.4131139701
25.9769429957
47.6292335235
-28.2125361422
33.9227865060
-2.4848536006
32.7724024445
0.0075690820
-20.9016919809
2.5205471928
7.0451109590
-5.1784244654
-2.0229252138
-29.3408301398
-30.5277273078
11.5449556123
8.8014456889
-16.4172885714
12.7476200874
-26.4784032559
5.1876607336
27.8381335375
8.1871493224
23.8751387525
2.4201138509
6.0315562826
36.1408991851
-46.8208676157
37.9614349084
8.7740638112
-50.6638663534
4.8099452252
98.7730180714
21.4750882874
-39.7259702997
15.5553078587
-24.6205097416
-75.8807305400
-17.2680400935
-3.4061497087
10.5466846385
-23.9644652727
-20.1936674516
-4.4448496957
2.4448410827
-25.3669117910
9.1622888807
-7.9549194226
-13.6467025812
8.7457085413
19.1087336633
3.4486365430
14.5837978523
-14.8142417420
30.3531271311
6.9166242549
12.1520215292
4.5471996264
25.2225448363
24.2794709807
0.1471303753
28.7690145515
-9.9569065372
22.8548250943
27.7405507973
-39.7935425201
-25.5637014059
-23.0801074738
-10.4842730197
-29.7514741817
-20.5730961478
57.3173089720
-41.6334961399
-14.4454744838
-21.3202427771
66.1228734230
-31.5838920751
-1.8726652575
38.4531056948
-35.7618938759
-27.9650939164
-7.3178617889
-2.0341362198
-24.1093873804
-2.4174392436
45.7983026968
-68.7983888021
-26.2963965525
7.2921515847
-66.9483606392
50.4088805993
-46.4626004989
9.2443501287
6.8682970098
-30.4746649095
80.3480572949
-13.0791069012
-29.5575379671
21.0141139868
9.2429053352
-69.5295971597
-5.3282962378
21.1646203404
-30.2768626293
32.6140771761
-48.0119483523
-18.2518939220
49.4846954289
6.4028521247
40.4894787117
25.7666075344
-33.8518016715
13.0973042582
-53.0616654753
-11.9289954640
17.4032295740
-16.4584472427
-43.4433070885
-5.6637243176
-17.4665424591
-43.8572091492
-17.5968540839
14.3359512922
-23.1358506559
14.7356346281
69.7662123005
-32.5224910182
17.7440183619
-42.6972140404
2.9649017045
-53.2346808722
-47.5357832096
-20.8456908235
14.0368169561
26.6225240075
-16.8694048000
31.3181351216
21.4837204316
-3.0663575585
13.5354994616
17.6356227381
-16.8979364940
-49.5194882135
-1.4643956224
-44.1388329289
3.6614309192
-3.1802566952
38.7980443723
32.5008880458
25.4411124134
-54.1267014080
-4.7386985450
-15.8461482031
-41.2115303227
-27.3868645833
24.2352634582
-47.9958888432
25.3635167106
-11.8516365220
75.2168435889
2.3738074496
-24.1244032828
-29.9538760281
-9.1787657966
-35.0900814203
-70.2966315833
-25.4289241322
-49.2629594723
-26.1293128142
34.7977343388
25.1921837844
14.1556461303
-43.5801271741
-59.7403680532
1.7812192966
-8.5207940280
7.5340464021
22.9312381499
-17.0211779966
18.4303871457
-69.6260236754
3.6856550121
-22.8713146091
-0.0959377258
-56.9793799459
5.5430724729
-7.1038038120
9.3609850282
-16.2457617747
7.8509644152
-10.2473691459
-24.9176744775
-13.6698640046
43.5322099913
-6.4222075061
-32.3010066074
-23.0701203973
28.6582060928
25.9154962595
22.3671410067
8.2785111163
52.4762242253
-29.8398555056
-23.1351884838
52.1750366013
-8.4506630255
4.4994874855
-48.6896078839
-1.8934345325
17.3575067236
7.9633120301
-25.7059418255
14.4462243425
-9.1129174578
14.3310219383
-45.2399757204
-36.8141219885
41.1715826400
13.8462958705
-22.2041911898
-34.5026829560
-0.8074309565
-14.0862503003
-33.1398977870
76.1456015970
9.2707777510
-31.3568687048
14.8680138003
7.9124128071
18.7948187448
-35.6685700430
-8.5789947545
-0.7495064997
15.7467004274
41.6280535212
30.8522471217
49.4068145038
-21.9302258655
-34.1023430592
-7.5700719448
-28.9878218825
-12.6698087226
60.8039210057
10.6271586818
-17.0736542877
9.4136209897
10.1267979345
-16.0314601680
44.8462961741
-18.9889891829
14.4561749910
-16.4810116615
-38.6704700577
-63.2767253387
-5.7518112297
-25.8448736729
-27.0344652166
-8.8621769826
-17.9655671188
36.3972087267
4.1119319760
-44.9650940989
2.7047672433
35.4878692190
-8.2853376924
-7.1667659847
-9.4179320249
14.9149210777
5.4828883954
9.0420515851
21.2323636165
6.2354712762
-2.9724846284
-34.8186914045
9.9191182029
-19.0853231858
4.8896632033
-5.6846893081
-24.0790068899
51.3541810769
-43.2843249418
0.0615296490
35.0992291106
-38.2368873445
9.4960328191
14.5487996320
-23.5778297044
29.9222131246
-9.5265242780
-1.4397185520
35.0133458079
-17.6244275385
-5.9117504473
12.9846752743
-54.7513398056
-40.8635551342
1.1473807182
1.3799812918
-4.0366425541
-7.3689518593
-38.1324535351
-51.1925686678
-18.4451993287
44.7132552350
66.1303854377
10.4178017978
17.4935052356
-19.9781966232
2.1189882658
-11.0444373577
-27.3279206274
40.7951626907
15.9539105299
-19.1565616881
-6.3616135869
8.3990859017
15.7733141074
2.8767622867
17.3274460111
-42.0810651026
2.6703026451
-28.1607304921
-6.2173064207
-48.4605042403
-9.2834041028
8.3246871625
-17.0475459317
115.3753359849
18.8086380888
-60.5679207554
-25.2213885859
55.2010380430
-22.3502137342
39.7468742511
-57.7223693456
-29.8118955215
-6.7027498009
-38.4323129662
-15.6622128302
36.0704950313
10.8596438261
28.3581930834
-43.0789410811
-30.7055264476
28.1777022153
17.0612242765
-31.1848346972
10.4275574206
-12.8069671382
-36.0597219622
-59.8703908845
24.3139236422
-19.3462654341
28.1091426181
-47.8489553587
-9.6721337090
-81.3760856913
-48.4940269605
-9.8062481037
17.0942860389
30.3011672149
27.6276645246
-29.1727889841
-18.1850399360
-14.0157669896
-46.6699777414
4.3495323910
-10.4566904010
36.4547014943
-36.8390947059
23.4679308656
62.4565626085
0.2116856168
-32.8030623912
6.3557480015
-23.1784241116
-17.8287533951
-7.4982644243
-52.0762542157
-7.8000346186
6.6951771977
40.6774853873
7.5653216808
31.4888181320
-13.6816520824
-14.2919841804
-37.4583042864
21.1915692150
31.0382529712
33.6724809623
22.6515456396
13.9334017648
-16.2837228612
-6.3318360894
-11.4161429462
0.3076450449
12.0807044141
18.3711896937
5.5488003094
-44.3638917253
-1.1902545186
33.1107714318
-29.5059900906
7.8509612892
2.0952585671
-47.0899488160
-26.2681987171
8.7004750536
35.0082179646
-4.8365481162
42.1048316393
20.2499002523
-19.3399491067
9.3659447791
-51.9134660136
16.2036496732
50.5810683573
59.4269996701
3.3108708664
-11.8662940984
2.7359181894
-26.8163445245
-8.7895453309
21.9472078224
9.8834320247
57.9453757163
-61.3786751585
63.2893277996
75.0232717739
-27.0136641163
-33.2937674866
19.6923050368
-10.2911792740
-10.8815863865
21.9727568415
29.6830402059
-87.9766122588
-22.3481200249
-29.4288805635
13.4451447052
-42.3488278877
-17.5089266510
-36.3932519463
-39.1766565497
29.4098327484
11.2260565249
-13.0934783391
41.6196659656
-4.1337357861
-121.3656333070
-50.0314974385
-0.8947693944
-23.0254325061
19.0218605144
-35.5423153439
-52.5225873135
-1.9572933949
-20.6213876343
-34.3199038631
40.3771425587
10.3720723131
-6.6566047932
-2.7216192417
8.6601699236
57.2274040889
-18.2781775402
-15.7082942378
-5.4407068541
-34.7960173487
38.2416043567
-39.7490494042
-64.9624090938
-2.6129727578
-17.9142335238
-44.7615783452
-1.9128002256
26.3957982739
35.9702373533
-10.8760114363
-36.4504663618
-12.5561451401
-5.5755811965
-43.8698795823
32.5397987314
4.1776655912
-30.4052581922
-41.7900596802
3.4516478636
34.4348724656
47.3745737877
16.1085096878
15.3389625935
-19.0552690335
-0.5520032779
-59.6468265232
51.6868176828
-16.9198205827
-10.5190280658
-13.5169316835
-46.4718920903
9.7211412542
18.8331418468
-0.6652904819
58.9055563368
-47.9784966125
43.1235003947
32.8350585315
-21.9711572727
-41.3243522572
21.9684119980
20.9092116220
-47.3990717898
36.1389061135
1.7666812205
-21.5457097731
-6.1689729028
-0.3787215236
9.0976819554
51.5301671018
70.0312991833
-35.4528312033
-10.0454057473
-42.0557261164
-12.3423741577
35.3374012733
-21.4698117625
-15.4709768399
16.5950313568
59.3396025198
80.6743333181
17.8904991136
22.5581017800
35.7207022807
-16.2418688401
26.1679085300
0.8295562236
-73.6297219667
-13.2094815686
39.3358268290
1.5826938835
-9.4919579514
-18.9293942040
44.1248684091
-26.3383596709
-25.7709209072
38.0850126230
-15.6728638372
-1.2766955026
-34.2753154670
-17.7183097583
-45.9717894233
-31.1232859537
-1.8312547855
20.1452364634
17.3382570306
5.5566168558
4.9583861603
-38.7996362511
-32.9917422884
-13.7066307368
-68.6404606656
-32.9286733003
-60.6873441041
-18.3380789114
28.1548489104
1.4141200714
14.6800644630
-59.9268275215
12.2366683563
14.6595584574
27.8547979917
21.8402952133
-27.1343447734
2.8583298633
-11.6053209948
10.5812843117
49.6133702274
-45.1950583275
6.9980664273
17.1680174717
-17.8468783057
-18.0114958213
-9.8865975010
-3.8046748179
-0.1810454332
28.1118648159
30.1023214096
4.9127579885
39.1279411503
-9.7107653759
-11.3167737427
-85.5639294581
27.9309956297
63.0156076125
20.9658303069
-60.2097582386
38.6082761342
-34.0120020673
34.6836802336
3.7658954015
-30.1079622715
6.6769901785
-16.1372277691
-22.2811763581
-10.5208955015
24.6970741962
24.7652296886
-24.0290107281
-24.3721095843
11.6324595375
26.0267405490
-20.8826476353
-72.1698423871
7.8594156125
-13.9922146686
31.5654934242
9.5752100966
8.2902201208
3.6283019952
-48.0196380427
-7.9516644191
-1.4367551163
-44.5295416463
-22.8323554965
8.7758871942
56.6153037370
50.4333525860
23.3818472237
-1.1935253594
23.5095918663
-29.2118444052
13.3505027740
-10.2448319239
21.5803800131
-32.4896976690
28.4660964125
32.0727213794
0.0910290884
-8.1608612134
-20.3746323874
23.3575923888
-4.4780248119
12.6223077551
-27.8930438552
8.8756030269
16.0251339810
-78.4017109235
30.5777999077
-40.7990077917
-9.1878591736
-16.0737967084
-50.7648900761
29.2379447772
64.5565535593
35.1060732720
6.9000630898
-21.2376594141
-4.1430427874
66.4062852556
26.3748936163
-25.6458993954
-33.1075115325
18.5592855710
-15.0058653421
-12.4119667927
-5.0107975937
65.8628733310
-15.8162374887
8.4122722239
34.7708689434
8.4642356879
-44.2895842309
42.7816395996
5.2476059915
-14.5672348742
-26.6976837372
-49.2821886292
-36.4888771216
38.2464573503
-18.9831357727
-21.8404994339
31.7676552164
-7.0118906415
-24.8003829999
-17.7007714461
-4.4411265748
75.7986991558
-8.0786048387
40.7874562306
24.7933275714
4.2979612788
-8.5653591443
7.9781063936
-8.5096715597
10.7597375696
-66.8459856952
65.6529941146
-8.1148063105
4.4257689302
27.9300784225
1.9618307239
-34.8787453305
7.5593088330
-21.2949797793
-55.5480196867
-98.0828545364
36.2252465783
-6.7786632928
-15.0172696164
34.7521481506
-0.7954649872
3.7648197183
-1.7149421906
-14.5116959931
-23.1436052708
-1.4805347028
-29.3421514890
0.8760260551
-16.2192472538
3.7785632945
44.8290470960
-2.8462215068
42.2647601622
-4.7932169619
-28.5663312547
14.9432664032
8.9583688100
-25.8444741601
-0.8403217171
-23.8769870945
12.4190352350
-9.2898766978
-22.0109376934
35.3601906491
-21.0360363945
47.1577905199
-20.6661154273
-20.1415166858
23.3731100339
-13.7027204263
47.6059248817
-45.8786705877
65.5682471259
-3.2424427728
38.3798605159
-5.8398830881
11.1540905412
17.7642668321
-33.4700044103
-24.0474320057
13.7034595107
-15.4208152097
-42.3584761355
10.3494568763
-25.2225073287
18.5428547198
55.0982242204
6.7596539789
4.3005346713
-51.9015851688
25.2218333579
-17.5121848143
-16.3695872972
28.0518837464
56.6681705651
-22.7534398244
33.8571875613
-1.6859597181
-8.7421456083
37.1412618300
5.6266211226
12.8637588485
-10.1473245295
35.6289373065
19.1468584454
-50.0839195623
-31.7047938021
-15.5185757596
-18.2976256146
69.5337790498
1.6113547796
23.2140446946
15.1894586152
-14.7705659895
3.9111705109
-4.3693028354
40.1624742955
39.7388979278
35.8869130983
-18.5248972582
-21.7282144935
36.0365095041
-25.6972623595
35.2850452381
-70.4948288608
42.4874666810
-2.7631229233
-1.2733692567
33.7915420193
-13.3958292920
-4.5848959738
21.3172343184
-13.2061229701
5.3132835742
33.6210321692
-24.3362787886
-7.7696235196
-28.7764501955
31.2293443952
17.9529184465
-0.8469324721
76.5371554048
-14.4170014380
54.7681124203
18.5778089121
17.1057968151
-11.1201062045
-20.6195956490
10.1937444471
47.0255939714
-3.5492208855
47.1009776915
-29.7960589895
27.5670844570
3.0521377498
-28.0703910823
-7.3379135155
39.3313790548
56.1076499830
-0.9407140491
21.4853654246
-39.6221640356
13.1473518578
5.8112378592
25.1081176123
15.6947378987
32.6709482065
-6.0234299511
15.5792637347
5.3598797575
-5.0562005821
-8.0399522117
-6.6240755051
4.1983608585
-49.3330945615
-26.0202098344
21.2451724229
-31.9960777530
-22.8789715602
-10.8873489315
-27.1868726097
22.0023179400
0.4073643645
-2.1197159679
-36.9808538888
7.1728135223
-42.3454103681
-55.2470704166
-12.1668809258
79.4130365509
-4.3015035322
-28.5814674563
63.7836759267
-11.0952203146
56.9681958942
8.5043875856
41.6735307644
34.9032888912
63.0538303633
33.2684904409
-14.5626274187
2.0519939780
-24.4694373647
13.5382217119
-16.1904938721
47.3079452589
28.5351268342
-9.0509478325
1.3750548045
53.1170462156
-32.7641168029
70.9393748076
28.7388663829
39.6927256492
41.1225794924
-4.7129843544
15.5875929240
-34.3946264827
19.9803514762
58.4322287675
15.5744979485
-44.3884170045
-19.2463893147
40.6690582228
-7.6106319945
-28.2175896926
10.6995677642
62.5485220825
5.6793940131
12.2988274509
11.5340057044
-23.6301334465
-6.8374305272
-4.9654631456
11.5610300197
11.1126520233
-34.3577178367
33.0318902023
-24.5516985611
34.7706490220
-25.2581325165
-0.7733253624
0.9125914627
-17.4733872453
12.7685442465
40.0809358838
49.7976610862
26.9321501763
45.5764853687
0.5369598945
-4.8024139573
-5.5133303740
-0.5734958777
-39.9101526769
-1.8553281485
-17.6337723078
19.4413356311
35.8937802057
-11.2049584873
3.8657893531
-1.1523071744
36.2005550630
15.3525198422
7.6154228535
24.0558476850
68.4040512696
40.7839777719
38.3158398782
26.5486131165
52.3195620922
38.5349766283
0.0591676674
13.3811785585
-17.9354239921
-1.3748202850
35.8235758539
0.1907277229
-15.1219758136
-11.7763462177
-7.7431322416
52.2950146007
22.1195736203
-16.8826842258
-8.0937593376
-2.5693880597
-20.3576611625
-12.3730702548
6.1703316069
-3.1673977133
31.4887299694
-40.4843899824
16.4467355481
-3.1614519660
-2.6263729703
-29.7876848267
30.9468801823
-60.2191821466
15.5959278582
15.2567906036
-19.1888982937
13.0668177749
40.3494307483
6.3215649284
5.6016537868
20.2247009526
36.0247915396
-25.0201045853
-1.7942724520
25.8234482677
-17.4164266548
12.3714317534
27.5840981028
-1.0399071570
-17.3051425484
-5.7577733745
-7.8221937800
-14.0450804999
27.6697824051
-4.0471935179
-29.2740837389
-28.2968259165
26.9040936057
37.1945445447
29.4019230791
-22.3526465935
28.0534396040
-29.0764919254
4.9936056900
-34.2428152128
-39.8952283464
-40.5863998710
20.3598603044
79.1213739630
-6.1892537082
24.4142408286
12.6717405750
13.3788156712
-34.8793789486
-28.0407949160
23.6717947604
27.8451247229
2.6085359705
-0.2301056845
64.5841808156
-32.2805678733
-40.1584506179
21.8235422313
-10.9835526330
47.5229748173
-19.8794243383
-45.3399013504
-0.3274617017
30.9214561038
-39.2288526065
-29.7123864994
11.4649508337
-9.9850585124
-48.5832726045
-14.0993416944
3.3788406405
-15.7153941521
30.3186288073
8.6146979715
-16.2553101488
17.9285237803
-13.3433393192
59.7437974546
-3.3539649575
-11.7495884561
-40.4455914064
-17.1884003094
3.0226649486
42.6732682555
16.4527235451
-42.3841102664
26.3269007856
-59.0618281221
48.7224888965
0.0575131536
-29.7160390387
29.2019278272
29.3725900739
-14.2875085284
74.8448366602
-30.6822398498
7.3287098214
-14.6665375492
37.2862244350
-11.4202650375
15.4582430639
-49.5717464084
-61.8825156929
30.1936837137
-56.5752152841
-8.2806938405
3.2496475223
7.3672536103
37.4288076556
3.4302347890
1.3137878877
-67.6208693839
-46.6540553917
12.2123175152
14.4550782791
22.8538170597
-14.6506958399
-27.6030328849
-16.8001740093
29.2641775738
16.4631223794
-7.0149094142
-47.5423846066
23.9887477033
29.8663452841
10.9584969066
-27.1304331998
-2.7749628238
-14.0362393953
33.9655515998
10.0394323746
-17.0298425802
56.6610715038
2.6213712747
-37.0774239584
4.8826730909
19.0343083775
-5.2569202218
4.2277482497
25.7894423438
-37.3962552645
-29.7246326926
-5.7514239158
24.4282855819
14.4909156069
1.3874397253
25.8525799707
-13.7243778619
-8.1243382658
-13.9096799845
0.8996289888
-22.2719336183
0.5686377224
-24.8193019517
-5.1152496740
98.1770734326
-17.1475843476
-46.5673092123
67.7528714044
-30.2028831231
-1.0818212110
33.3856086691
-17.0576588547
27.1302460406
42.3741951214
6.1454676257
4.7897645011
-8.1539217132
2.5389836550
-42.5288392022
-14.0124346363
35.3700700781
-13.1896822962
-63.3878279977
34.8696662506
-3.1867284101
-13.2318737238
24.2934798126
-5.2731536440
-18.4903910474
-28.3173536500
-17.5087820437
-28.7282975734
44.8758115945
34.8289363498
49.9205288314
-30.1308193554
-37.8148186260
29.8920682070
-24.4714917991
13.5384538870
4.7960655400
40.6194547360
-6.5365491715
62.1065529700
-29.5904033826
26.9245972409
-10.7022178838
2.4702189456
-17.3179569773
29.4311754548
-16.4306070095
0.4738727009
13.5462582077
-33.1964693063
62.5474049787
15.6813824434
-46.2213561038
28.9133788686
-22.1447261292
-27.7549420131
-9.7074604250
30.8094739510
15.5939334951
-43.0682936976
40.2202411728
25.5140660834
32.5692955169
-28.9259505488
-23.3158368086
-43.1663707194
22.6047955839
-41.2605422029
-37.9271574783
1.9074285693
-32.4697796197
23.8917811890
-60.6612648277
43.1482776292
-63.2551717625
-12.9749950875
-5.4779914151
-23.1014968402
-4.6902719646
-44.7276165764
-53.1633480423
-54.7335441776
22.8408424773
34.3355871577
-18.6134373051
-27.1500147921
-4.8716035814
30.6283942220
9.7736113599
5.3367286575
-19.5601775826
15.4073269561
-48.3624441117
18.0651568444
-30.6828390449
54.8673163696
17.5011848325
-14.5993198469
-1.6287532052
16.5444301208
16.0980841149
-10.3737672126
-14.4509762383
5.8829349641
58.9497551524
-24.8172387878
39.2554419255
2.6578210179
-16.2805506672
34.4540542507
-3.2704667679
-35.6914846303
50.4948611906
52.9935500430
-31.3598421253
55.2262224627
-0.1882877472
-1.2725196178
37.5140056880
-28.4225977995
33.4600889815
-3.2365625444
1.8857852455
17.6648859673
-0.7157748106
-21.6332271445
37.3369455120
41.9562722206
-5.7675555094
-26.3974188190
-18.2990002070
18.1919534095
-27.4795842811
-12.9225825966
24.7146263510
35.7176194602
58.6938308956
34.8117731858
-26.2820729280
39.1642139041
9.9151168274
31.3917145168
-2.0291610833
-21.0341527741
58.0110398634
-0.3376302577
13.5935966227
-1.4857028215
4.2025175330
-21.0668038561
4.6618323969
24.6726186474
-39.2141313715
-17.6468344393
-24.9004107709
-29.3971377663
2.2504080633
29.2239001713
9.6107668454
11.5037794557
-7.5159382912
-66.6552163938
-7.7985733717
1.8779864328
50.5602413874
-11.6627663219
25.5196387408
-25.7062679281
4.1993800292
7.8706418142
11.3117634500
-30.1226913156
-4.0225819235
-32.7760940273
-2.3187058820
-44.8113104521
18.1463854470
17.9932697695
34.2628759721
-2.7210320272
31.4591209103
-12.1369306097
-82.7635042769
42.3596403312
-16.8143562424
6.9074667982
8.4808363399
-28.8745850350
-14.7541953206
-32.6596045890
4.0510594187
-21.4930503666
-31.4680819839
-22.4167604580
18.6199783320
69.3371414196
27.9351182508
-19.3587584371
21.5162222896
-32.4233936631
12.4193091228
53.6791414625
21.8033344849
-1.0914372976
-20.0606016033
-33.2892427398
30.7218800553
-11.1502307616
-11.9952619295
-4.8471873984
3.0807596106
32.2535008356
-27.8282982384
-12.2403216066
45.0861945580
15.2592998309
-20.1232374978
22.8328027852
-5.9325990634
-2.6057159997
47.7767609512
23.2987870935
4.1341536235
12.3242963599
39.5231780848
-81.4023867426
53.5791124289
31.3389153568
89.0050732753
16.0050337404
39.2750761338
-1.6673846023
-21.4111888172
-13.5828724828
-9.1489692030
-0.5094526073
-42.7838355106
-13.3830215718
-24.5203203313
-49.5132166519
-63.5111491866
37.0503478656
28.3527095923
-2.6831164623
-27.8149105155
7.1560198559
40.0472193434
36.4267729205
-36.1576643229
35.8907948179
-2.0786574397
14.2754163361
-43.2072855691
1.7949484910
8.7770411035
8.7259899147
18.4794928307
47.9757113717
-17.3813140312
-8.0796273934
-3.0681408767
18.2990012372
0.8987155999
6.7723980204
13.4058019306
-2.0132967355
-47.6768337202
4.7150979208
-3.8625802496
63.2405496745
-13.9000813050
-9.2359609766
-9.1948956544
35.6278258701
34.4761441853
43.6564957825
-33.0586949748
6.1392003636
-37.2173512920
17.9782166159
37.9466305026
-46.1460503114
10.7524669797
23.2702238916
38.7359976163
56.1826341969
22.7413652716
-42.1282691369
12.3485532789
38.4706364713
25.0003239898
9.0689188220
-2.9191520474
43.8273547340
33.3190571458
92.3483840934
-5.2500369168
-36.0199497467
7.4189178048
-30.7568440931
5.3435799277
-8.4645134760
-21.7953569721
-28.1128552892
-5.5856987821
23.2667217245
50.5453920284
-32.1352399596
-6.1568913487
-50.6895369662
-5.7368806564
-43.0474210475
-4.7846589380
49.7848639046
-36.2912099464
-17.0750936891
-23.2826751054
32.0202948091
-33.2797666850
-54.8444828518
23.4435677204
8.1338890173
47.8729698915
-3.1737112355
-60.6768828889
-15.2651282590
10.8143901143
-10.6198323138
37.8884759600
-6.1538851814
28.4507342497
-22.7122375756
26.7671333707
55.8193861975
4.7103088616
7.4719745669
-27.5086007002
38.2683593528
37.7397350868
32.6699059926
-13.0476939703
8.8098774608
37.7195645993
0.6697530610
-24.4230748052
23.6239343213
-35.3989477564
-10.8826414741
-22.2794854431
-39.6283697569
-42.9089333071
-20.8717983714
27.0761767075
-8.6636498492
-29.0922400671
22.9949703419
-70.0636014844
59.3633811441
4.0740228394
-9.4584300905
-5.3624400012
-0.5173601496
-75.6746285754
15.0409016339
19.3800739519
1.3638926884
-27.8492719950
2.7023330850
-32.8840889427
21.7568003291
-26.1685154819
-31.3218707032
64.0493366859
-1.3691619533
26.1607608207
-12.6287307704
11.0824719212
28.1868644782
-32.3259622075
22.5413122899
37.1157907848
19.6271757376
-11.6242534212
31.9823290391
-16.1261112739
5.1929711373
-20.1028186468
27.5085715277
-32.2666375349
-13.0530116981
-17.2460870668
36.0466905922
3.2048037100
28.6879881835
-23.0934083491
-13.6478844330
-6.2921504580
11.9830327585
-40.7045392114
4.1626428608
-26.6385154472
-12.2455726705
-41.4365425146
-29.7073918888
-84.4920029063
22.6821261483
-20.6023111914
55.8180987041
-59.5766596260
-19.7415399753
30.0769815038
20.1044863077
31.0292517486
60.4023970878
-17.5592911891
-31.6941256652
-9.8624279968
7.6183386516
-3.7070320307
-31.7453806945
-4.8500579459
-19.6645645850
2.4362984555
-28.6728072166
-83.4441499096
-14.6781137440
-8.6222744661
-31.7711884307
6.2528432753
-40.3174447588
10.6354350784
4.2387422134
-17.2941795628
-26.0873503935
22.5610620840
23.6717164469
-24.7280521690
11.6635678327
-56.8174477287
-45.0566572849
-11.8984249286
-71.5745399226
1.3648858538
-34.7684655524
-35.2355571507
13.7436167336
8.5617855556
-34.4919791239
31.2567704077
-20.0210499270
58.7691453513
7.1543308491
7.5271891547
-32.2297791563
7.7673049398
-18.9347436100
14.5975003234
33.4023819858
33.7561341898
8.0688206009
23.0039584847
20.2747226089
-71.4812945418
-59.4785118538
19.2579199703
-26.7511382983
-18.9312471112
25.0886414266
-20.1391786445
23.8869052496
-1.9995295023
22.6340244435
24.4702621259
-15.4891997445
-13.8012551194
-26.5155202980
-53.7724718853
-68.1812711003
-22.3085228167
19.7531320940
-9.8598481042
0.1210497525
-50.6080012693
19.7649779440
7.6473808145
-37.5811912739
9.7335069398
7.8845192537
8.2117900337
-11.2808430955
-15.6716874324
31.7634585065
-27.8984296457
-12.2279793233
38.9641057919
2.8491899751
-15.5469497249
66.2510296149
-6.7336670184
-35.7653143096
-17.8809823166
-14.5182514751
5.1500156925
-7.9886961838
9.2540591853
15.1031410344
9.4716217931
-48.8807329391
-3.1813884003
16.5556855219
43.2765261001
-43.3737115082
25.0815462764
16.8643162345
-67.0446767789
-6.4262038295
-39.8158897672
-20.9580696288
11.3644742628
24.2249029539
-53.0498314349
6.8686395366
-37.1990866851
28.8829921736
-35.5243179968
-44.2424354496
-10.0326837086
-1.2421592090
-28.6604054022
26.5063752576
-8.8119042645
10.3203930845
38.0568401241
-78.2019193174
18.9032822574
-74.9686118174
-28.0509103685
53.0206237036
-15.4946617356
-23.4091159087
5.7017953050
3.2763463281
18.4793290103
-18.2579314838
40.8165054037
-6.9454641965
-1.7915961117
27.2729156109
42.9548316773
1.9810947670
28.2604739177
-4.1145555397
39.7411969465
-14.4494778659
17.2377969080
-34.5031336298
3.1462559212
-30.7022775464
-18.2366633898
28.1266960384
1.3511421620
23.8103876376
26.9217128273
-36.5852786350
8.2895803450
39.9442311546
-4.9138862106
-4.6252877517
27.4707550257
-47.5236681142
16.0697788855
8.7608209000
-13.0001359009
13.0491741784
-39.3107698813
-7.6106395599
24.3135532313
36.0149028396
-19.3081637692
27.4633792364
-73.8660590364
-17.1157890816
-10.3011862873
14.8253650546
-9.6305885267
-7.4077635162
-11.7536387244
72.5445054881
18.1277078429
6.2468687923
-13.0101094015
19.1774087404
54.5170791767
5.1037391443
53.0726851225
11.4410124438
-33.2634606929
13.5789442784
-10.6059746491
37.8779030794
-43.6728071667
-2.3215427374
-12.6087215951
-6.5798403512
-50.1486066887
24.9065292567
-44.9099897391
-28.9629257196
-4.7495603423
-3.7057906935
-2.9957265703
-27.1347351447
18.5585677155
-20.1688000435
-8.5497593379
-7.3826164737
12.1225808174
5.6057986207
1.3494733658
-8.8519835568
-20.0784764003
-8.9745704388
39.7683628619
-27.5786170819
-12.3948504489
-7.4137420087
34.0521888742
-13.3085690588
53.1390057332
-52.8429774022
-13.5611111610
-64.2182596221
24.7373090582
-20.2619144344
42.3495434672
79.3162073344
13.2421285367
17.8617239451
-92.3553371888
1.7917975083
-5.0394307201
2.2820662675
23.9543011734
-11.2025659955
6.7073547031
32.4769919298
16.0981218290
-16.5802807331
31.5161687116
-13.1542084426
-50.1650070716
-6.6936777406
52.0211010402
-37.6067616468
-25.0991037586
29.9477769867
-20.3663885453
38.2142307576
-7.7591500619
-0.5986204122
52.9866128934
5.0104966455
-17.1298166248
36.8705620051
-17.2663247726
-11.1255611865
30.3719425270
4.7988622101
15.7758707386
35.0814066995
-44.1993058915
43.1777761148
-45.7174984400
-2.2957419393
2.4838066302
-22.3968596107
-4.8579930348
-55.2131027247
29.3009012261
17.6011935247
-5.6202247074
-24.4824820871
2.1298230208
-23.5157101230
-11.6833445565
-22.1276432591
-65.2518964187
-63.5855100680
-17.3639220090
-33.3359886260
-11.8938522076
-35.2842809462
36.7428724601
-65.6978609657
10.4128505647
36.9021098754
-29.9425364731
-12.5917799543
-30.4601272280
23.0793485795
44.1114694007
-19.0106869405
0.8553730373
-21.9616889022
-0.4550876979
-19.9429531865
-21.9438566245
-19.8241799620
20.3808481921
56.9206710271
-31.1503060842
24.7850693848
-15.1645396088
5.1708448463
10.0609427338
-31.2035421050
5.9861919173
11.8847479521
-23.6856407039
1.7352840336
4.9334058667
19.8804525239
26.7548440290
-2.6629300241
-13.0107141177
31.1659376715
19.7300762974
7.5456808438
-21.1758919681
-23.0448036640
-36.3312166383
23.4527792192
-27.0399972218
47.5291040791
36.7025999674
-16.8769814731
27.3060866678
-26.5968920794
-30.6005872509
-14.1464100880
31.3615596435
-11.8784928941
-4.9171682500
9.3566352306
-50.3015992121
-20.4585414366
17.8056632323
-20.1986896564
-12.9976003178
-22.8616180840
-21.8152471421
16.4734379571
-22.8828396940
3.6109668864
21.6148160330
10.8298212852
-35.6866714002
-14.3949990610
47.1750763174
-25.3922787389
41.2702565547
20.5468223499
-6.1486976150
52.9584740605
68.1169828218
13.4867803156
-20.3201105202
8.7443679044
-40.2432828882
39.8596645851
1.8394738461
35.3831715075
1.4756546184
-16.0136214521
-1.5600963011
-7.8257177365
14.5803421807
-8.0255589548
6.0199212471
13.7946001272
-46.7637871791
1.7148593543
-3.9651675097
8.2982309342
21.1512764870
31.5155080024
-5.8762172647
-24.0750732563
-71.1504301509
7.0019444388
-59.7114953392
1.7112618977
-15.8012033976
-43.2340969624
-41.7683848177
-61.4810504958
23.1961421237
-30.2216784726
21.6487071678
7.2716082016
11.3961532840
-30.8111856167
10.5652584254
31.7782916320
-65.5899300885
4.0904795013
20.5106177445
-15.3257083326
4.5815387144
56.4514856892
-47.4297871717
-38.0391721238
25.9499929130
-16.0014551422
18.4704110605
-47.8507858331
-34.7160462722
12.5207144397
-5.1436108493
31.5027161506
-13.7211047595
-12.6570021484
28.3445113082
-49.6180761832
-7.4353545123
-36.6961282846
26.8876323139
69.6553125629
9.8546185139
15.8004252653
8.9208548347
-27.0519030887
-6.6288396922
-11.4380943337
69.1124689157
38.1968801765
14.4402459519
-39.6955785035
51.0904762189
-58.2187318347
33.0163554436
43.8348237660
-32.4925427359
-6.8361241199
-7.5163447448
35.5961640657
-15.3825591188
12.2425439956
-7.0488395106
41.8777528734
30.4101891584
26.8984534245
46.0241319154
-15.0113513606
12.8692762621
-38.0407456954
23.7698428461
-26.9698140641
-16.5033392545
-30.9327194014
34.2850558662
12.1180696090
-3.9906291298
32.5289748920
19.2608684761
35.8494763155
-15.2150359194
-6.4582786426
11.0786817283
77.4019743760
29.4792330284
23.4490414630
34.0423504121
-35.7770994816
4.3794112736
27.6810389232
63.7648011811
-16.4346083815
-24.9861689556
-28.4520665698
-19.0747758673
-12.2599432387
50.3594538189
-17.9294731271
23.1637767260
-3.1404186442
56.1286148091
-50.0779668980
-55.2661243209
-46.1797496421
-3.3990616941
-13.3556606391
-47.7297695757
2.6915506911
61.2185978370
11.8034134103
4.4765613239
6.9206913847
-12.9254618063
19.7288116153
3.5809047500
-3.5589729123
-5.4085637413
-2.2954906493
16.5948089380
18.1722108745
43.3149185264
0.5186558275
-37.0054751552
-22.0717739120
29.9668537056
-18.3012124645
-11.3813066285
-17.4970980768
-2.5932724270
-14.7492790565
-1.8642750884
7.2808692558
-54.4433374172
-24.8609895231
4.8032230631
59.5866837191
22.8071275189
-9.3062284505
21.7738292752
4.7052650026
-48.7067988689
2.2164592207
-24.0701408936
48.5534056400
48.9683702641
-29.3020092785
-8.6335888530
40.4313659636
-4.4750130316
48.9938536008
18.2898507450
41.5624758304
31.7157503193
15.0137705512
-31.1620945874
5.3235134328
27.7450484788
77.1095012285
8.8676231151
-0.1731414168
0.7160783350
-64.8177392016
27.1271564384
-33.6648460027
-27.0822090398
-23.4835633682
10.6279486360
-29.8712386751
-17.8701656232
-14.4228867403
18.4364313603
57.2743442592
-35.2312316837
-7.1834738442
11.1455802528
-11.2675452906
14.2168278521
33.0890805663
-28.9958441719
53.4260675852
55.7692938875
29.9132674068
-3.7845872994
16.8035717761
-5.1423067135
-10.9959793738
-28.2597831028
-2.7288013882
2.5763865403
-14.6362086081
-48.5672963068
-56.8125264038
-40.4099521225
2.5826300303
2.6671480323
50.0012243502
-95.8948722502
-28.4456515459
-7.8010804963
16.8484466996
38.5006604482
-38.9254920675
65.6846675057
7.9116635620
7.0567396453
7.1951585732
-23.2686885178
-41.6658689793
57.2525362560
-2.6205821590
-25.5226318119
-9.6877219701
-6.5705990256
14.4162936244
-17.6792836677
-15.2392636111
3.4653171662
-81.1995479135
-10.6939081222
25.7754904405
-58.8237462302
-15.9387481538
-20.9653238718
-4.2030542725
-4.2433508182
33.0756363799
24.4660633718
21.1834654880
14.2560054489
-7.1632812745
-41.9460811669
-4.5056995146
-8.9742760988
58.8641094157
-22.2051803404
23.6288116856
-18.2136885785
-22.2381021721
-6.1818806146
2.7836420345
13.1969867579
17.0752505283
27.0060216856
27.4078902364
-9.3641270513
11.2686137479
2.4440996053
2.2445695690
-7.6083928330
25.2823059725
-17.5607776965
32.9382191067
-59.4845326309
-49.7633505342
-32.8056711043
-31.9571023109
-2.2371668257
-10.6929836472
-0.3842740907
0.6789788636
11.3041515815
25.6654088435
1.9515397141
6.4072413610
-20.3114734317
11.3075508865
18.9882255653
2.3720215537
20.4964995113
32.4274996749
6.1249285816
-13.6520738702
-62.9030501430
-55.5678196015
31.9849451688
28.5711905049
-5.1109332938
-2.5191725840
-42.2848797844
-26.1843661030
-16.5833785238
51.8141827861
18.0939084878
-21.4335819610
42.2776936977
10.6757412801
-47.0713835611
-73.5619619597
11.2000185859
58.2534951270
14.1375940639
7.9919189609
5.7679727462
-23.1942711204
-79.1264695965
-14.4348422243
10.7030184554
-5.0167959605
49.3987585716
-15.3058718936
41.3507913138
-8.7253446132
18.2003619073
63.1257147980
-56.9806170126
41.6429910038
-41.8577068612
28.4382470635
-13.5490275311
14.8933493084
-15.6395575737
-23.0883545267
-49.3411949556
-12.1159180835
45.9986587395
-39.9694189726
1.8632030716
34.5713264391
5.7590703376
-0.1166047776
25.7542056116
-2.9237331059
16.6369408340
-15.4940000765
3.4643848353
-24.7967564886
38.8540074643
0.8547132338
10.2393013492
2.7369729282
45.2188745141
54.0463681250
-23.3281150457
-1.6670466910
-14.8254342325
34.4826909846
-48.4151187081
-27.3294084303
-10.6964222694
3.7421811644
5.3224454710
-23.3169720136
-7.9134722666
-8.5568136027
-13.8644395143
-14.8408280042
43.3764752576
-41.1020538824
-25.8965275840
-86.2161532793
-31.7089813648
-9.3605937045
-0.3045214461
-46.8071811962
-20.1743595868
-85.3177312515
16.2748380447
46.9606116202
36.5219894832
-72.0856916420
16.2610862387
45.5944456745
29.7907526896
59.8203389334
-5.7763700579
16.1598126840
-18.0989079294
-51.1460743591
-9.9163682439
7.4910134753
-43.8244888650
16.2464617704
11.7717399120
-22.5816344765
-26.7002826869
-1.6946490939
55.7451990881
-28.2293397449
-16.9609389803
-15.6788007408
-22.3506884729
28.7352612292
-24.7426797536
3.9713160685
47.5990477722
6.9045729651
39.3446681227
-51.1873265375
9.4820650112
-12.9286059440
46.9863898691
-84.1291280863
53.0205568364
-11.0488199133
-26.6881393135
-14.7641140821
12.5927936718
53.0116347978
33.6614335238
-23.8576519140
-16.7027437038
-45.3176551187
-4.4082599811
-64.1531960953
-1.6830383835
19.7541775895
3.5329689768
4.1438175088
-16.9488520587
1.4975208032
-3.3079843937
7.7416898407
-0.3106873722
-8.0656696561
-6.1683980366
-16.4544866662
20.3618197736
-17.4202411598
49.8649499884
11.4336736684
-33.7954076686
-21.4186111913
27.9404851217
-19.9540383874
-31.4994205849
-18.2814257154
-7.0572467399
4.3227672042
4.7834812904
41.5001674359
42.5838660468
-19.3352784732
-40.4514943599
51.1594497213
-0.6636146817
55.4972368769
-11.9554961033
19.6277409069
4.6138197625
-46.1790518589
-39.9869409077
-12.6659746302
-12.2660502926
-0.9220225251
19.9346730249
-18.5825758030
-6.4692882174
5.8718025849
-51.1277321752
10.0659364605
0.8798896051
52.3874401406
-13.3717319702
-20.6052251715
21.2544716610
22.4289602515
-21.6245967599
-34.5553092352
13.4272517593
-41.6267451236
34.0428811980
40.2724671689
-38.1316945160
-20.0015027652
30.1489770859
20.4077291145
27.8206463418
-4.1069048560
-50.9155040614
-57.5775146552
-23.8342638547
-10.5028605593
-28.2164522172
-3.9088254931
-23.4508677704
28.8581181720
-26.1591421970
21.0166099734
-1.5200141740
-54.2421373942
30.6030761897
4.8421410739
-20.7450607023
48.9034540973
66.0813805736
-10.1985648433
23.2189307880
-33.2692743787
44.5657467128
-25.7583322467
-45.9667018069
-27.3088167809
-32.2372267203
-21.6073210024
7.2548644297
-61.4135958269
40.6552716690
34.7799747802
-45.7918800525
31.2174714707
0.9531348407
-4.2445746105
35.5441040224
66.6935393098
-24.6707531484
33.6766353063
-30.6574810260
29.1767955258
-1.1775087192
-41.4919103911
31.1804239314
-30.9191640166
-34.8635959555
-6.1871463979
-33.7752068399
-57.8739347852
-20.8654313621
-13.5827226943
-4.6052815990
-42.2628441971
66.9284008811
-29.2833542479
34.8915565246
37.0119095191
46.8355379965
-19.4749761935
-14.1957929725
29.5777830086
-51.9028153197
-12.3104191542
32.3224804636
-18.7989760728
-42.5259207046
-17.8538983627
-18.1432994555
-76.0905211775
34.4656085523
25.1541998348
-53.6532347599
-13.9535367587
12.5345706575
8.8848366432
-50.2934841107
-0.4823137001
27.5288271971
17.7460923460
7.8564695376
-15.4166863445
6.6281796538
-40.8363906082
3.5627172454
20.1808978414
0.5412715366
14.4758072223
2.7241940534
-3.3760735125
8.4706541999
-18.7184751875
-43.2231333774
-14.0918563143
11.2622477131
-1.8142721738
13.2685057084
-7.9893333012
-10.7579777535
-10.5315415327
-44.2911382246
70.8854946085
-28.8026203829
49.1379058005
37.9450875168
20.1313938288
5.8683683759
12.6836206909
8.6541890722
7.6329012160
-14.0225919456
34.1332709847
1.5488316896
-42.4108150627
59.8856607328
5.5910304117
7.4764300586
-21.8118053233
-66.3750479867
52.6342540440
-51.4491214444
-13.7142061479
33.8030565088
10.1093673025
48.0159207072
-1.5520146683
-1.0245223800
-3.2024191332
20.5867447340
1.7316427520
-24.2112547627
-34.4566632613
-16.6388084317
26.0425649167
5.7830861604
-50.7694581990
41.5963634354
25.4616813079
10.6861979266
37.6208997244
31.8251651620
-22.4484166490
-64.3930732366
8.8064741560
-24.7114367846
-20.2197834534
8.1162886081
-40.2479789882
-12.1207431756
-40.3042671528
19.6467700983
-57.9830760257
-44.9586875050
41.1944757015
0.0568724456
-64.6085611832
-75.5138184577
-14.7595925556
-7.4450262164
28.3029886547
38.5025755699
-17.1625468337
15.7170590895
-1.6187175243
-9.4242899946
0.9996095753
7.1921053135
13.2681404429
26.1685787158
57.4578852173
-1.8508451563
-23.1355676942
7.5298530215
-21.3365761928
21.0179468499
-24.9132802970
22.2361794892
-34.7860046125
2.7010244814
-19.4116665409
-8.8551598043
-26.4999111701
-36.0854394305
-44.7555061989
-51.2806922606
-20.5456381872
-18.9327345142
-0.6703975578
3.9232577903
9.4724425850
22.2450103512
-31.6803317592
-7.2461260503
-30.9025647704
13.3135063775
41.6762373952
25.5378787151
33.9619475803
-33.0472901112
-62.1383621144
36.2862921883
50.0990027038
10.2985669408
-38.2374063341
-28.7530055413
-6.6853887556
-21.1899813118
-5.6504815841
-8.4138620926
-8.2067781194
3.6289322068
48.5509034540
-53.4161066045
-25.9241249434
13.1065274282
-26.0401413130
2.0159278073
10.3794341087
-18.9291822388
-50.8058017374
4.6860605188
-28.6303242489
40.1803020935
8.8191442937
73.6595897603
6.7249546526
1.1763946679
10.6007434755
-13.4991941868
11.4783392726
-63.7556923950
-43.2412008505
34.9559095674
27.5859599379
-1.1587642753
22.1779947811
-8.0250835208
6.7937882931
4.3867864465
-27.3794537505
17.7922767251
6.0842668692
16.8562459108
13.4712359814
-24.0111751207
95.1912275597
-2.7343370869
-16.9057036501
47.9613420741
-3.5266687780
30.8673039690
48.1091449849
-33.5482873449
-14.7697421753
-48.1852739924
-61.6017476380
-8.6252538136
-2.4998930442
18.2753421724
8.0430183634
4.3693201913
40.5083940006
4.1959982350
-21.2650660995
-7.4834459759
16.4641087224
-5.5697391207
55.5829108857
-25.3268026724
-31.2041868003
20.2335056684
29.7996583744
25.6529694916
-8.9086724018
-2.0083769303
-44.4027559289
3.9049996856
-11.7729145321
-10.1897849671
32.6296173284
-14.5155385330
15.0450270588
-20.1583233181
0.2533093582
25.5128147911
75.5594319166
54.7289420689
-56.7820408647
-40.8295843468
21.1461582026
-50.9695246517
-23.8756059208
23.7227034207
-44.7463788851
0.9850375139
-5.4612928429
19.3545344967
10.2729136542
-24.9594540906
0.6054576399
10.2569345106
-25.3766346179
5.5541937476
-14.4443907073
16.8933843226
8.4520642476
19.7629667970
4.2792409912
-16.9264011975
-5.7844365655
18.0451571962
65.8600165924
-25.0092178789
5.1349850813
15.1701746035
-38.4524634720
-45.8717377515
17.9847825057
4.8133571245
27.9196076213
-83.7386655003
22.4632757447
7.6813949264
-15.2899524683
42.3444404684
-12.7903562587
-9.4728401165
68.1163484574
-15.1959383611
22.7835776308
7.9883452578
-1.6490540345
-49.7743960374
42.4108796794
-19.4407053756
-22.8500187786
-19.4058894055
19.1156157242
-41.0831387346
-19.1597561381
9.2110099201
-7.5537303657
-25.2851729197
16.8327222471
7.8916178807
-2.7418947097
1.9155633878
-20.6934811534
-21.1275363001
-82.8363976098
8.8480708363
-5.3172239314
53.7735216511
8.3981025529
35.8934622489
16.0838581186
31.7235699126
27.3993858756
-29.5372433177
-25.8813142266
2.0070697580
4.7906276033
-67.0862964265
14.8774898017
-8.1792643232
65.4557951924
-5.0468362236
-2.2870950701
25.8647261568
10.6268524634
23.7223601527
-37.9200679534
74.2655544026
25.2661403696
11.9297680089
-14.1761453076
-4.2929331698
-21.2267086261
23.2799794046
2.9889372101
-1.3427284456
0.7031226622
-39.8995021161
-0.2544126645
18.4708997913
4.5944106557
50.1202215023
-12.2664826945
3.9890395879
4.2167910749
25.1606524935
38.8238898387
-7.6673708338
12.0237210858
-53.3612706236
-12.5188099243
-74.3025640530
23.1605996480
-12.6443444143
-30.8246146338
-3.0924213247
16.4143827703
-43.7055917365
8.4208997508
31.1059475914
3.0851584789
-27.4489247366
22.0105937088
-6.0941957451
-2.6213321311
6.5676786105
15.4246087099
21.8199417530
-12.2527260503
33.8011258947
59.4213535943
0.6663039844
-63.5363583878
0.7695550132
-28.8857061257
-14.4427641016
7.9573539853
-58.2410306551
11.0161498978
-42.6407062058
-3.9336605069
63.5347450395
-55.2531130679
7.2639958005
39.0193020661
-0.3903266129
-42.9412927238
39.6638711806
-53.4915973010
-22.6402124929
-5.2705792821
-20.1681184261
-1.0035131978
35.0433335177
-14.5282961427
2.0673909137
-70.2088690942
58.7860437310
27.1733575661
-82.7865219602
-17.5987213002
2.2378611916
-23.1722224294
5.7998817868
-62.4834939334
-27.7676720049
-7.5195384486
17.0612690361
-38.2878336313
-3.5074047011
63.4997932708
64.8478425316
-54.6825281031
-74.1921286817
-14.7968767953
-24.0236054218
-45.7687641351
20.7505168244
-23.0647287048
-16.4073858931
-7.0129896450
-31.3919404470
-17.3449131484
-29.8659285735
22.4588319873
-4.1481424106
40.2634443329
-3.4708408611
-42.4761885179
-33.7523711826
-2.6368283452
-15.3047309781
13.6543591108
8.6965858183
-63.3212381095
-19.9798914665
18.0313511023
29.5286946839
26.8420204019
-15.3525050277
-44.2626618274
-33.1975521770
12.6287318501
-65.2742641609
-5.2347281941
-37.0529806124
-8.2710133547
32.7369001125
-37.3034009225
10.9116511109
7.3426072079
-27.4449878351
-30.0178462576
-11.2047867145
-18.3038986969
18.8463143845
14.6533317724
-38.6770184226
-28.8724177794
24.9522208937
23.4482110346
-29.2874020313
20.0682487240
34.9982019569
19.4669110986
-10.5954459439
-40.7654340839
24.3582970442
-25.8581302331
-7.6022859136
6.1197282580
-32.5332443098
9.2602649631
28.3487798682
56.0872670240
-41.5599656712
-38.8570720693
-36.0725532036
14.8745688195
40.2645643800
-35.5332713424
-9.2740815931
56.7718778740
25.6988172744
34.2692130912
-7.9334324369
20.8274319949
35.4438208212
-39.3397474943
-5.0018539829
18.3009457709
12.3958711573
-59.8348629637
19.0372967757
9.4360061805
2.6573844991
6.2550604352
30.6739127978
-61.5266317388
-35.0996973685
-4.6772080766
-15.0786945697
-6.0371206885
-30.8361082545
-58.8562910535
16.5774571262
39.2900837674
16.3117778989
12.8933665174
71.3987566945
-28.9803038037
2.8390066123
-29.7758532613
-5.6041109790
68.8198665285
30.6994020924
-32.9511828474
-6.6112068637
-20.0508137208
-35.6188365859
6.5728099065
18.6177376428
-9.2960923644
22.0213996993
22.8736282536
6.0687841681
10.5036277493
-8.2343548396
-33.7317339530
-57.6399971048
-11.4794653782
-3.8477604915
29.5308514642
34.8565601535
-16.2074548794
36.0862940774
23.9612861776
-1.8972471592
7.7328219298
-1.9122183702
-13.8492338262
-18.6384437487
-3.1170575886
33.3292679041
-7.5135901900
4.4799471568
14.5569605199
6.9034631950
-49.3025826488
4.8267304483
-4.6492203978
-3.2661554085
-9.9133089514
-0.7973827829
27.2900793373
-33.8557509147
21.2550872608
21.7997633760
14.7005110461
-9.3153465922
-18.3802986022
19.9457369782
4.8917455631
19.5578486302
11.7127467847
50.9104262363
-22.0546980837
-16.3550141247
-26.4328415587
45.7869840939
-25.0511428769
-40.1166937261
35.9568908132
-2.5051297138
40.9289279242
8.0347904139
10.2365450042
-61.5387933249
11.4135193076
-58.5671915385
-9.4449033464
12.9282660434
-50.0418534190
7.3731796453
20.4936152253
-4.9025570775
-11.5899918786
16.2675944227
-43.8286948787
38.2394755382
14.0272837067
22.3463997578
-12.5688686776
30.1716446826
90.7721012690
-12.2454352704
59.5248933815
-13.0793968816
35.3307391241
19.8286955584
2.8401271481
6.8748218506
-17.7497947426
-47.7231219298
34.5936387785
-64.1311853331
-59.9088675951
26.4119561949
-56.6413441115
2.4007631830
-26.2272091298
-30.3110288856
-36.6753304013
21.6263147201
12.8656018609
-59.7433017204
6.3804469007
-1.3729945384
-29.7906792969
-10.9780637684
-27.1656154869
-2.0024711388
-12.0132679054
-14.6088213412
32.9634731438
1.7148071689
22.9708169485
-14.3253346853
9.8864726200
-6.9139887663
20.7555902239
23.1069770095
-19.5338230783
-7.2483581630
-7.0952530774
-8.0943310188
-19.1005818859
46.7891080719
25.5865501102
25.5450554085
21.0673159504
40.5194591719
-60.5873010399
17.2588640802
-13.6191039083
-22.2877369494
38.7515872033
19.2015295388
2.4648357803
54.1801973679
12.6203390307
34.9728926717
5.4795149683
16.9506349950
-3.4690859766
40.0627543436
-37.7866212170
-19.9227210804
-4.2432416476
7.3236710346
-0.9810278979
-16.8273262502
18.3995857057
-13.2251710390
-46.4283396354
-25.2245616077
-2.4710275961
3.8655595383
-32.9802957530
22.1270000592
25.1853454792
-3.3905917285
-9.2297937037
-14.2001721806
16.1491088598
5.3106801803
-36.0620719880
-26.9836500898
13.4145686569
-26.6710594057
0.3351714324
17.5557017330
6.0033071280
-15.2580325930
22.6808598238
32.5179620816
-33.8842700696
-5.9718167794
8.9000028726
-25.0714537772
7.2278410035
-29.1571246246
-34.5059424871
21.3891368849
-28.3557445791
-29.6359021571
-7.0271329158
-34.0952919874
-28.1614495978
-10.6713440203
9.2233531910
36.1543719908
-52.5632125882
23.4005501459
8.8504215349
41.6916398981
48.6026126920
-40.3297597067
-4.4955171891
5.8322751077
-37.8038377703
-0.1758651880
-14.9793707129
57.3277929847
-25.4383497654
28.6344224341
18.5815919105
32.6233599812
30.8255987288
0.5571103373
-6.5952497260
0.1338302472
-7.9525532701
-5.7844860122
49.0948672519
-50.4307720293
-30.3739858714
-16.3183882877
-1.2938708874
28.8381276370
46.5602107389
1.9716311172
21.3496813944
-31.5200255704
-15.2221687004
-50.1589614690
-93.0145189807
10.0628086031
18.5372427687
39.0493503700
49.1908362474
16.8118485763
-7.6193462672
5.6993518167
-28.7410470458
-43.0364572741
71.9942561699
19.2917100684
-53.0977946234
5.0654579056
-27.3216490196
-34.8646043801
-32.0361988565
0.1480309564
-2.4277521729
-8.1620273061
52.9074802799
13.9682414755
46.4016787312
-29.1789121864
10.9345862249
-23.3731176933
-28.8784713099
-37.3987642900
8.2843216296
-69.6869539872
3.3453573566
-12.5284953672
52.3265766082
-63.5659179224
-34.5363183982
-86.0888293338
-38.0479229347
-0.1452925682
50.3151792044
11.5980453957
-3.1436112981
-15.3749556508
18.0517338401
-0.3214697088
-13.7586933765
5.7426205646
-40.7133578235
22.7205818919
-2.6281183148
58.5742619396
-60.5015356934
-30.6044414368
-4.6297374519
9.7157093666
-15.7993000199
-18.9861381346
-21.7294996503
25.3336134421
-15.5458923841
-8.0938195365
-11.4588771297
-56.6372063383
17.0124173032
-37.1044496792
-2.9808939140
-15.6810156320
-19.7244824310
43.0385475137
-32.8739372823
-10.9106417947
12.3723745693
-18.3881225405
-15.5376815412
-15.7835620434
25.3744544182
-8.4224869599
15.7014311873
2.7609385219
-33.8173829320
-59.3603418459
-37.8727491057
31.7944410945
4.3651548352
3.4292284033
53.4778325828
8.0715359371
-21.3359538518
14.5077972541
-32.2323067307
65.3163866232
42.5848414962
-17.3568739627
-1.7945234718
-40.6594128396
23.4015604518
-16.0158802756
27.1073106916
-6.0525492390
-43.1057691840
19.4293397158
48.6232785201
-22.9561479068
12.0822403063
19.5564214257
0.7376862794
-54.5873032281
-2.7555948450
18.6913689359
-21.7036528095
9.5916749190
-33.1969860170
31.6618625169
18.1232743173
17.7655821578
-34.3188047569
19.5211456841
10.2090917830
40.5164208115
-47.0760418490
-10.6725968029
-9.7559709023
33.6894861880
11.1864132594
15.8983679933
10.8443189020
4.2585290293
66.6872578638
23.3472341612
-37.5463909495
6.3357307347
48.2401813682
-30.5055652692
26.0216239770
-20.5115883825
0.2198858836
-33.4928678467
13.3958165493
-58.7750927110
-19.5651199500
-37.6566487589
34.5385583456
-25.6167515929
-19.6184689810
34.8375304818
-47.9622192243
22.9970333393
-30.1155687070
-34.4339241003
9.6736810032
-21.4444602332
40.0981357831
-3.3707662066
6.9270666324
23.1936675151
-24.9185369768
23.5670492006
21.5366589925
-48.1276924814
-22.0930372424
27.2965144472
48.9825574827
49.8293669842
33.9881691789
-10.0272364381
12.7848534739
-15.2283559437
-3.6019950341
1.8875739739
-42.8257328966
35.7131057071
-1.7482675667
36.8762876699
-58.4026259919
13.3058748893
-25.1334876693
-21.5147484927
10.1974038509
3.1871810015
28.8297877360
-56.7475922879
40.6892970779
-8.9566974365
14.1529875054
3.2670662461
-24.9061358243
3.1988261965
35.4590135365
-41.4184023958
-15.5173752041
43.4985601838
-5.3397117548
5.3419935891
-15.5441630624
-43.4804578537
10.3318019593
-48.0225039856
15.5562684053
36.0859805433
47.9471586893
-58.1992996216
17.1226748565
3.2992795923
-52.1948482586
46.2156089495
17.8351517417
-16.3081152224
31.1489347755
39.6491049033
15.6188148958
-52.9828218710
0.9889623208
7.5836870656
15.8459416303
-27.3504369503
-21.5300082240
-7.4751575618
4.9955258208
-55.7662057170
30.1647600217
-33.0879878573
-8.8358553746
-13.0766502296
-15.7125700863
2.4705401639
10.9676038197
64.9955836678
37.2550628840
-6.5974101838
-67.9692374841
-17.3342173527
-42.2438800335
58.4626549558
38.9856705582
-27.4731099924
-43.2188344693
-4.8387315660
-30.1837958775
27.9898622324
-32.4959091662
13.0168025621
-12.4475310190
-44.5093662321
47.6023186030
-51.1882934605
3.1111103074
-37.3901078143
5.9248375174
-7.4334891978
-16.8660927480
-28.6580544733
-29.7264849822
-39.1332317717
28.3742094277
-31.5378899701
-29.3325256984
11.4070718346
-1.5067416975
51.0781724754
-2.7528292433
-47.2171211972
-30.2423121761
9.9857478563
7.3651835759
-1.5822675990
-35.1746051804
-13.2269660932
-18.7311540618
30.5035778099
-26.5347227488
-24.1623566261
16.5023571108
-39.5675456384
-87.2901962046
-17.2990454261
51.6382882532
10.4188031167
-56.7818453638
-49.4849653714
-36.8378771663
40.0676860192
-2.5999614145
-27.8187052689
16.9146665716
-44.1983587011
51.8939389429
-15.7453839391
24.0419577840
4.1866968009
-78.2403021066
-18.1964919018
19.2128991891
-22.1846612139
23.2217449813
-6.2478938400
-29.2840713959
-27.0659373192
-57.6436289767
11.3214777129
-5.4739498450
1.2022772689
35.0386239712
2.7617142468
-7.0651430724
11.8558325506
-31.1986876655
20.6448275268
-55.5092562097
13.8033668853
-69.6670646118
18.8432743950
-71.4063317426
-53.7813363281
11.5975054507
8.2802404829
-13.3111792380
4.4191847244
28.2542831236
29.0074303617
27.9733423867
23.0715543797
71.8268737770
-29.4141908018
13.7809575438
-9.6819078610
-9.1298713222
-22.7182549351
7.3838347006
14.9712059150
-14.9487051259
-20.8082930089
-7.0387427727
37.4277219197
22.2071573440
-16.9792561943
-24.1037880764
69.9379885321
66.1404561052
-15.2261072038
53.9303105200
20.2534716076
-16.4343726740
26.4813078549
-19.5744924885
-15.2905933866
-9.3242772732
-36.7315712618
-25.5850589493
-10.0531743850
-34.7050837946
25.3797409083
-40.1199308942
-17.6293269627
-10.1754571076
30.7935179432
48.7043004436
-9.5525783147
-14.7900011482
-4.6867377640
6.0449502121
19.8063744673
-24.6006456833
31.0994714741
2.9110719010
-16.4158183848
-25.5282347697
15.8946014176
10.2982780773
-64.9948924647
-36.8018839946
35.4563811312
-12.0443948224
8.0459075309
-11.9154246045
9.5329581830
13.7352355635
-39.1206176825
-48.6684788383
53.0277598200
8.0835333712
-27.7226827556
-10.6302837201
-6.1552013451
39.6050993586
38.0208598268
38.6796030682
-23.5404570571
-15.1286775157
-17.5009044700
-13.3963255109
-42.6478057469
2.7722563122
-6.7051011334
65.4263481504
24.3197150033
26.2175004144
4.0111308699
-31.5849036381
25.9467700110
-50.3471741940
26.4274660683
45.1561442464
4.3649437061
-9.3377073431
25.2806033787
7.1624324075
-40.1432809607
32.7067599218
47.7782483627
-23.2231988165
16.0006371461
12.9775738882
1.4554175567
-25.3221029498
25.0197268021
27.8899906072
-29.5058046180
22.1619364959
7.2675314342
2.9091494469
8.9894100585
-13.4670572575
-8.1107841510
14.7387890258
12.4390426021
19.3541246102
30.1483312411
-5.4496448525
-3.6962236164
-22.1091851471
48.4444420696
-51.3917859620
32.7079722942
-73.3311994231
-18.4747804175
46.2205296674
-10.2217987276
27.4544076196
53.0827478864
-35.6572314386
22.6350788764
29.6387149831
85.0827382156
54.8543962712
1.0912961088
0.1460450246
-4.4826023305
7.5128671199
24.4591493775
13.8458369559
-52.5972071508
23.9886112691
-15.7508069584
22.2428672195
-45.7318075789
-29.1725105175
8.3173671488
-60.0132894834
24.6876571070
-25.9565570220
10.7696420552
-18.3859064169
4.0483680559
5.9409550821
3.8656247001
41.5332504659
-30.1535733964
-49.7439378474
-74.2652704550
-31.2573128873
-56.4333442205
71.9332519369
21.3978634122
-57.2852569786
3.4772900753
-9.7642438390
3.7914022573
21.4184705059
10.5955948111
4.1856977056
-25.5873003542
36.9605696253
19.6224422473
6.6448336245
-36.3801043432
-39.7386901392
-4.2335764616
-1.6839013678
-26.2383726205
-42.4079354185
-1.6561978017
-2.5628478454
-27.3703181945
2.7873625618
-2.0669159951
-30.2618212953
-45.6402784130
10.3443312468
-31.1080409892
-27.8136405365
29.0605759875
-40.3112534853
-45.8951278346
-3.6834583806
5.3318257362
-22.9638427113
-15.7864179625
-15.9689480893
-68.2319612048
-19.8002015531
26.4731260715
-9.5958919023
-9.5818897864
20.1169392679
-11.4256960840
10.0851753101
10.0978939297
-4.4075752313
-19.2898443390
-8.8032809874
-12.1088506502
43.3093438170
39.1986107378
37.0432808468
28.3581117874
8.0506633528
8.7927173300
60.1435853507
-14.1359977444
-28.1079737945
-46.4339411121
20.0497352783
-5.0369159737
-32.9947415695
-25.6107723705
-18.4714844461
69.2952066736
-38.6238644275
-21.4930661238
-9.4958212112
14.5616338986
49.4411669632
1.7335284093
-25.1416033930
15.7820049777
22.4318797424
-18.2259323149
-19.3675452352
-31.2318055291
-53.6342224482
27.9786781633
-31.0397910464
12.6154752561
-21.1042149082
-7.6024103192
-8.5939368365
-0.1218603593
-14.4146986418
-15.1431281582
33.5103183004
18.0355721744
-21.5783383755
-26.4368244674
-18.5728904012
-56.9646907044
-27.6301402956
15.7119760755
-1.6284096598
-6.1216931149
11.2312519441
-20.5838032438
-12.5089142052
22.7735380059
39.9791635819
6.4730023255
27.7700432676
-13.8969322181
-36.3952804805
27.8464400093
-39.7857783810
0.8788219412
16.0781869742
31.0025302286
-14.7127185153
-13.2587205011
0.9672452141
-48.4446043682
20.9466593038
-22.2642549855
-15.9268977776
-48.8549591970
39.3648530162
39.5086974613
-50.9617427309
-1.6105592444
14.2794657819
0.6774836934
-45.1009654251
-30.3013654095
-42.3622483664
-8.7448931960
0.2225408602
-14.9901480316
34.4588154654
-54.9322728495
65.9433113636
-25.5218512106
38.6553290417
36.1256824324
-44.7308237198
61.5354123696
60.5492656773
60.6753528434
11.1167832666
13.7926066481
-27.4819686535
-29.0942957769
10.6868342173
-10.7100349031
12.1395460102
-38.9408946956
-17.6836699390
-14.4650847712
45.5432178764
8.0396457842
34.0228509489
-28.3131114466
-5.0316782011
-2.9524324792
-44.8714131259
-34.9359047377
21.6362710795
-28.5184365640
-41.0013187255
-38.0921352145
-0.2341025575
-16.3439394082
68.3103857806
45.9734078251
-44.9827891675
17.4720609664
-7.5230137288
25.1663409847
38.0957959797
-21.7416393865
-12.0835860047
-46.1942421926
10.4485372686
31.8684882197
-4.4047185778
-3.4879879776
-44.3046449023
4.1732442681
-26.9098166996
54.3378887763
24.9083591274
37.7946343026
-52.8663731237
-20.7076245001
-50.4305953752
-46.1369815734
-22.3434513723
-36.3526093351
-4.1881161791
36.0108539584
3.5687775885
-6.4955059748
-0.5906300098
-20.5250137144
-25.9886291003
-11.5514524695
20.9594389516
-39.6348331800
6.4039485544
18.2884150913
-9.7594043323
31.3190751525
38.2350835195
-43.6662668057
30.0548530163
-5.1922719745
33.3023210871
-5.9890374067
38.2804324784
4.6836262675
24.5935167346
-44.3881204159
-0.0722360424
-62.9475892955
-64.0161310804
5.1022328691
-36.3073452960
6.8523753520
22.6027934748
7.9699669845
-2.1124027880
29.7872192504
17.3465817765
51.7018120624
-5.4654552718
13.4204079437
97.8467922314
-20.6882983432
-13.4878719362
-42.6579930666
-27.6005483439
47.5778490078
-16.0322280480
7.3358128470
13.6514871161
-5.3056552261
-55.5855229369
50.3569570191
-22.9172210663
47.4627171486
-46.6611019950
48.5164960755
7.8608380925
20.8288739655
-41.8413709091
38.8554534525
60.6065097803
-24.7891806896
-25.6341648522
-21.6608979014
-9.5462831330
-9.0416101563
-69.7425662176
-21.2462193162
24.4372684801
-46.9871453931
34.8357648036
-22.7852923510
58.5638276063
9.9447265861
64.3933432323
-14.6457501364
-16.1796947977
-1.2409651826
-42.6718807602
-14.1937064122
-20.5877485755
-25.3358863019
-67.3017900580
0.4743427763
29.7168091020
-28.7813361679
8.7101959757
56.7083915976
9.5929941567
35.4994801757
-46.0339612657
-51.5573913836
-9.9307681147
-11.3326497673
50.3530099214
4.2011151275
2.9896755567
-28.6924066274
-3.3236481980
-0.4285969588
2.0878383187
-19.0831891413
11.4022583474
25.9154725946
17.4519508188
-43.7061228516
-80.1465625173
-9.3965763689
-0.2899976262
-21.2347372431
-2.0090608278
-23.4904552460
45.6291265309
67.9718916590
40.1765775278
-49.4595110079
5.3966623318
15.5740634022
-26.9031460704
36.6062348613
-10.5516901452
-35.4098242149
-32.4125023399
-8.5719553166
2.5185378296
26.4233639134
-19.6813016167
22.4646462804
73.0000656774
-25.3467981578
-55.8527713848
-7.7359490663
-5.6740036595
15.6268434950
-10.6102789863
-0.9206222599
7.0713997026
-18.4532139823
4.5004686661
-41.7479384048
8.3425355605
1.4222534192
3.6122124357
21.4574972668
35.3600080600
25.6579434853
-73.3034413870
-5.0412267443
23.3444236062
-15.9358247596
2.2461076886
-13.8791071635
35.4462685439
11.2489954734
23.6202544955
23.4288103567
-1.5070312099
8.2105865005
11.7738539420
27.5960647355
-13.3306758557
9.9101772141
27.7943015311
13.5642612958
43.4721854527
-32.9665630939
10.3348798614
9.6080669145
51.5465327443
-28.6708008020
-7.0344694275
-1.1624088734
-36.5754826421
-8.3896669995
41.9389558100
-4.0670105498
-49.1372819210
20.9157946700
-20.2559949940
28.2106590795
20.8386651849
17.7422975421
28.3153341080
23.9506699137
-36.2153928683
26.1729277824
-39.4518755900
-38.5310372933
-11.0998785259
-11.8815362333
-38.1070752952
-24.0177101931
-9.0631793213
36.3055292188
51.7637654038
2.0160513787
5.1269556055
2.0711591566
-31.4901936086
-36.9443652045
2.8145052609
12.5574868132
7.9535871537
-5.3258827138
-16.1952613203
17.9290391813
44.1040384898
30.5303114937
20.3221313822
22.7387631821
-39.8678172212
-47.2582692430
26.5259575809
40.8616065785
-39.3809741573
-8.7378983026
8.9556532360
-0.5475655380
-46.5905557060
14.2399183214
24.5964110179
8.4517784902
10.8614669825
-11.0721581850
-12.0464956870
-3.9290610500
9.6686619758
31.9046339324
10.6831464234
53.3739134049
17.8759182031
2.0084695410
-3.1469891969
27.9845475773
4.0745808967
17.3183161511
-55.6899969229
44.7420115555
-8.5666764674
70.7249429973
12.3308529138
24.5480914913
8.2536002475
26.7178792089
30.9792713806
-32.7808393312
-20.1974067085
-15.0601082867
40.3424930400
46.6599108011
35.7196411317
-52.2919027661
37.9098699407
-8.6515041314
11.4617633316
58.8507899619
19.8004608990
1.4251066901
44.5324370098
-41.0336423575
-33.5343652591
-19.8143395650
53.7454219645
-3.4309929283
-19.3631031711
1.3308483129
21.7092883317
46.7548800811
-67.5655632743
-37.1534572512
-37.9695592889
18.2539882344
-7.1262946994
10.0787802195
14.4675616908
-17.1694439463
-33.7522746776
-18.5257423877
-14.9978793755
-20.8181678463
-18.9445237730
16.3679287841
10.0922718906
56.4962845300
36.4357909952
6.0417731438
-9.1201674534
-30.3922094910
30.2592737559
-65.3563599675
1.0359312654
-15.9349198276
-7.6486590245
11.2039691463
27.2935532601
4.7942772956
-22.8466914346
-40.8171201624
15.8216400170
-22.3948371603
29.5351835491
21.6820745364
-48.7685940961
10.4218848956
21.7698600401
1.6703525534
12.6859638192
-23.8777480438
-2.0742634830
2.0520617881
-24.5777825438
-4.4269309869
3.4607406167
-22.0295830437
15.4196965824
29.4608529180
-33.1909852722
-22.8868864290
3.5608851776
-17.6281394263
-35.6989393574
-45.4337163735
17.0581155813
6.6008835698
10.6444383642
16.9178645746
-17.0250170587
41.9717312659
23.5998627815
15.8798746680
54.7846430510
-16.2309618280
-2.8981418332
-1.9730594623
-5.0293166047
4.7232959393
-22.9314444659
7.3862288766
24.8119064156
-41.8294883446
61.1461942096
29.5234687088
6.5994008810
16.3292627012
-10.9637442980
-19.0387738421
40.3966651518
55.2746338758
-33.9933467227
25.1271562047
-35.9330371125
-49.4313032491
-25.3152390571
9.3406988637
