-0.4944311679
0.8011984647
-0.7324798536
0.6682373599
-0.2098021060
-0.6455856937
2.4691895988
-1.5248843849
-3.3673017008
2.0843429174
2.7057744257
1.4691088315
-2.1940694880
-2.1193619063
0.2488800476
-3.0618475729
2.2099487779
1.7248838671
1.0197086689
2.2318615322
-0.1358372896
1.6863889792
1.7443980386
3.8452182766
-1.2555269424
-2.3412806533
1.8161758039
0.7551334173
1.5463319555
2.6242932612
-1.2691032269
-0.9243297040
-0.6985997977
1.6124557608
0.4354958279
2.6688119369
0.7697338345
-1.4057014103
2.9788832480
-0.6095044189
1.4529443785
0.2628989662
2.0704928564
-1.0865925670
-1.0140138392
-0.9165623909
-2.8769721601
-0.3693590306
-3.6340982911
-2.8782476819
-1.1064122010
-0.9606913459
1.1782367723
1.5687515962
-1.8536935875
-2.2914042170
-0.6151405032
-0.0579697455
3.7885195507
0.0703062156
1.4683401718
-0.7031550593
1.2356903237
0.6592974458
3.7081215348
1.2663413209
-1.4968551125
-0.9957366022
1.3348239058
-1.7099552090
-0.1425316893
0.7692375525
1.1697501634
3.7921724901
-2.0294927816
-0.0479761274
-2.1648748704
-1.6007694178
-2.2343744397
-2.3754048749
2.9364018741
1.4883470208
-1.5511718007
-1.9627217838
-3.1852477613
-0.0272727130
-4.1059259082
-0.5183829676
-0.0382913429
1.8577414820
-4.8101233698
1.0056829609
2.1949095654
-1.9123037841
-0.9159758092
-0.7110753860
2.4809552345
-1.5125242131
-0.0625203809
-1.7087500035
0.7931839905
0.3191919942
-0.1707436466
2.3877390010
3.8018766027
0.7357772426
0.7374010093
-2.9695883715
-0.0104013467
0.5973141541
-0.2487726328
-1.4506906084
-2.1088417703
-3.2901691761
0.2711222342
-0.5092991245
-1.4277021715
3.5563561001
-0.7591168050
-0.7116150227
0.6020795717
3.1050446641
-1.6743352258
-1.3903190833
-1.4344179529
3.4033757059
-2.8410591781
-0.6977039583
-2.5440161888
-1.2489858757
1.5151905251
-1.0384155732
-1.3203937134
1.3981348705
2.2707189408
-2.5293531467
-0.2503758178
-1.5388492768
0.9843629801
1.6835404796
-3.8036746015
1.5534532592
-2.8500649393
-0.6211218201
-0.1945294835
-1.1565242198
-1.9011379634
-4.1445968144
-1.7937436412
1.2812913369
0.4034122571
1.5259959240
-1.1522185288
0.8389512277
-2.3915344320
-1.6723472551
2.1167070928
2.2272618077
-0.8713114206
1.1434239222
2.8505489071
-1.8363427810
-1.0435122523
1.1702032156
-3.1792394941
0.1707492152
0.1684858780
-1.0819197518
1.0627788348
0.3075349082
0.2990588316
-2.8981206173
2.3801472590
0.6965611902
-0.9861859070
1.0220254879
0.0338358235
0.5824864659
-1.1480660786
3.5593025338
2.7317258266
-0.1015656606
0.0547504597
0.3691788454
1.0417749778
0.5214961238
0.3113254207
-0.4664407152
1.4262713589
0.3193441364
3.7228628356
-0.6427626279
0.3279996898
-0.9176345429
-0.9279008552
0.4342506289
1.3162194562
1.4419297117
3.3770684536
-2.9219867033
-1.4781550846
1.4004787836
-0.5444273033
-0.7692261715
1.7525984239
-3.2841941474
-1.5632677759
1.9157541673
1.2921494766
-4.4649731777
-1.7027564573
0.3876377731
1.6727357987
-0.9187086442
-0.3161144109
0.7104356843
1.5408715919
0.2116676397
2.2001933509
4.6547854359
2.1888611478
0.3628841874
0.5456787205
0.6667455280
2.8911080244
2.3519256402
0.0619539781
-2.5033847192
0.0496275796
-3.1437652257
-1.5225505184
3.5143080613
3.7638030193
2.6131078803
0.3929140482
0.1180754524
-2.4475018054
-0.7511261507
-3.5733542502
0.1013482721
4.7607564994
0.3166937499
1.7688021098
0.8548450369
-1.7333577374
1.7357516945
-0.5602686426
1.0948167150
2.6407073572
-0.7422487187
1.7751112913
-1.1167604026
-0.5617847859
2.9018717237
1.0666121408
-1.7049435382
-1.5093005979
2.8489666755
-0.5496342859
-1.1056694103
-1.0669578538
-0.1514407938
0.5467752191
1.2696236015
-3.9196500579
-0.2360327193
0.7762076230
1.9318080562
-1.5630321660
-0.0716384178
2.6996108723
-1.6161288530
-1.7414755140
1.0624237841
3.0607860843
-0.2598374693
-2.7278547990
1.0450445422
-0.5862812888
1.2583624829
3.7569463562
2.4167184173
-1.8683978490
-1.3149171816
-0.9832276725
-3.2835707284
1.6201707390
-1.5157130744
-0.1412294732
-0.6378647967
-3.7818085705
-2.2563761676
-2.6907557605
0.1281314130
1.1762037763
0.1628299638
1.0992097051
-1.4420158066
1.7885053257
1.1046021940
-1.0710871904
1.2690367410
0.1080392518
-0.1653330022
1.3046399624
0.0622771974
0.9318771307
-0.9662629842
1.9936320843
-3.3056619228
-0.9418772127
-3.3902497948
2.9397521582
3.0360315086
3.9301029932
-0.0175534079
-1.5640484559
-1.2632977449
0.1909029035
-1.5504519121
2.2616159148
-1.7474105095
-0.8504899612
-0.3417617928
-0.1656692204
-0.9018254703
1.9656222021
-0.2553492180
-0.2132289912
-0.6784290188
1.0613196894
1.0589857920
2.1386789921
-0.5766833471
1.5491275028
0.4019420106
-5.2223841049
-0.3628339325
-1.3499970237
1.3443325810
-2.4474800482
-2.1753497813
-1.8721719993
-1.1758601329
2.1912876162
0.0539921135
-1.2027363777
1.6559371527
1.7087848751
-1.4968228596
-3.4178903412
0.0509915218
0.5211091692
-0.5138660111
-0.8988548329
-2.9605716340
-2.0203563065
2.4524018434
-0.3422085067
-2.9038627170
0.1087877898
0.7096444144
1.6920050497
-0.7388673983
-3.0448627628
1.2080554657
-4.2130603041
-1.3819126937
1.1950709993
-1.7319337311
0.2833479169
-2.0270250485
-2.0877022500
-2.3197670729
-3.5955851523
-2.5128674742
-0.6826174786
-0.2597191142
3.8758852882
-3.3199153160
-0.8260768260
1.5189207888
3.6862362518
1.7479705849
1.7010958713
2.5573104622
0.5165309925
0.9955589810
-3.6961528177
-0.1542770406
-1.5778956300
0.7735796857
-1.3315327899
-1.7272209066
-1.1194931697
0.4541519347
-0.6078876527
-2.7054093509
0.3734250510
-1.0789637549
-3.2680296189
-0.1892341137
2.0478300598
0.5693202481
1.3206766473
-0.5282364632
0.0426900001
-0.1966954398
1.6336774650
3.3400994027
1.9875710836
0.0621424439
-0.1840315357
-2.3239774674
2.0445927820
1.4099525995
-2.0272028847
-0.2091374162
-2.3092203599
-1.0798908103
0.8857439722
-2.6344192328
-2.5690651003
3.5949057553
2.0886737012
-2.7515635535
4.1323164281
0.2142297147
-0.6837120625
3.4824596092
-0.7935767561
0.6171330951
-2.0907600094
3.8450467694
-1.8514780253
-1.4689046203
2.4745604455
-2.1248782676
2.6133765359
3.2454877853
-3.0105745077
3.0730016574
-2.8320261447
-1.7028141427
-0.7522592761
1.6659299633
-0.2042494150
-2.1499340886
0.0656767273
-1.8357050967
-1.3443283254
-0.7862059608
-1.0023791410
4.1166725642
2.7688825828
-1.5004037098
-0.1077909748
1.3886914136
-0.2337895280
-0.4604021595
-0.7359018168
2.1116257720
-0.9294520958
0.6255546262
-0.0161429157
-1.0335389359
1.3944743183
2.9739131433
0.6179816469
2.1428123034
-1.2916165032
-1.8796267085
4.4650838309
1.2527900808
-0.3402224878
0.8232307858
-0.3347748664
-1.3959593980
-2.8238908300
-4.2557905916
0.4770253420
0.1022426704
-2.8299416987
3.6495971706
-1.6422946796
-2.4900639772
0.9282983666
-2.4384728142
-0.5012112762
-0.2652045617
2.3884228996
1.4551319421
-3.4036682359
1.7664036272
3.9794179427
-2.5770451383
-0.1229042469
-1.7700202116
-1.2888277394
4.3815275161
-0.9653394536
-0.5725519589
-1.8905470126
-2.3617902463
1.5082062325
-2.7435811356
-3.5073745026
1.3788157121
1.0918506994
-1.9822767399
-0.9266075397
3.2175491237
2.0429402770
-1.2304580886
-2.7528251206
-0.2690226877
0.5722764759
3.2513311841
0.5560117747
-0.0993396360
-0.0424629767
0.4630976599
-1.1003670160
2.4432399802
-1.6047659615
-0.2435825423
-0.2334822581
1.3057410389
0.6885863462
-1.6819903396
1.9479000178
0.6587419131
0.9964671159
-1.7866102167
-3.7110128159
-2.3294883513
-1.6540201592
1.0742783195
-1.0381551354
-2.2528412254
-0.5554618755
-0.5670295508
1.8223556178
1.4102651390
0.3868445595
-0.6782694036
0.9711575720
0.1827476498
1.1751763973
0.9674226751
0.3801753362
1.7184989649
0.5297263339
-0.6511901744
0.1910354775
0.6062394216
-1.3323320832
2.7618653904
2.7389507557
0.2348620648
-0.9318643336
2.0222537593
1.1181602131
3.4431563561
-0.4581419233
-1.5581899793
-1.4014041583
-0.8142283921
-1.1378498101
-0.2199269632
2.3159487026
-0.6848306160
1.8137939451
0.1154811625
0.8653081792
0.4225258899
-2.7244630837
-2.0318910693
-4.2159225560
1.6872063028
0.5327064872
1.5904542852
0.1235016013
2.2187144211
0.4859172543
0.8391927799
-2.7520449517
1.6403271638
-2.1492078738
2.2076412669
1.3323671084
-0.6144282082
-0.8847940076
0.1480722247
-1.3674276104
1.4930222500
-0.9551737495
-0.8195107270
0.4528341617
-0.7483869480
0.2563612797
1.1584452899
1.5220261441
-0.1276372989
-2.5638583887
-1.7432201905
-5.2853519672
-1.5747033599
-0.8821595631
-1.8088775745
1.5947928644
2.9007922319
-1.6724964470
0.2554324696
-2.3249067742
-0.5581842095
-0.1979980821
1.3933078329
1.5103370386
1.0305712311
1.2163215493
-3.1082962117
-0.4925598293
1.6730214656
-0.8781657344
0.1467003651
3.0257355359
0.6137250214
1.4466015497
0.1498663436
0.6428671013
-0.9295135112
-1.4304061441
-2.6084387249
-2.7007949698
1.4433755498
2.7610357639
0.5556903001
-2.0190364126
0.4781022883
-4.2163658041
1.8379645179
-0.9001008982
1.1303255760
0.2893848997
3.0698679509
1.1121642703
-4.0487662684
-4.1578892487
-1.0833154685
-0.9043598695
1.6181957714
-1.1719639031
-0.4727020101
-1.6879284376
2.1426564924
-1.0964234703
-2.9294405785
-0.8747140381
2.8797056939
-0.3879475809
-1.0809821971
-0.2665030619
-2.4188875498
-0.3165736722
1.7685977446
-0.7137369992
0.2002332059
-0.4370550493
0.1615541723
1.5010626255
0.3603089384
-0.7871109697
-3.7258776264
-0.8294701989
0.3109428671
-0.2178546046
2.2668083670
-0.7384862550
-0.0322568475
-3.4976134373
-3.1875385729
0.0179833341
2.1977928620
-1.7661659265
-2.1899111608
-0.3263474127
-0.6998946149
0.0470565345
-1.7197063906
-2.8339366054
-1.3349212387
-1.2573054777
-1.7514143423
-0.8432015538
-1.7713782728
-1.4042143523
-1.6715128268
1.5361829011
-0.4531336521
3.2170124114
1.4902474835
3.0407881851
0.4469208819
-1.3997411427
-0.0767674842
1.0233777244
-1.2056372074
-0.2219952734
-3.4255080183
1.8435878805
-1.1212065177
1.5316239589
-0.6380917398
-1.6603178866
-0.3161670829
0.7888412490
2.9704886550
-2.6766531658
-0.5731005176
0.6372211966
-0.4544086008
-1.3055792014
-2.6123444601
4.0066638038
-0.5846775225
0.7815438627
-1.5300211857
-0.6191354402
0.7642326928
-0.5490894671
3.0351129597
1.9575293423
1.4043330477
-4.3926511258
3.3112939024
-1.5897384578
-1.0992561061
-1.2832747882
0.8603568959
-2.5475517160
2.0868518435
-0.1130661940
0.2752056945
2.0351690129
-0.5193602823
-1.1029845380
2.8194626106
1.2049790455
1.2091080666
-1.8259461469
0.0819399283
0.9388934868
1.5024399201
-0.9391462895
-4.5309114590
0.8580994987
0.4763345615
0.6772944811
1.6376512309
3.4334907385
-1.8884350933
0.5738541041
-1.3753128944
1.3751362645
-1.5742329020
1.9194935973
-1.2367347130
-0.8285270190
1.5739040441
0.7673181930
1.0185093282
2.6318905658
0.5352415621
0.2038612343
-5.4040950175
-1.5006731772
0.9763629460
-2.4526878212
-0.9953079549
-0.9442276568
2.2297092824
2.3381488841
-0.2286555240
-1.4304552360
0.6497347040
-0.2336004460
3.3951401970
0.3815384485
-3.6493167049
-0.2280751199
-2.8678001489
-0.4222732323
-1.1209135791
-1.5072505874
-1.0883321057
-1.8588288322
-3.2128318486
3.1845568280
-0.5874333368
1.4354135034
2.0096900381
-1.6397968784
-2.0790266687
-0.9494707255
-3.1274781987
0.1451740482
3.4777731048
-0.2522652592
1.5341772574
-0.1743313900
-0.6524483722
-1.0187405189
0.8898828664
-3.9396985538
1.8710268356
1.6745768653
1.6924870580
3.4279745834
0.1156456259
3.9426950662
1.2437634745
0.9927953177
-1.6162716032
-0.9562778202
-0.2718788790
-1.8476258621
-1.9933886548
-1.2264987633
0.1915650839
0.9797769463
0.9293363870
2.4563166100
0.4490205865
1.0794742046
0.3305290837
0.0307313977
1.2655784303
-0.5230546993
-1.4984848125
2.1252502838
-0.2994592310
0.4735744472
2.5390125084
0.1929595244
-7.1974923013
-1.3327814473
-2.6044928419
0.3639635132
-1.4386259203
0.2718272165
2.9362922242
-1.2227711174
1.0046518614
-5.6465367998
1.3180140134
-0.5685297072
1.5784715863
0.2407702191
-2.5169280739
0.1199489693
-1.3418825046
0.2407193444
1.5274314359
2.5151390435
-0.7397893337
-3.8419513679
0.2983239893
-1.1106094235
0.9883117399
-3.0061547760
0.9507762082
-0.7691759806
1.9106467738
2.4492921514
-2.6537933201
-3.6138552619
-0.9588517729
0.4954156841
-1.0899299025
0.3298541735
0.5742315760
-0.3758912524
0.4521554427
1.0530336077
-1.7081353125
-0.4865099990
-0.4079521501
-0.8602810584
-0.2513247995
-1.2159083168
0.2487377819
-2.4903042029
2.0441288024
0.1460825528
-2.4650538718
-0.7269462088
-2.2509713386
-3.7199968889
1.7187205951
3.0692404712
0.6724489344
0.9912254712
2.0777498496
0.5476754084
3.8365626776
4.7368896509
3.2616208474
2.3605015844
-0.1325090828
-0.8128047042
-1.8177499393
0.7905373573
1.0122595199
0.2564220498
1.4862210533
2.2787922615
0.5494697647
0.0290268128
-0.2335059802
-1.1804757836
-0.3171974866
-1.2834027620
-0.5682467902
-0.2727269927
-3.0563546558
0.9246504290
-2.4730681713
4.8069889627
-1.2606927995
2.3295435253
0.4349027227
2.2688376729
-1.5481565607
0.2776593662
-5.5562150713
-3.0735252448
0.0112518467
-0.9819899629
3.3623307054
2.7265769692
-3.3717824027
-0.7322708239
-1.1453269007
0.4081286890
-1.7666197058
1.1034085570
2.9830717320
-1.4687462944
-0.7529391903
1.1657547086
-0.1771920009
3.1312374513
0.3955413968
-0.4088652986
-2.8159141030
2.1188601566
-1.8505063804
-1.7361747001
2.9761013808
-2.7296432471
-0.3089714596
2.5105109818
1.1772902866
1.5818541203
1.4588773696
0.0967640799
-1.7722848613
0.3498376876
-1.1457847393
-1.0663442043
-0.9376721135
-2.0349175884
-2.1850806472
-0.2786450468
1.6463602289
-1.0245408406
0.9386792233
2.4900844081
1.9766224730
0.0651476820
2.2182035751
-3.6843641589
-4.5617756452
-0.4140184674
0.2531878947
1.5871865426
0.3820826648
-1.8969331693
1.1779190740
-0.1141023685
0.9577235620
1.3963824065
0.7257948126
-1.0057900120
-0.6131437929
2.8065169401
1.6652513370
1.3549411078
0.6004537815
-0.3340981929
