-4.9725727521
-5.6301849412
-2.0835584841
-0.8512959653
-4.9605649594
-2.7026366225
-6.5217328627
-17.0934830362
-6.9469402534
-8.7476403805
2.5678918090
-3.4714434751
-9.8731689093
-6.1731150328
6.8017617430
-0.3497581010
-5.0870090336
8.2594869835
8.3737390934
-11.2555735870
-15.6205364416
-3.9033470141
6.0519331246
-0.3950672743
-0.9639667333
-12.5235172078
-8.8177631517
-1.9121460579
12.3478906326
17.5249733308
0.4050349397
15.2033203449
0.5015727592
5.8129047459
2.6737471625
-3.0336421761
8.4538216726
-6.3456387019
-7.0819215483
0.8679241137
21.8053425006
-3.3369386804
0.6173963056
7.4380283480
-3.9964731467
14.8974992925
-1.7734025227
-0.0612826770
-6.9580958777
10.7127526279
4.7693545775
7.3383687115
2.0155257277
-2.4586125760
10.7158861741
-9.4570168043
19.1234843122
-1.1508434022
-1.0697579820
3.6236896308
5.5088547656
-9.1467788120
-6.6969504990
10.6071889967
12.9983828737
10.3403153876
7.9262356023
-0.9149981969
-5.6647100994
-5.7990123226
-0.7364182088
3.3934168953
-5.8275021447
-12.8662413456
-13.7730249309
13.0818067180
-12.3593778032
1.3293581771
-4.2659208926
4.2600185224
3.5139331839
-8.6989837805
-11.0197536868
-16.5355016714
-1.3604273370
2.6276204918
-12.1592884656
-5.2931079870
-11.7894612705
-2.3124321573
-9.3506737635
-5.2422321993
17.1511555920
-9.7676007831
-5.1126701828
-5.3618312948
-7.4155613589
7.4528204047
11.6897837278
-8.6031240268
-13.5388543431
-7.8356091009
-0.6577359509
12.5618851991
-9.7553401716
6.0612091902
1.9087921067
-8.2311869189
13.4368141658
-9.1338720198
-0.1876490440
-5.0916081313
6.0109377631
12.1042628912
11.4731977624
-3.8488978306
6.5475804033
-11.9338701804
-6.7970801011
6.5850731937
11.3286270636
-0.0686155984
-13.7269332366
-13.4156397160
8.3687120706
-3.5361922932
-10.5335899077
11.8770730485
-13.8925049791
29.5298257793
13.7217838580
1.3887517215
18.0262224703
20.4333673798
-0.5546446183
6.6932720010
4.6589323837
11.6347246381
-22.1179448391
-1.2308578212
-3.6591044307
-8.9039282512
-5.1685827174
3.6842011270
-9.5691220366
17.0069719192
-5.4735511105
0.6304613613
-12.7864649758
-7.0694234181
-5.9343975145
7.2201244131
10.4420968761
2.7790581238
8.6083509938
10.1216851113
-10.5087139754
-5.3526576344
3.5160398848
-7.4386528535
-2.8710565644
2.4860517222
1.6110961009
-8.7558366788
0.1287697061
-4.3508358632
-6.3405736522
-4.3016868218
5.4907850547
1.5160582521
-26.9534424939
-11.5967230398
3.0793966040
15.8166001793
11.0726633191
7.6923522745
20.1704902694
-5.7195768232
6.6824823221
6.2339687677
17.4771832019
-9.1470289260
-1.8213546113
18.5828507014
1.0915600353
8.7867978852
5.0611305468
-14.5250575864
-3.1800820361
15.7862932408
-5.9983905869
-0.5536104982
3.6533507816
-4.9507530845
7.8220902274
-15.4575408457
9.6574675557
5.5414752103
3.4705443481
-18.5758519655
-6.2753591750
4.7170033279
-5.5604186270
-25.2959833373
3.6099536893
3.9599633615
4.5081065134
-0.8564866007
9.0290457211
9.7852753990
-9.8330905845
2.3583631338
-4.9200277323
7.6463041609
0.2817381995
11.8024836109
-1.8247135951
-0.9947442251
1.9082324681
-4.5234772317
13.1640126733
-2.9983464715
-27.0370118864
12.4990577223
-12.5314177103
2.4115778714
2.2926952647
-2.4770165586
-7.3047521726
-4.2106893885
-4.9757397898
5.2318440405
-2.8827923206
1.4666413598
12.1697510428
-14.4004121113
-0.2004785403
-0.1992804306
9.0273099158
1.7936149945
13.3032155646
13.2962195878
-12.5329347405
-15.9216931114
-6.6762164643
-5.9831000611
-0.3074311850
8.0602070945
-8.5112311431
-16.1314627287
-11.7479798557
0.5758503679
-20.2601664873
-2.1269716763
-5.6015633432
5.7573837942
-15.4902180490
-10.7561813587
-7.3989804156
3.5695957328
12.9230106287
-5.0722853943
-0.1580581783
7.8214832214
16.3486076640
9.2391536070
14.5933642015
-1.2822936565
8.9619094089
-11.3286074494
10.0854568318
-7.8314230708
-3.3083250283
-9.6694534090
-11.8133276331
-7.5584126823
16.2326799497
8.7294321673
-5.0533055781
9.1114129602
-1.2937712959
-26.3573100018
13.2301475819
-2.9328703838
8.5227605014
-9.7035483584
2.0393101765
19.5439114221
10.5645303959
-0.6955288176
-3.9429093499
12.7601582755
4.3809486300
2.9514680636
-2.6816664570
-1.2514843525
-4.2665623160
14.5128741767
1.5479168083
-3.2644761154
8.1505936972
0.4876805417
-14.7465921226
2.8770014847
8.4416230402
10.6034934529
-3.8243776457
1.5730794117
13.6077823088
-6.5091230922
20.3293293605
7.2639543301
-2.8307619478
-15.9572794730
-2.6232061993
7.4958631237
-12.9747985723
-17.4630354166
3.6031485600
4.3681284119
-10.3582258465
1.0673212445
-11.1258315905
-2.9474689400
-8.1816871235
2.7514572252
-6.6817624105
2.7612806048
6.3118930437
0.5076469935
-6.5865898717
-3.0949931067
0.9914254521
-3.6545988777
-4.5248429683
2.9163661903
-5.6960870192
20.2627261561
-14.4877664618
5.8244946819
8.1306111719
17.1304465959
18.7984010864
9.3431578214
-7.6571239220
3.0390198250
3.2688575365
9.1958979863
10.7586167498
-14.5785836792
-0.1937387711
-12.2942005611
-7.6591952853
6.9346293172
13.9632072675
4.5395182192
-12.9957390203
-9.1577996613
-2.3154524190
-21.7190085469
-12.8448045000
-12.6778899641
-6.9374536857
18.2438241078
8.8823175303
-0.4211948000
-17.9174350568
32.6120157003
-1.2439615755
12.6369780680
14.0348980248
1.1641952400
-8.2698374712
10.4650532127
-0.4413523907
5.7312279679
-0.2028171946
-3.7270536008
-0.9410719244
7.3023283339
-6.5942721993
-30.7641625865
-16.2610374329
-9.6342917116
-8.4442349973
-1.2832353448
1.1292959058
2.8641820719
13.6055891215
8.2946194522
1.7120489962
2.5711677665
3.9558387306
-0.0970892253
-17.3704955450
-12.4927690081
-6.0030895976
16.5724892707
2.3712626377
-1.2662616746
16.4392617293
14.3625689817
-7.8057462093
8.1723080848
-5.6798111085
16.5139519501
10.0060176375
9.0101159167
22.4211365721
15.4507207476
-14.3766785465
-3.2881485342
8.7819657167
-4.5005197186
21.6607471515
-19.3638327445
-9.9399296077
5.6227934818
-6.9501915343
-1.8196320170
19.5708897338
-1.7585837590
9.7332768604
-4.0717160633
-11.2798012565
6.8478307696
-0.0095070792
10.1587946536
-13.4949611090
2.5718998399
14.9166533991
-6.7655564058
4.3078647228
8.7363367335
10.0911061219
7.2656337269
-7.1226617680
11.0983228618
5.4356917545
3.8080474737
-16.7196217864
-13.4941300481
14.1037245613
-16.7213430314
11.6245541741
3.1565929474
-7.4803961834
-10.4176738076
-11.1916621837
-3.8929495972
0.7183683798
-12.4431338871
-0.3035947926
-10.0000433564
-8.5188524614
-2.0114939247
-15.8798290065
5.0278210657
-2.9148699752
-5.9525557456
-19.0069346582
-13.2358977403
-7.9816305856
7.6509503312
18.5846866548
-6.9019193819
2.1591648872
14.9994266603
-6.0120145690
15.7536791137
3.7157156319
10.5165750110
1.8801986465
12.9284470551
-3.2369821048
4.8012152560
-18.4440412569
0.0913693674
-9.3574477055
5.0751758418
-7.6670328319
2.3799676441
3.3426586689
-12.2778106116
3.9135240112
-14.1168547147
-2.8718655356
-9.2374975211
-11.9250447508
8.5906496129
11.8233284915
-7.7432917830
3.9951156086
-0.5852609059
-14.6663283595
3.8911983468
-5.5758675440
11.0035768871
-1.5297989406
5.2876335358
10.3702941020
-7.1432262847
9.9705767999
-4.6776997893
14.2427775689
8.0587264880
0.7440345716
-8.5461213611
15.3975463328
3.6618207164
-19.2099153911
7.3942902271
18.0005658526
-9.5433781602
-0.0680056368
1.2634132881
-8.2272711782
-3.2347719389
11.4463759692
13.3671185787
12.9739843644
-10.2016621384
-17.0974633663
12.9717655999
2.5384967061
5.7621889636
-8.7277482777
0.5940917236
0.1187744362
-1.9865598486
6.9984998109
15.6861062673
-5.3362020723
0.4030579286
-2.6047187387
-13.7144173461
-0.5106444298
10.0267354878
27.1323159815
1.1260355149
6.9793816066
3.8910224386
9.3364472927
-14.1540918604
0.5913327779
0.5830898776
15.2188618367
7.7380333566
7.2116600127
-2.1257353867
12.8636461448
-7.7619841015
8.4260241536
-1.8696840648
-8.7303928640
-3.2135815039
12.9990779933
0.6776880241
20.8226624302
7.4985929461
-20.6607638027
5.9607690225
4.9036599542
4.0354370939
1.1024537546
-8.5174734737
-6.6242554552
-13.8257344429
-0.5619195343
-5.9280153775
-18.5049512672
6.7705261661
-9.0980419230
2.4621840080
0.2579904364
9.2731373216
-5.6870401901
7.6379984355
0.4921202847
-15.6363662573
6.8749229165
-8.7174492221
5.6088392003
-10.0757370490
-7.2717909111
6.1790573598
21.9754387901
-13.0689001839
-3.7224748763
17.2674976779
-5.9632714528
-6.4704343353
9.2375210645
-12.9927594235
-15.5500020687
11.0256870888
7.8014528354
15.8530325580
3.9349342395
14.3027912651
8.1836524857
-6.6810839967
15.1513761164
4.9851096896
10.9962777408
-3.2776832125
-2.9363546043
-5.7812072486
17.1499433685
-1.0387690295
4.9072777440
6.3895364610
-2.5313032295
-15.9725121296
-0.3044478286
-8.0297948467
-5.1477761414
-17.5410903722
10.9887735129
-1.6855048669
-4.6264319718
30.9143280973
8.5383469791
14.7223573804
0.4793041339
-6.4997355955
-21.9091177218
10.3776640257
-2.4008901658
9.1763978597
-5.5994839412
-15.2397263400
19.0740000967
1.8986510484
-10.3897218163
-7.0869225068
6.6947365517
-4.2922778493
-19.0265701596
-11.3550956798
4.0838396833
0.7108048409
0.0917110404
-6.8728136312
2.7675230281
17.4163994591
-2.0387290739
-0.8284913776
10.1052884199
-19.6318789916
5.2440730893
-10.5674543288
-9.1660686993
11.3882230713
-3.4012305000
6.2651000728
-8.9783781781
-4.4736862792
1.3595346928
2.6192938468
6.8540347494
-1.8410715907
-3.3493855819
-2.8005454657
-1.1608279151
3.1936943174
12.0987798663
11.7880281559
-6.7302416010
12.3109131259
-12.7432232750
-17.3610203021
-7.6591965102
13.6091605819
-5.8284839940
-13.8950210813
2.2536127978
-8.4431793156
10.6885127512
-13.0882148244
3.5383335439
-12.0464661604
4.4229647617
5.0945154125
15.6808870210
7.6831156297
-8.0884057639
-7.3629752851
-15.0556013026
1.5989327740
12.8216550659
-15.8808332980
13.1592738038
-2.3035975583
3.4712936014
10.1053093075
-19.5340803523
5.0506114389
-4.3945947134
-8.5769202212
-3.4444514878
-5.6531576469
15.5092802598
2.0550152048
-7.4022077098
28.3459448924
-11.2963972893
12.1452928393
-1.7858707315
-13.7000209417
9.2545733241
8.0996306246
-12.8532137766
11.8600310131
7.8264140134
28.2079103408
-18.5863285524
0.9304876641
-4.0992691356
-6.7707728705
6.8094418096
10.5983089001
-10.5834764002
3.0481506487
-5.1603893044
-5.7403313151
-8.9486178952
29.6924694119
-6.6122898280
13.2407799864
-6.6384803026
-5.2417717773
-18.6849751178
-2.1008011929
20.5720877229
-8.7524151395
1.8798017274
-23.2227720049
-22.7115071589
-0.9598399106
-2.6827225270
-5.6471688925
2.4302179923
18.2768070324
-7.4980574862
11.1146249424
14.4819901680
-22.0763276531
-4.9163259542
-12.2153740739
3.7654243815
20.6322916842
-6.3952447071
-24.4473354637
-5.2260863395
18.1008087130
-9.6751000522
19.5385775886
-9.1530191584
5.8802008238
19.6190709631
-15.3438753368
-5.4789125778
-1.4220099129
2.0541368238
-5.8433158536
4.7619240343
11.9206622948
20.7431217555
7.0236462048
7.2396788434
8.1523840367
7.5724784145
28.7650340128
-5.8545748546
14.0408033244
-12.6145004349
9.3403664830
2.6901733707
-2.6270556978
-13.4734487786
-12.4638026443
0.0442413213
-2.8768793181
0.7009745392
9.0257947136
-4.5479577577
-10.4559759593
-0.7131677675
14.3618974925
-4.0614767286
12.1718963449
-11.6440516927
3.8583515082
9.9372555214
-3.5574610008
12.2269601212
4.7192419561
2.9164598293
10.4992781741
-6.4644391523
6.6560302363
-2.2760298738
7.6788825675
4.0331615301
-1.7639879004
5.8012277986
-4.2531026580
-3.4159869588
-10.1057772129
-13.9913493677
-1.1192122006
14.6886686586
-17.8792027989
8.6794816040
-10.9465910549
17.0803668627
-6.9172139711
-10.2438999779
-17.2121890177
3.4671671808
-18.3480007292
-6.5794178728
6.2987235013
3.7967941199
6.8982524638
-3.0947136298
1.3108949647
-6.5500350173
9.6322659950
-9.4903364288
-1.1178250194
-0.5597464094
-8.0911843379
4.4385218938
-16.0421945215
-19.5817228785
2.9445779766
12.0529832014
12.4146028003
-0.5420944706
-7.3124788461
-4.7120810118
3.8784737731
15.3669366292
4.6523864998
-1.3071059484
-18.3056737513
-11.1760550793
-7.2498390623
-2.3719478670
-2.7422281807
-16.2138710750
-14.0597650623
-0.9926685565
-0.1400457669
-21.1839304414
11.8540359809
-5.5201401221
3.9191815678
6.9522285497
-20.7317027884
12.9294184072
-13.6810803148
-0.3389567598
-2.1048399043
-23.6871894847
5.9701950853
8.8784508048
-11.9302445940
-3.1528349457
11.0314480991
-12.9433807803
-12.2238361831
5.4960439598
-13.8082455695
-7.1678352128
0.8864949192
-8.0280139057
3.4886259467
2.8576513869
-9.3091087900
4.9983167684
10.8373389700
-3.3150604871
12.8991579842
-7.8279206631
-14.4477112315
22.2084772624
9.0928175961
-18.4103835131
-4.6905526012
-13.6628699080
-17.6395596756
-2.9430683629
-13.0101762060
5.9894598771
6.8975889493
1.6446319842
4.8205509684
2.4299867052
-4.7056957277
0.0634302192
7.3592125329
24.8206881106
23.7016800039
3.4933517084
-9.5371157237
-1.9647866776
-2.7207060393
-3.0475484111
-17.8126138579
7.2328137743
1.9064149959
5.6265501831
-12.5327772976
-1.1419157352
-21.3590815005
-13.6268487445
-8.7162119057
14.4303151851
4.0237574418
13.5540392548
17.0682881777
4.6547021535
5.3324140343
-11.1137018686
15.3564009917
-14.3327019247
11.9957594633
-10.7035948223
-18.2035880875
-4.6066158316
-3.0651752577
8.9575791365
-13.4100785600
5.8607815518
-5.6255540094
-4.9850308753
-0.9707953719
3.0319094052
-5.2271022111
20.1067236662
11.4777537931
-2.9819378896
14.7490797816
-9.1016679191
-0.8397091553
21.2862778293
-1.7491127602
-0.4228538609
-12.3441947309
0.2493119746
5.5531197411
11.2185989545
5.6391201364
-13.2063159995
4.6359839477
-1.7146989116
8.8186944950
-9.9415539449
7.7985483615
-1.4740078242
-1.3878822575
10.0668214624
5.5729200224
6.2210945758
8.6420915950
6.6838148744
-9.0489261667
10.3529685142
-21.9700732010
1.5436043355
-4.7094243233
10.0584500562
-1.9268532379
2.8480390726
-13.4320338070
-15.6889057154
12.1682414240
-26.6307217254
-5.0082244510
-3.7714296501
-10.9297414384
1.9983907518
-3.1809349617
3.5770421598
-2.9620172418
7.3379952388
9.5776780630
-6.3587358357
-0.4791788908
14.6694544418
-0.6285906569
-9.5462579909
7.1855046677
-0.0490527191
-10.2280659575
9.3045259994
-17.8973872496
-7.8249394547
