4.9372315878
-11.7805217989
25.8045591174
23.3667362361
3.2482641560
3.9903466619
4.8347374091
-12.1808052407
-18.2106319270
-8.9107837350
8.4878707320
5.2215424029
-4.3819847824
-8.6304345080
10.7272266094
19.6065824845
27.7589736369
-8.7948997335
-2.3742453336
-0.5132490409
-3.9352231686
-15.4837961723
26.6681364999
17.8676815605
-10.6736356171
2.1039043963
-12.1825505957
21.5705755752
-0.1240125803
8.4992536793
-11.6371025498
-2.1960276350
-8.2524974527
4.3121077336
18.0037551277
2.2243585202
2.3578351951
0.9395640311
-10.4255182866
15.0576258052
3.1039903970
6.6877929464
-39.2665858192
2.0777545551
1.1600775443
2.5742333241
5.3292961798
-24.6470853742
10.6275040473
11.8321292682
-0.9306598472
-30.3701026945
-15.1846814429
-2.4751308053
-6.8779605899
-18.3845012939
-3.5641886629
5.8163164344
-17.0937863530
14.9759960504
-9.1368843653
-4.2137463454
10.0654457270
7.4930119337
2.3931041482
9.0815166837
-4.9565885073
6.6261157584
3.8701691627
1.5150934908
-23.8172706478
-5.5838591054
-45.7859808785
-9.2465945649
19.9828763641
10.3593231207
-5.2354591872
5.7580483783
-8.2402857878
-2.7715649694
-5.8524397576
-32.8541868862
2.1011429058
14.5374659349
-35.8574623743
-0.0137934041
-10.3230540648
4.1048736286
18.1498251512
-6.1200081730
16.4446662897
-22.3963077064
-7.7052763457
1.4015754184
-14.8482446197
-16.9061889243
7.1593995392
12.8094316057
-15.1753100697
-5.7603197336
20.8341301025
24.6759419130
-6.2399896359
12.7813815874
0.0569623405
-21.5368360796
25.0581039795
-23.3951675842
2.5903324579
10.5193019946
-21.7259235200
6.9330666936
-13.8853814015
37.4630176980
-11.3759608771
11.9050847072
19.9895362476
-1.8911801211
-5.5406034381
19.6782994484
-9.0015630714
-12.0771216554
15.6755611372
19.8108021908
9.7336586692
26.3319535519
6.0844329507
-32.9829270341
0.2624419545
2.8132038636
10.1571326550
-21.3325357472
-13.2756219106
4.1779939556
-14.8549481517
1.0513238987
1.2035673179
0.6000189887
-8.1872064970
-5.8229042854
-12.6554201945
0.1687272779
23.0359763709
-8.8259193027
0.3901118974
6.9469804124
-42.2387001243
11.7441782304
-5.5037868822
14.3866660265
-9.7260217892
-9.7723180248
-36.8948003506
7.3804012503
-2.1951501397
-18.1820895529
-9.7311909077
-20.2908927845
-16.8394018762
2.5080438775
-5.1528390384
-4.9148157184
11.8460869016
-2.1981314910
-5.5144847297
-3.3663109777
11.6360764189
-23.7590969316
0.0726780046
-14.2711656971
-14.3536733707
-3.9777822749
-16.7056440498
15.1125247149
5.0275562526
-20.9833330843
-5.5224040765
5.7586470689
-7.8689312469
-9.0597679746
-15.3296588804
12.3868805374
-7.7972057549
-5.0142561335
15.4625893573
-7.2622158303
-24.5006843725
3.0329533346
7.0719860120
-21.5681260857
1.7746060321
4.2408199042
0.0038524640
-9.5481552950
-7.3373220953
-2.7154509361
10.6039220097
6.4061261925
2.7267924652
-1.0342156655
-26.1912245145
-4.5462983937
16.8221851036
13.6597990842
-9.3430071855
22.1697757343
15.0727412545
10.6547672494
12.9155142926
-15.1469896666
-22.5577496720
-26.3324175015
35.5534719203
-6.6358199536
21.3116615070
-7.7183244890
15.8084009153
-27.7497067641
2.2007447610
-19.8147856803
2.0929734360
3.8275017251
-13.4824359106
14.7682288625
7.1973460519
22.2180560739
-22.9169078224
11.9352502121
-15.4737408878
-5.7216747907
-51.3439200104
-27.1302158419
15.7359629907
33.8682123444
-5.2098315128
-12.9495230544
6.1594724339
-6.3949039282
-10.0785860579
-1.0490979409
-0.2314019469
2.9878403111
28.3647199158
-5.8102148589
-19.9160384426
-3.5086986488
-21.0262739850
-5.2912953504
8.2419580121
0.2342818508
-5.5014608434
0.2509751028
28.3146947259
-26.3575735650
-5.4747211166
0.1408804690
-0.9000373865
-9.0142075632
7.0136794650
-4.2426939953
5.6537311166
-17.0358346154
13.6219965434
0.0369750485
11.8897007049
-8.0692437311
3.9265492279
-11.0824433139
-16.9545663121
11.5065211172
-8.5847876623
-30.8630347670
-7.9294927452
-30.1953762372
-21.9397861264
-10.5170303881
12.7372585697
-22.9150135165
15.5051750780
-4.4899122567
16.1952519894
19.0658088018
-13.0745094050
20.2833416967
5.0186851727
-2.9885309487
-8.3752246419
-18.9769312763
-1.8002455872
4.5264218988
19.9241909584
-24.2836074878
-3.6300832160
12.6286232883
25.7408387782
21.6120793203
27.3597648454
-5.6115512539
5.4527376639
22.3112507858
32.1604645287
9.3504250492
-12.9517796455
9.4837946664
39.1087974848
-24.1563923142
-12.5270199612
8.6555812821
-12.7813595702
-1.2117015829
-0.7217264050
-23.6997238054
52.9496642451
16.4331189779
14.4405518093
-21.0980258867
-2.0148608966
-10.1523600826
-6.9701235209
18.2888959486
-9.5449429183
33.6617303685
-10.2409291310
-19.9887101014
-14.8017510504
3.4326523652
-7.6866572086
-30.4893441387
30.0612329838
1.6406202948
6.8618113016
-9.7843449308
21.2187360784
13.9445883166
-23.5789208875
21.6754199076
4.8653864774
-10.3263424265
1.2994665947
43.3807382163
-10.5351761094
0.3700808810
5.3061961946
2.6144766690
7.2916418748
-6.8039862695
-12.3848992035
14.1418858526
-14.7402266936
7.9750314407
6.9922965674
20.1150975612
-11.8476794630
13.9189001838
11.5826377544
14.3091202898
6.6648143090
-0.9729141639
-27.6493997993
0.9729559860
14.5479727388
-19.1909795765
-22.6704213849
18.4612086082
0.1227217533
-13.6936922422
20.4215464911
-1.1895681071
8.1460224884
-13.7689252784
14.4964164703
3.2922021922
-7.5288643844
-2.2801254014
-0.5407740430
9.4207732096
-3.3110697987
0.4717189467
11.3884741740
-7.8229694793
-1.3203651107
-22.9185296791
4.7625918674
-27.0082682617
0.6958015347
26.9290374043
12.4242120308
-40.7668128682
36.5034312646
-13.2493577641
3.4807725339
-16.0719017629
13.1447434601
15.3067128583
-16.1916109945
6.4613793241
1.8684310977
2.8960792063
7.3380707546
-20.8201130047
-4.8120708321
-28.4623879224
8.8654376450
-3.0408466772
0.6670613773
-34.1620088450
-2.5970960666
24.0511560119
-23.0827969331
-3.6469257104
-25.3822411145
-21.0344296454
-11.0135022830
17.6042172515
13.7300143220
-10.8760270650
1.1899409625
18.3483111914
-17.2193516226
15.7121093509
5.6847585028
17.5764769245
-15.8084067719
8.8012600844
-22.4956725778
-8.8357093178
-0.2507806427
8.2537864193
28.4536432301
-13.1677475376
5.3953865463
-14.8791440095
3.3284569816
-1.2883382341
12.0920767120
-26.5440375225
-13.1620325668
-3.4782234433
4.5473770620
17.2294860040
-5.2144447119
-4.8484685096
-3.2112391737
6.0852078382
-4.7754580068
12.7812322759
-33.4090399982
8.2959804857
7.4374462567
-0.3517805049
12.2983184267
-4.7301188581
-0.8664187042
2.2002778007
-14.1851035796
20.0465484258
11.7648469834
-6.8453542760
1.7499676795
-15.6391856680
6.5314093189
-1.9992762291
-1.2363587114
18.5598805339
2.2837957609
6.5941152583
8.2988601556
-25.6976906484
5.7295245792
5.2283369217
-3.5265399944
1.8768123854
5.1643065542
15.7285366907
-6.3207791271
-9.9256030724
-17.8202661169
0.6368425647
14.0050171801
1.8105796823
6.9276409014
12.0344451776
13.6987374331
1.1689933911
0.4772137641
-14.4193465289
16.3303982536
-5.4383234047
-2.0802416383
9.8820113109
-13.6514343736
9.8878801672
5.8732278843
-14.9836970763
-3.8543448688
3.3029123963
20.7079349901
-18.6449854647
8.4166219037
29.2537567022
11.3042748076
3.8494651728
-17.0846120478
-1.3978412731
7.7236226316
-8.0370558714
-1.0514396110
-16.3721043638
14.3289555367
12.7529081309
-22.0430190770
15.8071808333
-10.0418414661
-5.1051764614
10.5406611480
6.3648649907
-9.3025750080
27.2905924540
-4.6566825350
18.1102259962
18.8443271763
8.3983482320
-0.2403756401
-9.5435214907
19.4389613099
10.7684190972
-6.9147321039
13.6480429685
6.2946095744
3.8482632980
-23.0856388480
6.4179375607
-14.4641226445
23.7035985076
26.8748372509
-1.7313612704
3.2938756340
-4.5059999712
-9.0268724116
4.8979821269
0.5774609631
-11.1918488986
-15.6574500684
9.0742096796
8.0610454348
-29.3514701816
-23.8262112530
0.2612670588
-22.7215316695
25.2710666025
-14.2336306257
-13.9814999212
-24.6763903707
-4.3057101552
-12.6275629200
-10.0939300385
9.6262132806
6.5652057136
-2.9750582184
-16.8171518038
-7.7018823905
-0.9132819094
7.8965793653
-7.4988861174
-12.1589517481
5.1748308461
18.0450833336
-17.0645822603
-0.2972057272
-17.7218932719
22.6785697701
8.0147331748
15.8399317663
10.2062188864
25.1424050567
11.6835012790
-10.3416828543
-15.4970022560
24.8409264855
-5.9972617322
12.8701045707
-9.1745676280
-2.3487486428
-10.3261301729
-7.1436560304
10.5648725220
-24.3936675486
7.0078716800
12.8339742263
-1.5995039545
-1.5610734797
-2.2119829051
1.7927363935
33.7184647850
12.6625745841
1.4853374358
1.9209607332
14.6644198201
-8.3741491685
-4.7736545176
-2.0663590779
-3.2346295649
25.1498595134
7.4098516508
-5.0626676603
-11.2357211436
-29.4775531636
-3.9667877204
-4.5626244054
36.7232882907
-27.8615623327
9.2248423345
23.6456783536
10.8286523027
25.8250426914
-22.4782829553
-1.1729653238
-18.1586336062
-11.8885370094
-11.6297405084
-14.5622466963
12.0868663787
-14.2568389815
-5.5696611192
-10.7719883799
-5.0317000195
-6.1083495173
-33.9441583234
-12.3861301181
-7.4500027243
16.8270890798
1.3822090290
17.9181854493
4.0758892282
-0.7871733433
-17.4914827179
11.7601393549
-3.6034963284
11.3961941382
12.5034224549
-0.7345950269
9.4558357771
-2.5334055124
-31.3243834963
7.2168139949
1.3993979923
-15.9107634996
-0.2527005757
29.2758195175
2.1439522089
1.9848374620
9.6413852794
-2.0242705073
-3.2925715193
-5.8775592606
-9.4495172808
13.8095210834
9.9853870893
1.5892245255
-28.9826992399
-13.9376420870
3.2447504207
-6.9983771515
-1.7420665661
19.1560908232
4.9280734273
-0.7466081518
19.3752556847
8.2547416609
17.6532153606
-5.5627294586
5.6158563437
-0.3111535244
-5.3218931464
20.7057124827
24.0787448928
22.2584097947
13.8923032737
-12.5032801021
20.2340270382
-7.8684439467
-7.3577879047
31.8931221312
9.1443432605
6.5082675352
-15.2226647371
5.6912977054
3.3313452460
-5.5101755994
-12.6460127647
11.7197144543
12.4830001984
19.1883268939
-19.5703382719
17.0367620199
-4.8717600423
6.9953337386
17.5702937934
-1.3469866803
8.9695427208
-3.8710064917
-3.9632346490
-24.5261897980
-5.1510634850
-1.4529836203
8.1511928439
19.5785899190
4.1340877711
5.7784018981
-6.9811320202
-0.8987065051
-9.3409561195
-6.3168266257
20.1151685081
17.6420068962
6.1681552780
-8.4767995158
-7.6569628775
3.6392761861
9.9451029928
-5.8736037503
-3.1651209872
-3.4048081446
21.9297846998
-4.6785361253
-9.2038817213
14.9313328929
-3.8494118601
3.1948754822
4.5125769437
-26.9044689615
5.0839204756
-17.5809165625
-16.8717607748
-6.8354279272
-5.5383963844
23.3920673471
6.1023874618
15.5803610964
1.5127797815
-8.0619621946
15.4910292829
-14.6169192824
15.1529515662
-1.0838008652
16.4623853976
-17.2496221018
-1.1691141005
15.6800675985
-1.0598197838
-13.0690440321
-17.9638687947
15.7447985379
7.7158097873
0.4113138120
13.0266608482
18.3522837572
28.6708751870
-35.7415586922
0.5192709895
0.1465604516
-25.8382485785
22.0751923755
2.7227919505
3.9638487063
25.0613961975
17.3383058594
15.3042064132
5.5996816389
4.4766957731
-29.8245046239
-0.9121146175
5.1673890443
0.2547869902
-3.8715027999
-14.3868619505
-8.9073153606
8.7434638935
6.8978249496
4.5312409769
3.5572309847
-8.7430809713
-13.7172262007
27.3154447872
16.6177413003
11.7201762674
-15.5538702724
-19.1449096856
15.0668801911
25.1496027560
-4.7296218125
1.3177151010
-0.8603984223
-12.3420233859
23.8841881437
-24.8705536999
10.4021211941
-10.5316172795
20.1522662386
9.2145387245
7.9473428321
-2.3470910188
16.7386915978
8.2540539147
12.0751134510
-5.1989492990
16.9663820505
-11.1745911619
9.7225010718
-17.9536336711
6.0148427410
-4.8290573696
15.4172938753
11.5912287484
19.8751476256
-16.6462457237
-17.1307816232
19.9350998410
17.1864001024
-19.6110961282
4.7383844399
-13.4159825728
-19.8354045184
14.1552385820
-9.5094407593
15.0665929561
5.9211621659
-1.5092098197
-15.3630137324
-8.6222682526
-1.8376580689
-23.6555986264
3.6036992297
-25.0436322414
-16.3348414558
-7.8148152450
8.2327014863
4.6727785310
-33.7132401170
15.0854091872
-3.8206861432
5.5318591905
-4.8888052271
5.6835274898
-14.4045553238
-0.9702017813
8.5645112225
7.9938930354
0.3023942113
-21.2820922227
6.7101654156
9.3461753578
-10.0919631377
8.7062125297
19.1578026326
-0.6458813752
18.2062799890
16.4118722208
-15.5459873270
-2.3273744450
-1.7094035009
1.8514161408
26.8360139194
-6.2462393736
1.8654466746
-7.1326131087
9.2554138406
2.0392208853
-6.4315437439
18.8959209061
13.1721135569
-19.5434812377
8.3238040334
18.0641050944
8.5667506187
2.5825501701
0.5429921388
-20.3043947810
10.9015486979
4.4422394441
42.5101702385
14.5914357643
4.3743477814
22.1877999355
-25.0584572650
12.1690952464
-5.4793333351
-0.5649628552
-10.0375755812
14.5868498191
-6.6327563758
-15.8689239181
1.7618369481
-23.1674400782
8.8806191157
4.4026995661
9.8897344860
-21.7838160796
18.5316322494
-21.6595059509
16.6084461192
-1.4458119026
-4.5383250894
2.4416280554
3.3748258675
6.7443055068
3.1865284389
3.9087668737
7.0963664565
-3.9343989557
-4.2238455087
-37.7248813197
-19.1823531212
-4.0823126808
12.8618481251
-15.8969988687
-30.9981613486
-5.7923442190
-5.2239546348
8.7885232390
-15.1820487532
2.4813469490
-2.0213611436
-10.7568204877
13.8376681804
3.2427163143
-7.7729823823
7.8761040922
-6.7156435998
-0.3238049316
10.5976797605
11.2166203032
11.4167079159
-25.4255824075
-15.9832007769
-16.8805010331
6.8750647411
-8.6352267887
9.6062482069
22.3936011466
12.3685105040
3.5233995377
-14.8696108407
12.9313912434
-4.1298209318
20.4585770779
34.1232328360
-18.1924565704
-19.8033409119
-3.4365602249
0.9755007860
6.5444915099
-7.1199104764
-6.2600999997
-6.4408996768
23.2646425460
17.0583800263
18.4814825937
2.1101508382
3.7569526653
23.6221068577
-18.0117836884
13.4443286409
0.7278350238
20.5755838492
21.4861057462
3.6865355991
18.1349799910
-5.2742188769
26.2951751318
-18.4633504327
3.2062128875
-12.0256268435
-10.7589686214
4.2242757561
11.5683958870
-18.4660878867
-20.7566785761
-20.2924717112
-5.2976035188
13.1462024298
10.7248994119
22.7339795388
-4.7529359813
1.1761525989
-45.7069863666
3.4581418734
-7.9099954958
-12.3520673949
-2.3642129539
8.6328613677
-0.4189887482
9.4752086361
-11.1368185855
19.9299958615
5.1859083274
-22.2838095045
21.9681473329
-10.1539783746
-28.6641840984
29.6569394994
