-6.0399204704
-7.4772232417
-6.5694989194
-17.8951247924
-12.8541954811
36.4916456294
15.5089305173
-30.2743512964
-1.4046265546
-28.2995938812
35.8237277022
-2.1962063780
-20.1502668329
21.4003244885
19.4101574539
14.7311613363
8.1461566761
-6.8437050363
-11.5825486354
28.3361536685
26.5136036887
-26.0768137981
0.6105483071
-14.7637551997
15.5413424789
2.6030114717
17.8592354751
-14.8397833277
19.5339949202
-10.9615518905
-17.2185029012
-6.3751477110
-6.5626922287
-21.4833090362
-25.5039104858
12.4182290820
-0.1693512344
8.6968326226
-44.9262282961
15.1265064104
-22.7049964173
-4.6660986903
28.2695964586
-2.9524097090
-11.5353415681
0.9965804987
1.4109344111
30.5924497361
27.3307292696
-1.7461228775
4.7220966320
-25.0728758942
7.0424592946
-1.6769671466
13.3648009129
34.7228104044
-8.5866054817
-27.6167383400
0.3840712154
-12.0481280746
4.0718816549
-10.0532198712
-26.8446819913
14.9939026936
27.2210708011
21.7757386568
23.8443473907
1.0558892974
15.0223829292
-16.1415909497
-10.7848470691
-11.0757329979
7.5390865305
-31.5259999844
-24.0025749929
-37.8782022288
-35.7193438213
1.4561102065
-10.2723043090
19.4816970909
0.1389655487
7.2655973898
-0.7688481266
0.7077863954
-10.4339738383
9.3876313704
1.4472645187
-15.1728412994
24.9302528059
-1.0003332637
6.9305236102
-9.1234269785
24.2715209794
1.8214726658
-28.8771860259
-16.8035575849
22.6425964365
-0.3312610807
4.1415553373
4.2652965536
-15.1388446974
24.5422965792
-11.0105998127
16.4801534734
26.1234197989
12.4640842760
27.1532210314
-4.6840740996
-39.0941046497
-16.1687260938
-4.1308506681
-6.1916953429
4.4922374218
-20.3813813470
-6.9244780301
-5.1995258008
15.4575156526
28.1168279387
8.1646620845
6.6553329216
-6.6476744565
7.8075423423
-5.0583590084
-6.4704864930
-6.2476956476
9.9209874248
-16.2721440498
7.4129677694
28.1368690871
-4.8694854138
35.9094317359
-9.6418880367
4.2016757851
0.5760347298
10.7705475043
-14.0672233305
12.4643301863
-10.8833260210
-37.6743280250
-4.9611175564
-13.1533287908
11.6346798360
-29.6868070949
-5.9987244457
13.5402094085
-6.1397429562
-10.8283100339
-25.6312927870
-36.0411012162
4.3262272248
-10.4963519072
18.7519315002
-2.4580695169
-22.9527459330
21.9792777734
16.6479669775
16.3987830136
19.7500204726
5.6475900370
0.9883967187
-10.9166436487
4.6736247683
-16.1869108975
5.4551505815
36.2195128313
26.9301590944
-31.8460908159
1.7243323912
-33.8353869840
-13.2674960496
6.4633265654
-9.6424264565
-22.0036996782
-12.2871815029
5.7805869401
0.1802426122
-38.8840453851
-0.0776724298
31.3617019110
-43.8553621338
-38.7430725785
-40.6075106735
3.6367706049
-9.5609986787
-14.7840345186
-4.3102086125
-26.7263469612
2.9617075706
-8.4935369219
27.3227968574
12.1770477081
-7.1111867116
14.0365015598
29.4242033813
-1.4353658884
-22.5447418215
-13.0155484426
24.8711052870
-13.0878196961
-1.0976137190
19.6168606265
-4.0612617614
4.1802567164
13.7151576343
-29.8899089688
-13.7428561611
-12.8900534143
14.5324931570
-12.8616175185
4.9969107133
-3.7611712834
-7.8025037900
4.3307699776
-15.7192452346
12.2675407766
-10.5890460596
-11.6307689436
29.6969001014
2.4164912023
17.9854573861
3.5790800645
-35.5482087514
32.4940868942
-1.4671681761
-14.8294716059
2.7873662515
-27.2740037052
-6.6276025276
14.8273314783
-4.9207646048
-12.3384101709
4.0364620910
-3.2978496477
-14.7046586383
-17.0726879861
10.2047403333
5.3777329947
1.6778947452
18.6521203156
-14.7425030027
-4.2557162655
20.1061764238
-6.2027761726
-4.1929601430
-9.2314257961
16.7356733297
-21.5715724942
19.0876285286
10.1800719724
-27.6791838063
-20.2408848959
-43.1414231864
-9.0174964329
-7.2213169737
-14.8434289642
-23.1465510051
28.5053310904
-8.9818077085
-4.3429894168
-25.7277060111
17.6576702883
17.7074267968
-18.6801630394
-1.1864857799
-5.1445234413
18.2772451617
-10.2700847570
7.4329321711
-7.4440667595
-7.1172735013
-13.0058820540
-1.4890769353
-0.4719641515
-3.5748572298
-13.2164194752
-9.1284228703
19.7892054305
-9.4891809864
2.3337689858
-20.0045998063
-2.5837685548
22.2501183809
-25.4933134835
-11.2265572570
-22.6816129252
-14.8846744190
-4.2664629605
10.8383643113
-12.6809971054
11.2865450383
17.1571560834
4.2125543197
18.4296092154
-30.1343607596
-23.1394710128
0.8266577750
17.2923774324
-8.1286858642
-0.3967057342
-7.8705370301
0.9986178561
-30.2670073255
11.3885469997
-26.3244227012
-51.3859140110
-0.0073663370
-21.8395862302
10.6818168786
-7.6928556443
-1.7812448325
7.0017057113
22.8983995101
-35.3112753050
-23.0619305561
-20.0812048447
1.3291585970
30.3815030532
14.9433090765
-56.3144979751
-21.6786504530
-21.0044766415
-30.3257191801
-6.2409423550
-21.8702696094
-14.8304184440
-23.7126304444
30.7074545266
-29.5092856610
-13.6229374003
-14.7301860100
7.6810104302
8.9728369129
-26.0837457185
-9.2280966020
-30.8552539725
-1.2648906076
14.0358533357
-38.1088485126
-3.4375912174
9.2158773279
-21.9019549399
27.6821074829
26.5907712369
-21.7947969773
1.4871435582
-22.6437489143
-12.7544736159
38.5204928954
13.2827223361
35.7220200817
23.8322263666
-0.6452417056
-5.6222111321
-18.9535265287
-2.4522091996
-20.4217609923
-2.1375908323
-7.2149755127
22.6843526036
11.8667391276
-25.2596354516
21.1423998286
-14.0416941732
0.7196622072
-9.8664774389
-21.7777479594
11.7685567006
19.5106130675
2.7860964510
46.0862741233
-11.8853840217
23.2061746001
14.4737164371
-25.1495267980
9.3809738956
23.8536005012
-6.5831268472
-3.6109686394
-22.2587226196
16.9157778068
-4.7204858690
22.1547036676
-10.1734630377
34.9073752381
4.8841359215
10.3732988679
0.2051417720
-10.3584883718
30.2072884076
-13.1821596665
2.5824743224
-20.7899622778
-17.3205292607
0.3600994797
32.9723373379
-0.5374668811
37.8223274302
-21.4904250993
6.6974420580
-10.6757007440
4.3445316784
-31.0642754379
-30.3291652665
29.2601239927
29.3146189440
7.6551390733
22.5132280031
-25.8058903093
-12.1996638400
-18.0186327239
8.1973983482
3.8284956984
9.0272496145
-2.3893825204
20.1973025719
12.0742015698
26.0376415414
24.4489997725
20.2698996823
3.1402069830
-9.1915268233
-9.1185754022
5.2403556968
-29.4814992195
11.6061958645
11.3366539862
-23.5296359514
14.4367003838
18.8206927683
47.0592865271
-17.3155041504
-10.5775190488
-7.3487912938
-26.0920644767
5.8804076084
-2.4708590597
-1.0089105453
-11.1893453710
-0.7976502756
-1.9864509173
23.4908536815
6.3326481790
-17.3933480923
21.8633602334
28.6627565845
-1.6956518503
-8.7190907176
-18.9238450412
7.0975131551
-23.5055131602
23.1427129982
27.0175455291
-8.1477519569
49.8408267610
3.6330787753
-21.0253005382
41.1107479204
16.2263766721
-5.7805498230
-32.0072684789
12.6164181438
-0.2362357658
0.7219998573
-6.4682786482
-2.5390878792
16.7843719020
15.1016432889
23.2638545073
-9.5930647320
-21.7638634999
-0.8963320857
-2.1701586466
24.1525644144
-8.8886598107
33.9439255090
-12.1650071514
5.0663819620
-6.0985473361
4.0135324149
-5.7808691761
-35.4654901638
3.5728066439
-3.6750180621
-16.8241177524
-1.6519322032
-2.2792176766
-19.6693813048
-4.0192332842
-21.1102227004
-1.7255869047
13.3527050103
-11.9234653088
7.2163753346
1.2826431197
-12.7069520432
12.4178540576
2.4894437013
15.4849500878
-8.9172952669
-2.7979283077
-15.0811811816
6.1144073641
-8.6550106740
-16.6129409619
2.9327841712
9.0798272159
21.0718816397
-18.3682049495
-40.2431379852
-7.4241697858
7.7170509243
-0.5947476150
-28.5744782333
17.3606454761
3.6005803636
-5.4092184109
-40.4339870175
9.2694184054
3.3342583107
-31.0031660939
0.4076782037
8.7545203461
27.8360215276
-12.0916152953
26.7302991435
-9.7572947788
15.3005942361
31.5942010724
10.5650567389
23.1317347839
3.6572991816
24.1030542209
36.8993520431
-0.6717417629
-8.4801922695
17.8225021648
12.7835029730
-5.9682985383
9.9090579902
9.2673878837
1.8624985439
18.5804610033
12.4754855116
11.5638334893
-12.8986000842
20.6716640708
-33.6716988629
33.6674798811
-15.4647384468
40.1125403999
-60.7407231039
-11.7648495867
-29.8150221982
26.3786860608
20.1908783631
15.2703265973
22.9833709191
-24.7976990065
-12.6233617967
-30.1978267217
-16.0419871165
-10.4211662038
-5.3890786075
-19.0224662203
20.2556005747
-0.5570969835
-6.0929092757
22.4016399425
-21.9239530994
-19.7714550163
10.6277295285
-10.4238359620
-11.8563964149
38.6740630861
22.7354772734
-13.7354758597
-16.1927559953
6.7247475597
-28.7350910403
-11.7475036518
-9.7657729631
5.5295315343
22.8760635187
-7.6924679965
3.6589139177
-12.4652586482
19.4383187756
2.2707435073
5.9108252205
-11.1192429509
-6.4749669665
-13.5941185273
5.8088681635
8.9493652734
-12.5769285835
11.3865962367
-22.6826106020
-13.8161438514
9.8280092209
13.0376386842
-7.1040188089
22.6518464623
14.1567894023
1.8641381947
-9.2939815882
15.0958924158
0.4971515299
7.3657267858
20.1417561012
-17.6209733520
-30.2193136209
-15.8623870689
19.2881817202
-14.6541870304
3.6400782389
1.4520868128
10.9415088238
8.7418595121
14.4401896507
-10.2711274992
-23.0090437882
9.5590501658
-29.8842403076
-9.4200387494
-13.0267955371
13.8743849316
-11.7637885675
2.9600827141
7.4570566175
5.3154766755
-6.3642225225
-2.1007966916
14.2198228737
4.6385612223
26.8142030895
-4.8815744352
13.5124842092
36.0254515685
5.9158950464
23.3130748209
23.1850937316
-8.4153132637
-14.7111366789
-11.2194524417
1.1713722682
-3.3836831255
-3.4441312684
1.4502862463
-18.0124599336
-25.0790955281
-2.4330420700
24.0502832447
0.7486855440
-37.2629047089
25.7824239741
-11.3973457569
15.0802436969
-4.5198800853
17.6944246997
15.6036557486
-6.0020677717
23.0823133424
-34.7900123500
-7.4794031929
-3.1115914473
28.6012684874
14.6673610381
4.6980089759
21.4181086320
-14.3772222052
-27.4457231732
-13.2638070474
-19.0358890484
-15.1871565159
25.3071294514
-9.2418084483
32.8552634963
-17.9208623691
-4.2061656400
37.0684786682
-11.6797881697
1.0128459394
-9.8392015598
-12.1519988275
-17.7072496228
22.9164516681
3.7913332943
-9.8789619045
-3.0328385911
-0.0612724464
-9.3306851899
9.3317684082
6.4011119334
1.9235220247
-26.9001578554
9.0056179933
5.1686050053
11.0134498519
-3.1630715543
17.4878017397
8.3978767399
-4.0377773093
2.0127138072
3.9234823650
-19.9994647073
3.1503116418
-7.5922074815
-3.9555822699
7.8536488838
-1.8587971638
28.3381470280
-3.7830876238
-23.6552430800
15.9775850505
7.8492962949
-4.3779191686
-3.4727759744
28.4842857977
10.9790728370
-31.0525539184
27.0374413552
1.3802710405
-18.7449402297
18.3050967169
-17.1513528964
20.5194324127
19.1497448522
-2.9004531821
-7.6758784136
-3.9288573148
5.6447289420
-11.1116458184
-24.6109557773
-22.0518532038
24.2507875711
-15.3673168229
22.7992005039
1.3614507108
-6.9485766216
-23.6226736462
-26.2784846749
25.9992579697
-9.4621570846
-11.9752621516
11.0896005636
-11.1722593572
-30.5831432115
41.3998526012
0.4390761895
0.6728823671
-3.8211867550
-1.3652263736
24.3650528315
16.8811350280
2.6680386791
2.0786569052
14.3318702979
-9.7112659179
8.7975364326
39.0521874753
1.1459456052
-18.4074316853
8.7007388430
34.6044931173
-5.3230808304
44.0832483638
2.2267137758
-25.7930999683
21.7019424271
2.8703054312
12.7618640659
-16.2263808795
5.2971539498
-29.4538932740
-2.0975572852
-4.9112629497
-0.1190181718
-6.0812068495
9.5156514078
-0.8680336285
-2.0993544384
-8.7728733124
8.4643212396
-7.0394297200
-1.4257339679
28.7914525317
-1.5779031968
5.7167485176
8.8558513563
-15.0956688136
1.5146496351
8.3521405507
-2.2592665816
6.8730633573
-11.2339022412
28.5900974069
17.3155584589
-39.2198701167
-18.5821194612
-5.9738764002
-3.1784922670
3.9745538280
10.6204607266
-19.2248149946
-47.8977730911
18.3862306683
3.8078761459
38.5367064076
27.0510371385
1.4855730834
4.9143982470
1.5337070567
7.6399926491
0.8525294710
-5.3196572486
12.6033208182
-11.8487669377
1.1465241262
-12.8541851832
32.3203387669
-20.8399176585
13.1863584858
-8.3697841992
-18.3402754111
-58.9889238207
14.5093630169
15.4333342691
-8.1080701655
18.9149129732
18.1025202083
20.9082664907
38.3929203576
4.5889164453
-17.9214933649
22.1158563355
10.3841620340
-33.1511744376
3.2536057654
-34.9248833513
4.7444489108
3.9171983126
6.5340102346
21.6106428581
-19.2387953382
21.7646232324
7.3374884315
34.3976553791
-8.7674789662
6.8234604932
20.1930758841
19.1271791022
-7.2905082611
-16.5045479229
-9.8937727427
-24.9058870839
-14.6586528544
-28.5020069779
2.0225934852
9.3202334192
-30.3594359250
51.1750170940
8.2243180914
-5.9391740910
-24.5762878505
6.0039180574
-7.1104243730
-23.6915768705
21.6417441386
-18.5839081223
8.9173107592
32.8820341092
-33.3860892846
-18.4350257110
5.2341037331
5.4445532018
17.1565908455
12.6677640438
-20.0803160888
6.0063835412
-1.3709703618
-4.6474425022
-5.4316223309
-34.9598606009
-28.5623112158
-14.0017666503
-16.2199211769
-17.1915013417
35.2978362126
-13.6694119144
8.2018320445
15.3727133237
1.5563388379
-6.3268854143
-32.6992939223
7.7468207114
4.7200891279
-17.0883657529
2.3262454599
-31.9218261118
9.2650167828
-15.9217321547
-6.6050224319
7.4269915233
0.5326549966
-0.8184236998
8.9284943350
4.7405674228
5.9180060963
-7.1058390662
17.7607537653
-17.4190263164
17.1387537292
0.4736598127
-13.2267669187
28.8597960358
17.9246799589
36.0237948263
19.8715105913
-12.6080230102
-16.1104454870
-1.1721184240
3.7963947672
3.2435432891
4.5509094379
-6.9847480875
-9.8229781797
28.9914414422
10.6029070799
17.3369838864
-4.6733639718
18.6084668232
4.0486416057
31.7921672870
3.8694608661
1.8322261175
-10.7013896482
9.3600679377
-7.3809378548
20.0835710202
8.7671675797
-38.4558115280
6.2956385544
-3.4550543997
-8.7684361170
3.1575430307
8.5246118408
9.6398408532
40.3861977866
-0.0969187176
-16.7582924376
-3.4152944554
1.0894678830
-9.7237248723
0.7893770320
-6.0389993960
-5.8226547293
-30.7899770721
-39.4578275390
11.1030802866
-29.9190001451
-23.3906678156
14.6723748948
-18.6917853108
5.8351740483
12.0498790182
-7.9125520896
-20.4964609656
-15.6349203341
1.5775911941
18.8258081845
25.5647703085
-16.1890917965
16.6987651918
-24.7041682403
-32.8185635103
24.9138666339
3.3376242530
-26.2861132164
4.6298907040
-18.4488255532
-21.7528718653
20.8299170131
6.2989906357
13.7197804105
27.4109517044
11.6316627871
-23.7586372149
5.9905501547
14.0188271986
-3.3227470810
-3.6933739645
-10.8289579088
-2.0032014995
-1.1593243115
-10.4393387227
-7.2146731080
22.6910215823
5.2337315406
30.2489099595
-2.9105649092
-23.3470389244
-12.5866552654
0.0836580144
18.3945962749
15.5057505115
-6.7550858134
21.6415020932
21.9682199818
-22.2406588182
-5.5477598544
-4.9696502749
3.8102638098
2.7793185384
-37.0433294110
-13.5041788360
7.8895277504
-25.1922676043
-3.2875140941
22.4228719813
25.9674712573
-4.1139098752
-11.3581807126
-2.0235104842
-40.7329416766
14.3280063926
27.6044999921
-15.4624039589
-3.7344803634
-0.4939969868
33.5039821792
-8.9629120799
0.8647241008
6.5432266606
-10.3426405536
6.3345031721
-10.4139680325
23.9497672741
-2.5659408501
-12.1722298728
-8.4499579549
17.8287886075
51.3234379922
-6.4909872686
4.3892087065
26.1829994510
-19.4840917873
-24.3512715497
-4.9850667082
-0.1654158793
-7.3537728992
-29.7203351335
-2.7890714339
17.2919531698
-15.9026915314
8.6900026641
-4.4896685549
25.4445701115
-1.4438113377
-17.2503578089
-33.1106865876
1.2755654310
16.3673000575
-21.4425261130
-7.0487352946
26.5150478051
-9.7038447270
-32.3526367014
-9.7087578198
24.9567577988
19.4742564471
-19.8907702996
-10.2005526627
-19.1512296293
-6.0009069867
-3.7544871888
5.4567267558
7.1837913678
0.2291959896
1.8267830574
-28.0428714766
-4.7147768135
17.7492190681
-22.2622873735
15.7760394454
-5.7713719117
5.7557163766
-18.9534242958
-0.9896832328
18.7916040623
15.6307918436
1.8864560716
3.1319131849
-7.2477138786
7.9325221074
-5.3254025790
18.8349496457
-14.1851159029
-1.8598272953
0.3357200068
-11.8399811445
-9.8815098290
17.3973569643
16.7609539233
-36.9239403099
-17.3100444440
25.1430441590
-15.5068435508
-11.2923236008
-1.7620495863
26.6180580639
27.0109494325
-4.2354946744
33.6942305127
1.8459257597
-0.7157973994
24.6260766161
-23.1844768352
-29.5260761065
43.1630225428
3.0717734651
5.6316741940
27.3589551883
-10.1904251411
-28.6110998944
6.8391261943
7.2764512455
19.2740495519
22.6537564655
36.3880591292
0.1788228962
24.1232702868
-12.4620789768
-2.3564185397
-4.2928204971
-6.8228383827
-11.6992355384
12.5470774884
15.5515411578
-12.4805500925
8.7406141062
28.1827450065
28.6025227644
27.1215603041
-0.5071092228
-42.5796253178
12.1861068428
-8.5215808230
-2.9019239884
-31.2339189821
-23.2925766389
28.0385392805
-44.9667960631
-0.9713398276
-28.4541432030
15.4402520570
-12.9975292407
3.1988348692
10.9535972494
-14.7826635064
2.5370038363
-14.8404229371
-23.0830363140
-3.4243855714
-22.5823253819
1.4520651056
-4.3765285217
-13.0480057123
-9.7601944812
11.4137248997
11.5523787022
-3.3265501151
-29.2190909494
1.8335207815
15.8355725103
-1.5890999167
-35.3389878992
-14.7460331388
-12.9018062040
0.2922192064
2.6011722799
-12.6656356643
-3.9418292966
11.8802252091
10.5280311703
19.8605803432
0.1409217934
-9.2558519164
10.1219151860
-8.8758135883
-23.8188040376
11.6327901299
-20.0019639750
7.3356287229
-19.5559937155
2.9694899028
-19.2644048732
-3.2297266142
3.1338092829
-14.8973182324
-16.6946913964
-0.7185188683
13.7708660777
-16.3592950451
3.6255297660
-1.7787488757
-16.4394106971
-1.6128685606
-12.7815534572
-10.9181398317
20.0726432159
-21.9696547084
21.5241117594
10.2934408481
22.0843924520
44.4506427665
-7.7278385122
-9.6947144140
-16.3237095814
-13.7492040851
-7.2687552228
-1.2461787030
-5.9039268584
12.8446619315
-22.6208971806
4.1307790204
15.5361106378
12.5631247311
-25.6081664551
50.2432719686
-17.8489443700
-18.4012649999
16.1736780934
11.6192745793
26.4810965511
-8.2470207590
-4.5841691975
-20.8498300646
-0.5525365926
17.2025019119
-35.7213022769
28.9771399940
12.3965243974
20.3232085026
-7.9114919703
41.9387836353
1.0126397713
4.8011685596
2.4896069676
11.5569194042
-9.5381475642
22.8493963512
-5.9256617809
-4.5970026337
22.8663607219
5.4672605099
13.4848992366
13.6567914201
-8.8857618435
-20.1607522752
19.4909915664
-3.2164895552
-8.1780879482
-5.7970680243
11.6632081310
-12.2476801168
27.0637370231
5.0290212028
-9.8658286240
-10.8726768622
21.0754645204
2.7091456403
-3.0167205261
-6.8280368005
0.7957578664
-22.9101048356
-4.5052441542
18.8462036860
-22.0627423635
15.5020673157
-24.7513233628
2.4852166386
1.5212245719
6.5975709700
21.2637629850
1.0525806853
8.4586106804
23.6772687633
-3.3054970900
21.6345516578
14.4805491730
-34.0752898836
4.8121502664
-14.6088283569
26.5080985752
10.9358677393
6.9025865132
-8.1599413550
-25.1066237672
17.8599181445
-26.5763610959
15.3412646516
-15.7227066559
-16.9914376624
7.8053166407
50.4393507747
16.9391439672
-22.4821647843
-4.6641127671
10.8038041061
-26.0621571761
-2.8903973574
-26.8920430108
2.8935491562
5.8141169321
-8.2322154876
-3.4376776793
-31.7595661663
-12.0753808742
-9.7054445057
-3.6662276277
-11.4564255869
31.6898000570
-8.1094699532
9.6792151583
-43.6055186094
12.1693956247
-7.9070205459
1.7302294731
23.5546094260
8.3565359806
15.5913520987
-30.5468753778
-0.0891607687
8.6040701696
-22.3260941371
-18.5949866196
6.5339423250
14.4923282128
5.1041529463
-15.3170574724
-16.4760187936
2.1961296133
17.0010184766
25.4855543738
9.0357203930
31.5981980533
-21.3957912417
-15.7308653009
-8.1899170343
-34.2157157239
31.9322588466
17.9723301532
9.6512586454
18.6151749993
1.1590781741
-0.4764796301
25.5676398925
-26.8084829322
5.2899787841
33.0006756440
6.2427095075
-8.7767185686
-14.6197324363
23.8868837691
3.1526466722
-20.7981923532
7.8631604336
8.1990553016
-0.1078398448
-3.8819574220
9.5500606086
1.9334517378
21.2766650877
-4.7743702739
-16.7548812994
4.5416443140
11.4376416925
8.3838244693
-35.1728966065
16.5450765613
6.2578652864
1.2349042042
31.7321745429
-32.9938563687
10.3326363047
-5.5846890706
7.8668146429
-1.0816957362
-28.7821281531
4.2345878409
-9.7396731184
14.5745454401
8.3889642503
6.9347221927
15.1223009541
-21.6830876655
37.3054931502
0.4902270770
-15.4190757460
-19.0425914086
-4.5862126043
-6.4885031800
32.2387846503
-1.3629359464
0.6746637160
-33.4001790916
-16.0110942838
26.0796250965
9.4467223864
-30.4505746711
7.3204966353
1.0200417923
-34.4480902028
13.9231099070
-19.6164007301
-4.7881577495
2.9446892595
-8.6063718438
-6.8813137670
-8.1231835135
7.6656673121
12.0420170604
-14.0595443805
-0.4339316685
0.9190033896
0.5004254209
28.4320435963
11.3263466774
7.3902347601
-7.7492040434
51.1001188522
8.0970897134
-2.5349963936
0.6111720746
5.5980366202
-21.6789016885
9.9587288841
29.6934209102
-2.7881293269
3.2611908077
-13.3835863064
-17.9455987654
9.0861895335
-1.8310354496
2.7911882056
2.0468021224
1.4587620617
4.9765325335
1.2339542509
34.6276794998
13.3095292563
18.7733556688
9.5398210466
2.5226506647
-2.6625085414
-16.4252910013
-19.8659487047
18.1346328529
4.9636617177
-4.9945279879
-14.5114574849
-10.7590865343
-4.7604575813
-2.3684182426
-7.6262655181
-7.6648945384
11.5533894909
2.1021173270
20.1571087248
2.6027305282
5.5202356954
-8.0858729812
9.2379663220
-20.7977236052
8.3351749622
6.1329170975
-3.7165910468
-5.0213460721
-20.3240376752
-15.5490060985
-25.2117000646
-20.6379156855
-18.4536685767
15.7651526181
-18.5518221212
6.3640368854
27.5931387935
21.3375037099
-8.6501153719
26.8464085139
23.8657679912
-26.2498840368
0.2899159071
-14.8663676352
3.7316977624
12.7592257027
-19.5843505657
14.7383590463
13.5661575065
15.7994511953
-7.5706393233
-4.3323661749
13.2626569777
-15.6343470067
-14.9256697463
-16.5048712605
22.6624836265
0.5040450824
0.5883598417
4.3240871954
-40.6943153458
-3.8460549131
18.5952903606
10.0036407564
-27.9871635069
-25.9302358000
8.1016288967
17.7467786804
-8.2061695586
-11.9092871113
-4.6621779650
-4.2887956946
-1.3568620407
18.6540316275
43.6925518934
5.3063538140
32.5882315105
-5.3968313545
-30.0253046006
3.5202771373
-14.7221567033
-4.8068186446
-8.6143988649
-3.0859625770
1.3923518443
-14.1719539570
14.6689513761
0.6510226399
6.3070529478
-25.1361382571
-16.3198210650
1.3373974231
-6.7184640350
41.0284000727
-14.3231599376
-15.7125341463
-0.3004255477
40.2884582334
-6.3797244070
32.1404059481
-23.1316897371
3.5688282126
-30.1158747142
9.1355058294
14.0132581713
-12.6828323004
10.7418651790
-10.9718241595
13.1330204647
12.8276444723
-10.8480224396
-10.1175679858
-2.8596078925
0.8141229885
27.6158109223
27.9448744812
13.2649535224
24.3821245835
-13.5801076630
-11.2029595344
-30.8516866642
-7.0654894461
11.7518807492
-36.5479406003
-11.7067717046
-10.5912409966
-27.6163362483
-3.3850728168
16.5250649417
-0.1871612186
-6.6839238009
-6.5610790226
13.6713460323
13.3229258134
18.8409081513
0.7476826808
21.8681915821
-10.4893938635
-2.7224944079
0.3919188660
3.1534926590
18.3541837061
1.1592754274
-4.7974893646
6.0180213205
-3.1822295618
4.5693922141
-22.6053462635
-17.1087469673
2.3930154874
-6.0619586591
10.8803693411
5.9976073868
-9.8450865288
-0.1392184910
-10.2575959378
-21.7331490821
22.6932092288
15.1842124395
1.1686449499
-17.4119374574
-3.7858275095
21.5227922584
13.6637702236
16.2713729730
7.2112317897
23.0996892604
17.6865941763
4.6176778818
13.7925500860
-15.8299878552
1.0874491003
4.6881226348
17.3548030000
10.1034645716
32.5005082008
12.0556094895
-16.9644528722
-1.1842040549
4.0949875750
15.5212589333
-20.8026587071
29.7362791920
21.5098742625
11.4690390500
30.0502717383
5.3746686288
42.0988707298
-7.6281221130
-15.6155037249
13.3512192308
8.5882597696
25.8058808283
16.1833100358
10.7864849316
30.8633334043
3.9052380814
-16.3286582076
-9.8807632789
15.3830755761
-27.7151384292
0.1708006522
23.1383685657
-10.0543085963
-1.8034330446
-19.1478797436
18.2784476526
21.0247994863
0.9644392468
-39.9463594957
-0.3149207166
-16.9838633318
-24.1110286807
3.2625287565
27.5055536374
-20.9725948471
6.1029077319
-17.2805932487
-10.7458936868
2.0947342858
27.0676356734
-2.5275765394
-17.2134833809
-16.2336891461
3.8423760499
12.2179210086
5.0593336772
-11.6118275979
23.5495654667
-12.9704854025
-11.6168834105
3.5248980507
22.8157749280
20.8414900134
-23.2325021668
-1.3285412558
6.7196701560
7.9686187513
-3.9817036284
36.3598527781
-2.2113849647
-21.2183214367
9.1483371580
-8.2384031135
-5.6990173338
42.7074389540
-8.6343022250
30.4839780069
-18.9947526969
-6.1587760139
15.4275947266
-19.9016523882
0.4763830453
-3.9322867636
1.0944830024
15.2399871292
-16.7559019005
3.9968939255
-7.2397697977
12.5367846837
3.7581773488
-4.9729302960
1.6272100087
22.3976666116
-1.3797248613
-15.1507737604
5.7461030062
-4.4792460536
24.8663342705
-8.6436014136
-9.1129618781
-26.3751110448
9.9162483741
1.6885090856
-5.9648253792
14.0693907110
-19.6700004255
-5.1122266911
-11.2573885066
0.4847361905
2.2234882451
8.2275792648
10.4584353961
-3.1988501431
-1.4260655760
-34.1401873830
30.0576218749
24.2605491796
-1.9296613782
2.3371784953
24.3327734394
2.2929604124
-10.6307421213
32.5988761964
2.9328279254
19.0604573886
6.8873593860
-20.8500745669
-3.9853683480
35.2589964480
-29.6143699445
45.9412332681
1.2038638168
15.1502928538
-22.8551904987
-3.5985390708
2.6550814407
-21.3253285334
9.0600679737
10.1829140176
5.2116328848
14.9110806485
-7.2102127414
2.6240348932
13.3030757104
25.6283931294
-15.5047871125
-6.2204135769
21.7794116218
1.0045739700
5.8653173747
-20.5497172656
17.8407334759
10.4002603956
20.6529495511
37.7103152765
38.4506029415
-5.1229526226
10.0931244766
3.1966653723
19.8040783142
5.2604546201
-5.5507473897
1.1359781765
-1.4294047752
-15.1602358520
0.4220247208
13.5501951854
65.6679599865
-3.4125044854
9.8512536354
-14.1479077254
-1.8356904509
-13.6126028976
31.8361753825
-14.8927420493
24.1983935453
2.4067085376
-5.2336773340
-11.3781846421
10.4886058906
2.5616462812
31.1017242951
-21.9345130729
11.6122643474
18.8871764875
17.8809040884
-24.7021291118
-9.1969930861
-12.7040029144
9.2653105324
-10.8577837641
-5.0525869454
-33.8183679679
14.5985049117
-4.9526673140
-11.8098239845
-27.5239046025
-21.5843373914
10.2984890967
3.7421710327
4.2059603947
10.4286214379
3.2794519742
-7.0397675862
32.1771187006
-23.3062178822
-3.0206143156
4.9658062633
-31.7516017856
17.1068257342
6.0798636132
10.3231313640
-5.4737862194
-23.5104008200
-5.8742490427
1.6586477210
22.6162080141
-7.4968274944
-13.9732685575
-5.8249774716
2.0492911655
-10.5979452828
-14.4171554336
-27.8776285673
44.3916180319
12.0814501962
1.8495903108
16.9644419970
-9.2159702691
1.3749563014
1.5103547218
4.5216395166
20.0870074062
1.0557289627
-33.5440209793
2.3481118606
19.3128544339
35.1738017746
17.2427363203
-10.8983489586
13.2609319426
-7.6619912575
-30.7960501764
-22.6861254283
-17.2132213786
5.6843860730
-21.9042098439
15.1335689833
13.8306303067
3.3557551583
-10.6474363195
5.5838786341
2.2815318385
6.6360647203
16.4764128738
2.3232946294
-6.5307043386
9.7444920922
-17.2113435575
-12.0483808728
-13.4011767556
-12.2591247351
12.5623397468
-32.7119842300
-1.0894725408
7.8517540816
9.4163752458
11.0461378350
-1.9187449839
-21.0333368527
-9.5835822015
8.6241722816
0.0536139316
13.5327158310
46.0682520107
-30.6792989012
-3.0313115318
39.2001206091
-11.6451018051
-12.0499568177
10.4831363140
-4.0477755877
2.7506207405
-5.3921924848
3.4231041730
16.2953616067
25.1266547433
9.8305617918
-6.7264069608
-6.6467332586
6.1358391432
-9.6549369273
-3.0965050827
-4.4001537750
0.4702123035
16.0104964435
-24.9352714790
31.5267996795
9.2790573026
-13.1391064189
-10.0977825956
10.4730109024
10.9977161523
0.1929437612
18.9417636537
-5.5034689810
0.1292617492
-21.1079506299
11.1574501503
-8.1150368597
13.7918316650
7.7179920088
0.9319948650
34.8492663373
23.5784968901
-0.9097060854
16.5277747028
16.0192035499
-28.6177656788
7.5051895772
6.9176828812
-8.6386860100
14.1607740667
2.4442028014
-25.4341933522
11.5521118760
-13.1404575926
8.4972336230
19.3771618097
-3.6248755725
-9.5869972183
-46.2082834578
5.7181589513
-2.4670626655
15.2042386286
1.0429900476
2.1560660828
-0.5087498833
15.2367763071
-6.5648621848
0.1858659677
-13.6776318294
-14.6657989970
6.5163856041
21.3946162480
-24.8543121134
15.0725482172
-1.5960287215
0.4646659109
-19.9522391026
-10.0778528874
-21.9125787931
4.8955545311
-5.3872884302
-7.0226190072
-1.3777310578
21.8902375568
12.8129747409
-1.2148478837
-5.0121743449
5.2246039044
10.0263418598
27.1474478543
2.4855059544
10.6040205404
-9.4447915247
-11.3762955063
-18.3257217803
7.6783635362
-10.9652279413
31.7406581055
-4.3717630222
3.6925333196
-9.1696237851
-18.4244401063
18.8064098268
-3.6386564234
-18.9131236779
12.8761940424
4.6820650826
26.2690562660
35.4869013481
45.5086022845
-18.9528323213
24.1476261144
-7.0493956227
33.6773210689
16.5521097562
8.2954355027
-8.2732140014
-10.0534687834
-7.2576776404
-11.6506975430
-16.7766318757
6.7363510520
-29.6548484701
-22.3256990682
5.0031802525
42.2457546057
-1.4726570431
25.4910629672
16.9269048009
-14.5367787788
-17.3614352406
28.3307707487
1.3311290666
23.2854023100
9.5295041302
-5.9426036393
-24.0508423217
-36.0472769468
-2.2309414009
18.4322229076
7.7893966565
-5.7706995881
-31.7694329712
15.4581622775
15.6331400150
-14.1920239690
24.6838484938
30.5052296605
-13.7390455761
-22.2875716760
17.3309960013
8.8396642869
-10.6292313232
-9.4134568161
14.6130197909
-45.9965704961
-2.1473011947
-26.2808179475
12.8715809354
8.6809553147
29.4105246532
20.1290121480
-27.1933067440
-9.1630684994
22.3964983446
10.5335053066
-15.2803934301
-9.4528021826
10.2487392838
-4.8584065746
-17.6336826203
-21.4225197103
20.3099597589
-6.6835466553
0.0093653775
4.0804827033
-17.9016432417
4.9533392654
-8.1157754001
-35.6945103776
-27.2883455554
-5.1845335496
-22.5552890305
1.4998380928
8.9213803172
38.6913666985
6.6070503892
-24.5510401712
5.4869071870
-17.9604654550
-2.7982703404
-11.0540558968
12.4447660688
12.0540345070
0.5480562363
5.9142930422
-22.1410993572
14.9180183715
18.0899682851
-16.7109492111
-3.0136551198
6.9889101566
20.1929578790
-13.5899199436
-3.1665537499
-29.2606064264
38.6377306686
12.9008303987
25.6914361666
-15.8356249579
29.2341268207
-16.7724971192
15.1782270285
-15.6580488363
-31.3998113216
17.6654554515
13.8307724765
17.7915235132
-24.2909937602
-3.6131679262
3.6558513854
8.7291264165
8.3843179891
-29.2525175464
0.7516448314
-21.2574135639
3.4563807835
16.7669537859
-11.5210934777
13.7992726096
-6.1651984051
-39.9613619396
21.4148096404
-6.5145154413
9.7845826499
70.6906454487
9.1149316722
9.2601449435
-1.9458404876
7.3757282954
29.0488682763
0.2707625027
-14.7450387670
-27.8229317265
-30.2651368159
-13.2463478424
12.5467488287
4.6965685834
16.3637955280
12.8781677841
48.1380105096
13.7398832978
3.4087037982
-29.0399304319
-3.9695481556
41.2247995875
14.4556019993
-47.3769514684
24.4269436395
-5.6001663829
-7.3624126583
-5.9672304115
27.0183863268
-18.8221286930
-2.5653893140
4.7155584820
29.9202566712
10.4645315488
3.5625909905
25.5593408733
1.8946558210
-7.1980156132
4.2748816453
12.2889720833
-21.1123284651
-3.8694723641
-9.1669220339
11.3091754695
-18.6642168712
-26.0372197396
21.7100918382
0.7687357976
13.7527667335
-4.2755892688
23.8448317942
-27.2502314747
-0.9081750570
2.9784868805
1.8345081425
1.7557088697
0.2154754150
26.4634452633
30.0831960148
14.7455979313
-9.5347276448
12.5383674445
9.0859060452
-2.4313031666
-15.8427082551
-13.1933596404
-6.0044943454
12.3169783221
8.9162957523
16.2369355020
-20.7135817511
12.8750761899
2.5302224416
15.9471811293
2.7669393342
25.6780437708
4.8254967969
18.2829080171
-12.0651113353
27.7876445380
31.2907781125
14.8831428979
-0.9830968452
-3.5099063481
1.5252299760
5.7049251829
4.7098478611
-20.0054781885
-21.3070737275
28.0290001448
2.1115691869
-25.0433857652
-12.2860131370
-26.5374844834
-7.3377865326
15.7317584352
-4.1347912552
-10.1720838277
-7.0819505919
13.9979669341
-21.8635041717
-21.8169237978
-18.1550012354
-22.3436073584
-7.5057569080
-4.9129466953
5.0049955524
-13.5368883333
-21.4697195593
4.4872352469
10.4387969701
-18.0989447040
12.9297436737
22.0042801620
-43.3342202230
22.0656480306
-7.0969763773
-5.3031783614
-1.1489138208
-0.8863949647
-27.7477010580
-41.3834801920
28.0378363150
-21.7134407463
-14.0377161222
4.9638039373
-16.6484998663
20.4796591572
47.7917629629
-23.5178137652
4.9308824642
22.7794727427
17.2200586722
5.4763593794
17.8421334833
-2.9081719987
5.0360117360
8.9693324594
-6.5668948538
27.1207707064
-11.0965457580
13.2172486548
23.8535221819
-28.7735542847
19.2243613517
-25.7512005727
8.3023682924
4.6399211013
-11.1802509239
3.7216782522
24.4807079500
9.7454857761
-9.7148660117
-21.7164546632
20.5640241082
-12.6415507878
3.8945617182
6.1110420797
-53.8465092223
-29.5861963804
15.9611470776
32.9788464967
-14.3955364851
3.3399086939
1.9599149778
-17.3133815206
17.0061410009
-17.7514308209
3.9389455418
11.9071679497
17.3487338299
-0.3195868388
-9.7511332701
49.9412472751
-21.8712083317
-12.3573871244
10.3047811262
26.5805858121
-9.3024514124
0.5959847894
13.4935690423
13.7559277834
1.1132661478
0.2837426037
-16.1934214310
53.2883936047
2.7020917955
31.6200602053
-7.6589650147
38.8748634427
-13.8234138875
8.7321305001
-10.8103061714
-39.8622430717
13.6859971149
25.0257262443
-2.3683449291
21.7494074657
-20.5564928077
16.0073003604
-5.7253712629
8.0314338878
12.3848108068
11.8764911023
-25.1299081913
0.6971062410
18.8137654048
-3.7506729966
14.9628248306
5.6420852564
-14.8151456712
-4.7482098540
-9.1511687336
-3.2764562354
-23.4626920406
6.3741839219
12.5903224166
10.9686553206
31.6171039705
14.5528524331
18.1178603286
21.1023284148
7.9672254869
-12.0285565982
4.9790742297
-3.4118068375
-31.9319609632
1.4538179784
-14.7053896996
-18.2885727653
-27.1716732389
9.7912679721
-7.5675191400
-7.9996645283
-5.1831463182
11.1570998672
24.3798015176
-16.4454898838
-2.7774676156
-3.6693274919
11.0761342741
4.5719128015
-14.1122368965
-3.1471621974
34.0175535397
18.3213757257
-6.1505533125
19.4084009644
-3.8510019797
-2.7913692550
-10.7073464992
-8.1695844506
-15.0004547949
-4.8126118733
-4.8381506694
-2.9678560822
-2.0127392161
10.0933915925
-10.0762579363
29.8929715927
8.2597284373
-25.8897391200
-25.9811787476
19.9972028133
-11.9158708511
-10.8159483635
-30.5614220011
34.7366264540
29.3684593762
-2.0272701476
8.8902726242
24.8493767117
-15.7895436917
-20.4822208985
-13.9376780844
-25.3395894254
-11.0402244463
12.5320189587
14.4855443370
-1.2952913932
13.1112951083
17.2204981919
14.2253161431
27.2784024571
27.2995110036
-23.5821739836
6.6814750694
-8.9288691478
12.5929645780
16.5105184246
-2.2196853234
-13.1602267011
-0.1148771820
-12.6286451223
36.3261207444
-2.6740329666
-0.9004706903
24.9868163762
21.1572942465
-14.1114649689
-22.0532534044
0.3574775032
5.2020587632
43.5302279941
-11.1470515837
-13.7044493336
-19.4518382545
-1.9160096644
-1.8815866844
17.7516505036
-9.5436331309
34.8501837293
-32.4752655655
22.4529347637
-9.7975456084
-36.4949869251
-32.6322619199
14.9393772995
27.5119404596
11.5978223586
-20.2838375440
-27.5629737899
32.3856587885
51.2955095478
26.9255675937
29.5577304616
-29.7321258523
13.0338283132
1.2012997493
-11.4248875394
21.1126910722
-7.5228391815
-10.4117974732
30.4818480983
0.5285575826
43.2721045148
6.2092097942
-3.2790674891
-3.3439725024
-15.4490353416
-17.8094154216
-1.9042584491
7.3574236685
-32.1234946408
-3.3511556386
19.3659441053
-18.4706186002
3.3677476341
-39.8568997353
-7.3655152996
-9.8217081538
8.8388659590
-6.6179361734
-2.2342847729
-3.2982398082
8.1175254378
-0.8127395524
-8.8673846022
-32.9159401896
-8.9595943358
-29.8118988985
2.9718842286
7.6333544837
-3.9603092156
34.6934788557
-7.7095290950
13.6595931617
-16.1006031202
5.0927388876
-4.1631291532
12.0097311584
16.3321211716
-20.6763650483
5.3247124318
19.2562880093
17.1253252088
6.7953858468
-17.1620792092
-7.7239922922
8.3775049298
-10.3586289905
5.8320367665
-7.3382238394
-5.9883896155
10.8337714336
24.4240865295
9.4155702539
21.4714610816
-16.1976243992
-2.4021493541
20.4289364855
17.5727023562
7.8709763293
-9.8002680782
1.2641248646
16.8017500007
6.9649133067
-18.9084218994
-25.2209766570
-7.9627220975
-6.4521677146
3.1405609769
18.7499228086
21.2814743537
5.3518860471
-10.6635600437
-4.1442741351
-25.9699052431
10.8281912965
0.0317686656
-12.1291614165
-11.0111789142
-6.6101183699
-37.8678782040
-1.0033732478
-3.1855809903
1.3581916811
8.2909817423
13.0820775431
-15.9644546314
33.2776046343
-9.0641004261
-3.6579302086
-5.8528625250
16.0417739785
1.6952968221
-11.8578238013
-26.7184528662
-15.7085126507
-5.0028798849
24.4246632888
-15.6299407431
-34.3783927933
-7.5652608935
-8.9913629195
8.1448072115
-9.9728808664
-5.9554166687
23.6380621314
17.2554789286
-20.4163355943
-39.0914028633
-10.7388706779
-3.4314239889
34.8549485688
-4.1299781593
-16.0917424171
18.4629976874
40.1717777830
-12.1210068234
-40.9097813753
-5.1380452469
-21.8896391769
10.8649686665
21.3535072778
-1.1095574521
0.2767703686
-8.5038375995
-25.5091776778
-6.4735117149
2.1920780752
-0.9491916724
-14.5894427087
19.1775722172
-23.6112180003
-1.5076705702
13.9573284523
-16.5975298835
13.6078303658
-2.4326844439
4.0310141551
-6.0435880263
-5.9352502949
17.5762197194
-15.3164937967
13.2897082561
17.7415975292
-15.1494788301
-6.1229180566
-9.1924125092
10.5817530662
5.2692886233
-6.2235519820
-3.4706914915
3.7258701003
-3.9916520516
13.7075963328
22.8799197041
-8.1637590885
16.9338392388
-12.3257726680
5.3619027899
-22.3884450527
-32.4199974736
-10.4820994570
-11.9227231952
11.1917908517
-11.1823723544
7.0339657897
9.4284308774
3.7309944121
3.2627437647
-2.5113657492
-32.7581547572
-5.6900989337
10.3314664650
20.6558975208
6.7830650230
3.6977380533
-38.9574218877
5.6359735751
-15.6768467210
-24.6627482889
-19.2804750851
-2.8984040053
-16.8045326849
-13.4371581697
-6.6117548681
-27.0776350282
26.1420308758
0.5715690873
6.3225517015
12.8035667897
-22.0406407662
4.8099673850
-11.5678295803
5.8054908329
-7.7374625558
19.6895612732
-1.3944714331
-7.7825132655
-5.6444895190
-14.8584499247
7.8599295180
-23.2818979467
-11.5958224943
-6.0228033462
-10.6899746553
-7.3151838173
25.0766036089
6.1887231806
-9.7574817020
2.7262311794
-3.6491743205
-11.3575735729
-15.4033334651
-20.1839703267
-32.8370546295
22.6696279311
1.7258368173
9.5354650840
-17.1877699327
12.6797765405
12.6713986951
-14.9255334284
-19.3037622545
3.6998154493
11.7282173506
13.3260108389
1.5391377755
43.5899201085
-24.6330609852
-9.7467388686
-7.5599019568
-35.3778461882
-17.0356576981
1.2844616186
-14.7809946126
-13.8496083403
3.4155344557
5.8554257635
6.1155908101
24.8862621382
9.8212937967
4.8362256857
14.5042306409
-2.8145727697
-25.5418197978
-2.9998998402
11.4471067498
-18.0205269288
5.0668896559
-8.6696637612
13.0497722884
-5.3351585374
-14.6951851608
-12.7795748165
20.7262813315
-19.7130970480
-13.7115199030
13.1220073839
17.7651495936
31.5209384641
-4.3837510674
8.3126323153
9.2126121308
-20.7652706743
20.3879728241
-20.7752925789
-0.2341187205
-0.7380749026
-2.8899083154
9.5887541483
-1.4159855234
6.2291948324
-11.6244263060
-21.0276868540
-17.3858844805
-25.1947628857
8.7238603701
-19.5268376630
19.8048161740
15.4745675903
-0.8273334040
-4.3882647514
24.0213305940
-2.7054426361
-10.1463637428
-16.7243471257
-31.5795068094
-10.6219352307
-19.4425032719
-13.8864022506
-2.7430678168
3.5170714959
3.7873912290
9.9511349780
5.7481765259
-4.8435343670
5.5139836362
1.3363407532
31.0881265284
-0.9265848028
35.7415917122
18.2976801491
3.3275329344
-16.0215428659
-22.4388358534
-2.3591745514
27.1577293806
5.0360649771
-7.2700101804
15.4016201529
-7.0221125973
6.6663865280
20.2756015466
14.6269951993
1.2489784799
-37.1491106290
-4.4090322406
-33.0203882909
-0.4156374462
-18.4090543413
-29.0661918389
-3.2763599035
-38.3793968585
7.4167417033
10.0361180837
12.7718556174
-5.4680183915
8.3834680083
-23.6020870137
-16.5565237801
31.2828733255
-0.4526927858
9.4219208140
-8.0313439979
21.1298738365
7.5766897890
7.8382541800
0.7421203954
8.1685032212
-5.0844700139
-33.0446827814
2.0256374386
-26.9775260083
-4.3972177364
-2.6434046742
-13.2865992491
12.9945759375
13.2500663133
5.7985664845
-14.9126487853
12.0036028377
25.0177181388
-31.9061576078
25.3875460818
-19.9285870157
-4.7375061879
-7.0772601304
3.2558602976
-9.8161244024
-8.7192261178
-4.6362064224
-2.3092439404
-16.8556838208
-2.2099880326
18.8796418846
59.8884216804
42.1403643335
29.7189771520
-3.1916401976
-10.3815923431
18.7576117526
15.4571245900
-12.4911977908
-24.5173789204
20.0658407817
-0.8591279682
-3.0130729597
10.6633486092
7.1433823764
-16.1670965707
17.5476486718
-14.4009812310
17.8168860811
8.1176113740
19.6453835253
-4.9779984289
-23.6830962806
9.6869906174
-34.4284420737
9.3543812344
3.3983664005
-4.9533034527
15.0812018725
29.1845101098
-9.3838163509
1.1517814356
27.5922841192
16.5701728172
10.9317031355
5.7780464895
-15.1509395644
-21.0103734270
2.1007401926
1.8809816259
-4.2330312610
17.6499926133
14.2461781058
-14.7821430028
32.7015354457
-7.2313379106
14.0622318220
4.7076416443
-5.8410321964
-11.7673025499
-0.1841220670
-23.8420875116
-22.4280780215
-15.0076953393
22.3805355491
15.6831550706
29.8988983869
-19.0379065906
-13.2649073471
9.2458317242
-27.0266051931
14.5912730488
-17.0460311917
-2.8312708757
-13.2253723503
8.7909027361
-1.5231220091
36.9611088389
31.6317726110
-15.6783079251
-1.6183038957
-29.8911686800
1.7400421654
-9.4744095044
21.7556372286
-11.3701640850
19.5661991215
-19.8824241280
-12.6660305263
-35.4972965381
-13.4839381123
-11.5596605623
-6.6922508309
15.4170531520
-1.5755286663
0.9660840665
-15.7178066602
-15.5969362013
-18.3962480633
-0.5208606114
-20.9896575338
-5.0451174468
-10.2836773999
11.4930782968
-34.6676994138
-32.3250775251
-7.3581797491
-10.9153678180
11.7194900492
-9.3955542127
3.8803596710
15.5166335463
-19.4498777198
19.6695283383
2.3464879439
56.4685792102
-1.8221803225
14.5863851090
6.5792338980
-19.2430622169
26.9445653961
-0.0058460268
-8.9535670540
-24.9832607421
29.2030033385
-22.0466398072
-2.7928668639
10.9260432533
-44.1221317577
8.7366600931
-9.1648889536
-22.6995160052
1.5103463461
-21.6253823357
-1.8543447377
7.5447762502
24.2118829396
9.0867486961
23.3467465511
6.0820076256
17.7355491833
-3.9747128576
24.0601282158
-0.0362206444
16.8910872033
-4.9873075212
29.0069981332
16.1234096294
22.1215869039
5.1741149435
-6.9947747114
-11.1579278257
-9.7717599430
-10.7049040692
-6.2036185522
-19.3900452859
7.6822886045
-6.9717350751
13.6801088752
9.3230639126
9.8094695669
5.6196493391
13.0345351751
34.9655664365
-0.3376407264
-27.0858881495
-0.3799593840
-35.2213453732
-20.3237032556
-2.0764918637
31.7780200918
17.9352980381
-5.5659935955
-4.7864262660
-1.2036729536
-19.6946947005
-6.8821208217
-6.0269871032
6.1938280219
19.2897757004
-3.9265670224
5.4899992171
6.9667057254
9.8829124638
3.4092930059
-8.4834023958
-3.3657430766
37.3800287290
13.2770320293
13.7455056265
-33.6931619963
-13.6864721408
-7.8302595446
-13.8199299065
39.1315438000
-5.2927493844
-35.1615356010
-13.5791895436
-3.1409555612
29.9816156488
-37.3861685771
-6.3034008016
-7.3824109897
-9.9107776106
9.9428964910
12.2807463850
-21.9685286693
-31.0915779746
-20.9233361853
13.8478096852
-3.4054486443
7.7215184567
-2.2233769682
6.2435180867
-4.9612493046
-25.0120313738
-0.3141047704
-7.0740975691
-2.3592436228
-0.9343324948
2.0768724506
5.9121496781
-14.5349878504
-11.7924934958
6.4709452483
13.4131748815
6.9552848590
17.5059899767
12.2282740927
33.7173536745
-18.4871644479
15.7134820346
-1.9016552803
15.1583613726
10.2845917102
-11.0412117131
-4.3617564083
19.3936702598
11.0108218275
-22.6135301926
-37.9143247164
-5.2072260361
-8.9547522351
4.6570943305
-23.0000095089
-4.3146440289
8.6286670085
-8.2570605713
-11.3823661310
-5.9608998623
-22.9096913167
-6.8802884507
-4.4549484235
11.7600240391
4.5361760387
20.9041796274
17.1705885263
-1.5877237181
-8.1743895378
-26.7277567963
-3.6837981011
-11.4032788513
-4.2569117065
12.2080907285
34.1180923688
19.6983568415
8.9298910265
26.3117957017
0.8934898412
-19.7203154502
33.1019387856
20.2992423062
-2.8106157169
0.6489362205
-38.0580394037
-19.5920626721
-0.3706456398
-17.1658850985
12.7004415579
11.2327544280
-13.9881992655
-13.2390825136
-24.1032123393
6.4363237105
34.1916379377
-32.4747535791
20.2539008381
11.2101331549
-10.4599338410
17.0017354921
1.0574058625
-18.6012893817
-0.3482947962
-11.3619268116
-23.0853370827
-13.2965452206
-12.8536252726
-12.0850498405
23.5220024709
13.8823502906
21.0971999164
5.1012698462
9.0988989285
17.7385473851
31.6925474543
5.0818376789
-37.4964454334
-14.5354986504
-2.7060742900
8.3151739985
-2.7731564404
-18.7928437939
-12.4763072415
27.5583465988
30.4020442038
-18.5557593708
-11.0267777338
-6.5964127137
-14.1308228581
32.3325426317
-17.7357710027
-43.2940634863
12.8249422568
4.3222139013
-3.6471543652
-6.8239830906
-24.7020327101
6.7314858809
36.2740776899
-32.5369778368
-21.3995115862
-18.4257927014
-4.1504118082
24.0284163964
-25.5905553268
-10.1425317486
2.3230441003
16.8203610016
-23.8147289827
0.8868288216
-7.1149293880
11.0215495802
-39.3344157057
1.8535664623
-25.0634817129
-18.7442076727
21.7559374480
16.3976772756
-6.1019341452
-8.7835122160
-23.3539082776
-3.9215152718
-0.9698653301
4.6866792239
6.4355171275
10.3374029901
-3.6632958701
-20.8175639196
11.9399592172
-3.0380810031
9.3411623890
-8.3841886511
26.5606165632
10.9581966508
-17.0973520393
11.2029840619
0.5825871481
-3.9490418277
-7.2626119976
-32.0578630412
-23.6984944635
37.5511582335
-3.2825874353
46.6031716282
-1.5619295464
-1.0644746454
-5.2263200731
4.6366000578
14.2397957397
7.1795650658
-25.9371624652
-5.8482098793
11.2152334116
0.8622682977
1.1573370854
35.6434811070
-25.5852736446
-8.7626950076
10.1899771711
5.6461911743
12.9911793077
-30.5506484570
8.2317957320
-1.5908466296
-1.1345445183
11.0284746876
2.8862751264
-7.8979955485
8.5802523099
-61.6257419173
-7.3425262505
-31.2522614303
3.7178221885
-0.6137193376
11.4309609440
12.4266513526
4.4162156601
-13.5030584154
4.5820496244
32.1792574665
-16.7455805859
11.6961059045
-14.4249971838
12.2080643038
-8.3212045499
2.4770701089
-1.0161544960
-1.5579648871
-40.2477980664
-10.2419849234
-15.7669682651
-7.6467817532
-20.7138362538
24.3423044461
-2.7320109629
-2.5257210977
12.9327443374
5.8567231514
18.0964955556
-5.0064047020
13.0688071491
0.6516590286
-2.8846872326
-28.4561908757
39.9757625852
-5.8502332989
-11.7683624839
15.7773976763
36.5164615001
-3.2434259905
-34.8393886262
-5.7012238145
4.6702663589
22.5639494764
6.7494523235
23.4307546966
-26.1653083096
20.6934261226
17.2269972423
-1.5731884059
4.7812289454
6.7789867633
-11.9122013274
16.4684601912
-7.2943862847
23.7747133390
8.1412954296
-9.5200015246
61.2509402658
1.5556407246
-33.6688774986
14.3123771809
11.8638649216
-12.0570019477
16.2071533567
-9.8697026201
5.0183884373
21.2763847994
-4.6731881172
25.8072258804
-51.6008762925
-0.9392190912
-7.1876874930
5.6465334885
22.7118308419
-1.9223163769
-1.9753323712
-7.6363528344
-2.8375202005
-26.0564464846
0.5992470203
15.1909934814
47.6885478817
-12.6995298321
-1.5129837348
25.3441479576
-21.5752228030
-10.5830535038
22.8088320283
-33.3651339657
-17.8345620333
0.4847095171
-5.5650801403
7.3479127826
6.9460503653
19.4572260400
-62.2854701208
-8.5863053384
-1.2199270082
-16.7859364886
-12.8681650892
-5.0288207665
-14.6734040833
18.3872353497
28.3932838706
4.9629015916
-26.9251165777
22.2401717273
3.9688258731
-2.3475998754
-17.7239144573
-14.9380229630
8.3545641165
-3.5705527126
-31.8619421827
-26.3366923595
-36.9580532884
2.9538929816
0.4456484549
-10.1322320204
-16.7115932104
0.6212386182
10.5886305645
3.1304536118
-36.4027701464
3.5947214065
-25.1576833123
0.9862910577
17.5203115666
18.3905178877
-1.8688559323
9.8163542312
6.8766617043
-46.0865201205
8.9640118455
24.3880584667
6.0677454970
36.2101390764
16.9438810020
-1.3188945202
-19.7502581625
34.3439935953
14.4871151715
14.7774795628
-9.3286947178
44.7198902737
-29.5976422692
23.8232793564
-4.2051289697
-18.4986851722
-9.7334861135
16.2918288366
8.7034237323
-25.8259174254
11.6665049202
38.1011137975
8.1535419858
-6.3139779105
-0.8265967172
-0.4194321510
-14.5437039799
2.7782741780
0.2600317452
28.0809257882
12.8432175652
-27.2820486480
0.1409587310
-2.3116859862
-19.4795041636
6.7829052114
21.0561375413
19.2704945481
-4.4269181181
16.0247975563
0.6290150351
-8.3057747213
20.6745619447
5.2956909209
3.0164795604
3.8314795024
-4.3637392635
-11.2878697221
-3.5789089399
19.4057619962
11.9500246768
-11.0724484860
2.4665849409
-20.6212027156
27.1341163545
-25.4135954746
13.4469876735
-26.8561768876
24.9741510769
-18.9598101883
9.3935275534
-6.3310579470
14.0981601842
-20.0493587328
7.9080472563
9.2124840621
-5.8131149963
18.2809414226
38.6584869281
-6.7632445088
13.7819618814
13.3784746857
14.2681236612
-7.4511330505
23.1581330193
-12.3821129292
14.4562760867
-14.7209696853
-24.0578486861
-2.5689002007
19.6459481710
-23.1624133014
-14.0384926782
5.8384189919
7.6794088115
-3.3263165845
-27.1981041573
28.3489463740
13.4462238136
6.8688557705
-27.5187910653
11.7605715369
8.6389513003
-33.6931100299
4.6576766656
18.0960575991
-15.8176732533
7.7621730601
2.8145859327
-9.5618200790
8.5815419801
8.3567645653
-19.2947921315
-20.4314681027
3.8252629590
-5.9361868986
-17.4294257934
12.7560299224
5.1123346594
5.7445933649
-7.7225671611
-19.8260825222
-6.4879239203
-33.8058885973
25.2641933920
33.2864621607
-16.5688977247
-1.4044568764
-13.2387542167
10.0087827500
-6.6891331500
-10.6819613261
-0.9969546966
-20.7319152239
29.4253080702
21.7598884986
11.5355231328
-28.4231739349
-18.7681328493
9.4276036353
-12.1263945052
-13.0674245852
-11.5749041443
4.4526785249
-11.6258807572
20.7347042252
-14.9299727190
-31.3349056534
25.5406405777
-10.2941276157
9.0436107314
32.4222690230
-9.1951047378
19.7376612180
4.5312049719
4.6327591401
-14.6091186619
16.6737377087
11.4975506741
-11.4876902280
-3.1675858253
-2.9925000410
-28.3773047669
50.3397287554
-18.3993301038
-7.1574128496
-10.6237951996
-0.9016975560
-21.5139653744
-24.5001573886
-4.9946272664
4.6424507932
-12.0631225954
7.6120554098
-19.0214555504
-17.8872973173
2.6538957219
31.2710005192
1.4821228311
-28.5946421211
6.4429864741
-15.9713486448
-20.0732337503
-4.0616007100
-1.9376436104
-11.6086691934
4.7742164411
9.4347541093
14.6237912877
17.6089528556
22.9967210272
4.4258668638
18.7090108670
13.1616752311
19.0911825909
-7.3592495718
-32.8752228783
30.4259081274
-2.3507066143
11.5413501915
17.7708136490
-2.4556350533
8.0190358244
14.8604776718
8.3384525952
13.5888845735
-8.2220870745
-16.1089448778
-6.5535573073
-4.0209340797
15.1291544621
12.7094344838
-18.1883123217
12.4271114089
28.5273699188
4.2010358106
0.4454691929
6.6712626368
10.7506027171
19.7279200461
12.2132899640
9.2661168995
21.9997551956
11.5497616818
9.3217268017
-10.6726352159
23.9633516716
2.4451057028
3.1678115972
-23.3633716000
5.3269704703
24.4512266184
19.2822197414
-1.3138133708
-18.7906088180
11.7832767347
-6.1419915136
22.9137281908
-26.0668982242
12.8535464431
1.4676469215
-29.2724390014
-5.2191786019
-0.9573095533
4.7019158287
-27.8300400248
-23.1052121105
-0.5410906323
14.3340804933
4.1171785174
16.0019102070
32.2595639957
7.7821234462
-15.4708526616
3.3179478962
11.3206852452
-17.0405649000
6.7974877400
-2.9856574817
35.4451651042
5.6058905738
7.5609682264
-10.5961200101
12.8330656819
-21.8668198372
-3.1927048813
6.4257413291
4.3597355111
11.1107244471
-16.5785926317
-2.3868356536
-16.3141397392
-5.3799132658
-23.8816051016
-6.5009462266
-9.6761095267
23.9595031910
24.9663615371
-20.2478739502
-7.3475876237
-13.2997117224
-15.3711514647
18.1210903936
5.7229653558
-7.6448631557
8.1600365373
-22.6663820592
10.3935112888
-20.0499707105
-26.2122945401
-23.8618474761
-0.9880013392
18.2429261036
16.4384169913
-11.5926729447
7.1369352400
16.2410824426
19.3136998755
5.0081321469
-9.2845050795
14.4450405610
17.4687877101
18.9823382798
13.7805733125
13.8000536289
-5.6474331568
8.9551151341
12.2358373271
1.5010499201
4.4648362704
4.9653884262
-30.1455998765
-3.1919322755
16.6506829337
-9.7604933218
-3.0556599487
-14.6714432857
-16.2743312010
-24.4381657140
13.8153393454
-8.2351485156
11.1596979655
11.4302452672
24.2700473375
-5.9274192699
-11.0211007057
-21.1452102544
-8.6172430121
-12.1544579337
-22.3964616303
1.0801691585
51.0299217808
5.1507502237
-17.4512492779
-21.7387408803
4.4191707556
20.0946578439
10.4945861540
-3.4501156530
27.6779431012
-6.4919028731
13.8340988451
-15.2080583545
38.4862812278
-13.5641207320
7.6758102608
-21.7523596858
-23.2942621287
27.1916670403
4.7181346922
13.7006352393
39.8153017536
1.9907304900
-17.3017407128
-8.6578564338
-19.4051431274
9.9730165440
-15.3051273214
-32.7623994539
22.2885892974
16.2586883905
-18.7240050416
16.7570880093
4.6054487459
-40.0427508994
-3.3454461330
-1.3907612986
-9.2183959621
-24.5429834128
-1.3019053494
26.2262687063
-3.8368625699
-8.1821982018
-8.4137830111
15.1240538653
3.8508621355
15.6090664298
14.8297718598
-3.6140658399
15.4204844628
-1.1555709926
29.0795436941
26.8099277747
-23.0456019622
-26.8303368503
-6.4857199918
17.2094310503
-32.2769188644
-5.2050795899
-19.5558137896
12.2804890367
-40.6349458228
29.1571513417
-29.8440383039
-13.6078770029
3.5849345106
14.8822929037
2.7537374275
-12.7489774526
32.9670278652
-6.1581700072
-31.6585388577
-5.3921053662
-0.0898045977
-72.9806250781
-17.2918878678
2.0475343628
-3.2001390319
-15.6269293173
9.7008367138
17.0484511401
10.6617849450
-0.5972281083
-17.6838034326
13.8840554653
22.4810415463
3.8245325699
-21.8447401409
-21.3475391273
-2.6093911671
6.8236548701
-7.8092674659
37.2158590054
-7.8284979157
-11.9527476202
5.2241245514
5.0343242617
20.9601454701
-18.2421167786
-5.5766695072
-20.8356371334
13.2813431339
-17.9406840860
-14.2543327457
-12.6406974975
-14.3031168403
-26.2622806952
2.1618678732
35.0608731386
-26.9709822274
14.2570270486
8.9893562831
7.6433346814
6.8629133877
-12.6376700327
-4.1398760940
9.2102406190
12.5005022996
-17.4514974494
7.9564247013
-6.0555238401
4.9200900216
-1.2867610041
-4.8386483624
-15.6291845559
13.6870948514
-25.7770528800
4.7279352321
10.5686701110
-12.0392242406
32.3670019753
-8.8061392154
11.8432261980
-2.1183010309
10.1515846455
8.9180811848
-19.9590956796
-6.2503131791
9.3955118022
-6.5131264901
9.2879418417
-33.7686561770
-7.3886954375
16.6239896233
6.7116351658
-19.3881319953
-4.2129512956
28.2195013394
-21.1864797219
22.9917340015
-4.9938235790
-17.8412908394
24.2568304555
17.6207642046
-0.7503473150
9.2562867590
21.8056825353
6.2506551963
-4.5699132994
-8.3055913843
10.6969866102
-1.0225276971
-36.6252353253
2.5467798656
-13.5849752134
11.7882575639
23.1666677685
-26.2929090544
7.4927279936
29.7762160433
-12.3653061031
-13.6700349804
-2.1752015225
-25.8513681719
20.1164782414
-10.4805543956
-8.0849228194
8.8151646484
0.2850304772
2.3669231472
-8.4897046761
-35.9999218467
20.4795653730
-14.4723637718
-9.6260919329
-24.4161042273
-3.1433702850
-9.3635900227
8.1303280245
3.3038149613
5.8116902461
16.6473398644
1.9578959250
0.3320526950
7.3504021536
-19.9477064012
25.6443144090
-4.4441538486
13.0422738199
-31.7871578655
-10.1061051395
3.4867908614
-22.4953207208
-7.8657891407
4.7599244906
6.9962250171
12.3261962217
49.6222852863
18.3543021369
-6.9985431513
18.9859603485
-4.1905596196
11.7050812163
9.3203573807
10.0357077566
-21.8665959487
12.7319394008
-13.2957089610
-8.1121025276
-1.7199535838
-13.9863244369
-9.9550306326
6.4050247756
14.7685273506
22.4149660341
2.2403741870
-10.0873807276
30.4955059136
3.2681707066
9.6652501716
-17.7022339324
1.7293386541
-1.0383734198
-26.4497157597
-15.3844157165
17.5301110427
15.9232184606
16.0725600109
-15.0140820667
25.4432473113
10.9187068098
-4.8038014768
-3.4829459299
2.4750940783
-5.4398619957
14.9581105962
9.3641194993
-22.6430717583
-3.6742533005
3.5736264223
4.9484866676
-1.4033775520
-13.0277129478
8.0119398099
-16.7787169888
-9.9695668095
-11.8374962135
-41.0926665445
-21.9265133633
24.1432100038
-21.7445978832
6.5973374356
-11.3553824491
19.3331912367
-12.6664469213
10.7686523830
-14.4596243483
-18.0426154887
-14.5247146911
18.9661999877
-7.5152030734
-39.5403771750
3.9892323093
16.1475226247
-28.2676633646
-13.4462346284
-21.9066441119
-4.1648080744
-13.5980786858
-5.4951217913
5.4092627564
-5.4064080252
6.8469278555
13.4360318403
23.0639783822
-23.9128034895
0.7381340458
14.4304617467
-12.1533693710
11.7583322161
31.7394856648
24.8616436936
-16.5151838698
4.5134460151
-18.9922498356
-14.5292409982
-4.5779048328
22.1379958610
-24.7199522789
-13.3557393350
12.7850946672
45.1303295227
12.3472946960
-6.3998114124
14.2705502040
-2.4171932696
-8.8055174309
35.8970848643
-13.8344677150
-10.0197477117
-30.2320175213
12.2298554786
-15.3529457360
15.0381073153
-2.8019702895
8.7829881238
-33.1260859670
-2.0924148859
8.2727747747
-1.8306926318
23.5460697529
-30.4819792897
12.4744947010
-18.6380163190
-7.2853467372
20.1391908173
19.7468870999
-26.1654366761
15.9776810850
-2.4171638806
-18.0384808432
-7.7531077288
-3.2495468061
8.3730745203
25.0506056970
9.2958176517
4.5818970218
-23.1407271952
7.1321413731
3.6097373087
33.9829754258
-0.6482996177
43.1018586020
-11.1333639529
-9.6986831511
21.2655708535
-3.6171684110
36.8140535015
8.6870192166
-4.1526851874
55.8487337061
-17.3318504302
-10.7805806941
-14.4939667491
-9.3608259541
-13.8602070846
-25.8044531507
-19.2630074243
21.3567036964
-13.3711189572
-17.6900311303
-29.1496144926
17.2760624529
-9.0283967842
7.3635866584
23.3879961375
3.1286731960
-15.4871298238
5.3468824141
-27.3433819385
2.3293892425
1.3403715425
14.8844282901
25.0984891449
9.3750076127
13.1320730458
-6.9330681414
-12.7280120610
-7.8798940076
-9.1901519607
20.7548172526
22.0292518319
-26.6941857190
32.8240169115
19.8569202583
7.2210504469
-12.9559254975
-8.5234828488
8.1960271777
26.1013822544
12.9041500152
16.4985992535
18.6965476824
14.9511136627
21.1260869338
13.5351430398
-2.9467110426
-21.2249218774
16.8268244564
-12.1424066889
-17.8972346894
2.8414616802
6.5346499288
0.2912611337
-10.3884071726
-27.0539297039
10.3104608849
-3.0604955767
-4.1746881878
0.2853152785
-22.7386056611
5.4112924962
19.0565665314
11.0150172841
1.2858923182
42.8265875291
12.8675239775
-26.4723905480
-18.4313467122
20.0781378755
20.7942371594
5.9737838762
-37.5427476222
-16.9342385796
2.6813165538
-12.2895100873
-15.0680266674
32.6915137627
20.4010098609
26.2321745108
-4.2231620885
0.5826415426
-10.3799773847
-6.9171541259
-10.1137409477
42.7723712931
22.3984538101
-6.3437813891
-27.6405622781
-16.0790806642
9.9298471196
15.5563766916
4.9651091133
18.1544920729
-0.0137961632
-13.5710074748
-16.6051605013
-32.7044367302
3.7664307477
1.3734361137
-32.7521311148
11.8618945509
-17.8782888208
12.5810418370
-25.8799485262
-4.2216934964
-5.4315015627
-40.1181199177
-6.1331539484
-6.8980075737
4.9005008384
-21.9589029469
-35.6200714060
16.0756793617
-4.6486670449
-1.2998169847
16.3584116430
4.0669773779
24.4597635838
-8.1238979268
-38.2765977202
-32.3543368675
-17.3606877516
-11.2230383265
-4.1482555728
-11.7665508376
22.1895068373
8.4653691270
-6.0211381221
-3.6453109733
-15.0804441982
28.8209505901
22.9824998050
26.7786076269
27.7184709011
57.8095675714
-17.0782859858
-25.3270826017
14.2724365422
-13.8286658539
-24.5927681194
3.8101919220
-18.8677731631
4.8531591081
-22.1216144830
8.0698750070
10.7903226307
7.0802945532
-5.2300063621
3.5084668678
-25.4279431505
9.4455404992
-10.2294895591
-10.2838175716
-27.7207261220
9.9740812027
-36.2876759033
-12.3418717195
13.9890767502
37.1962065764
15.3445519883
1.3615288426
-31.1903033268
-18.9862941153
26.4264642837
7.8499409747
18.4140577303
14.6020102808
7.7332908385
-14.8605310516
12.1325373920
25.1373597457
29.6850683561
-13.5508446863
-5.4609317619
1.3147115203
-12.4769621018
23.1198170346
13.7898958785
-22.7503065116
-49.6984322628
15.8424803423
7.8175792342
13.1229217382
14.1295129051
3.9306390015
-5.4952070155
9.1280968281
6.5562135851
-1.7404280254
-6.0777515233
24.3325473416
-10.9134438176
3.3080617061
7.4379648633
8.6112846006
3.7874003379
37.0525192143
7.1919311045
14.5035088657
16.7673427297
-7.0303550497
7.9221893451
9.9765163588
-30.7458825961
-34.9244961847
-3.7139367479
9.6355042959
-15.6661361523
-8.5220829786
-9.5036943616
-20.9873914331
-24.9427485898
-0.0645647039
-14.2704892619
-10.9829419556
-18.2955995943
13.5961385403
-15.7397126671
36.7227673462
13.7086912259
27.1583885384
29.6060434002
-2.4711056448
-29.9435140035
-20.4233081129
-23.7864050309
10.5128696214
-33.9403361091
-45.9487241687
8.5997471020
-5.8935532642
-21.0696724374
4.9061404044
-7.3988463716
14.7749422943
-12.9648268457
-9.0994085202
-1.4770221156
2.8545163057
39.9693953684
6.1886584787
-16.7962536066
-21.3938939250
-33.2666041467
-24.2679552787
-32.5595018265
-10.5634920530
-9.2267469073
6.2788014731
8.2063250296
-9.3641028161
14.4745342069
-10.2608083100
10.0080019345
-7.5938086435
17.1439466947
-37.8467667332
-22.8164179899
-42.6358442189
-26.6359227602
40.9531646378
2.4805495800
7.2773139509
-6.9409386354
-36.1758899478
1.4741972395
15.6179988936
-30.7386051051
20.2961951967
3.8563226809
20.9353762434
-16.7157330632
22.4177935778
-3.9316713455
-7.1184601218
-1.5819743275
-4.4628127084
-22.5870131955
17.1229440159
-16.5934807315
-31.1951307105
-46.2890047410
28.6783184315
-3.8484906559
0.3146667614
-30.5147680826
15.1874159756
18.3802559083
3.0915626020
17.5452409479
-18.1807232613
-4.8168933342
9.7266516519
-0.1787517422
-18.4802132521
-4.0058937928
6.0771455522
6.7989190161
-39.2127876652
18.1152129065
6.3300112030
-18.2389608691
-5.1407896602
1.7034047767
-6.6767778561
-4.3384634654
0.7376968209
14.9314318648
10.8700373985
-5.3280480052
34.5624045657
-50.6395702106
4.2883304741
-7.1644262853
26.8252600005
21.9794751486
-18.7411024984
-9.7441038825
-22.2816926619
-2.7783749887
4.6862629914
11.7270210152
-13.9398717673
-17.1652055745
-1.1944738991
31.0888501817
7.8387004341
-10.8023121961
0.0415847067
13.6060608140
3.6996292591
-5.9929494397
6.5239151455
8.7958259170
17.8635997875
-22.1826119711
2.1651424223
-3.1612342325
-1.0222852948
21.8579456782
12.5332899106
-19.8095260165
0.7847091568
1.8019569283
-0.3760973068
11.3219455679
-33.8220694160
2.4317658873
12.4235128032
-24.8590883558
-38.4530407159
-0.2349816206
-28.3983553415
-12.2273358352
-31.4732794930
5.6621459578
3.8878802374
7.8442060413
3.5099240531
9.1879626488
1.6125112591
9.4096870617
-32.9979032321
9.0841997883
-4.7632015863
-8.6434495686
-29.7588019333
-8.9230913644
20.1430521122
3.6675953340
3.2065134887
6.4678175981
-0.1978927639
18.6759091744
-4.9753172507
-2.2189050148
-18.0509046588
-6.7848284545
21.1287357149
-10.0956758455
-8.1046882193
10.8701269380
19.1865721513
-0.4387862818
-25.7056466656
0.9677670120
7.7182545996
-22.5770981440
13.4345087670
-4.3570652664
-18.2931538687
5.7764798329
0.3529977129
-9.3658673247
-16.0895714947
-19.0825525456
21.3195189191
17.7821867663
4.2697455994
-9.5697203741
3.5339875780
9.1975973734
18.1983560640
-39.3955273984
-1.9947628414
17.7577663941
2.4392881038
8.7700102274
-20.4492911788
13.8430224697
0.3795952838
19.4175735715
-24.6627998393
15.1915300726
-23.0945608717
-18.8709145583
-6.7350889958
-3.0171834979
-8.9376802991
8.5798134135
11.6514067036
-8.3727026833
22.8251404254
-9.0364017894
12.2278414652
-16.1788202558
1.4646610818
21.1264500511
-44.5860006775
14.8213153819
21.4609981773
20.6946705109
-20.6103614679
-7.1292438155
11.1891484402
5.8932929160
-31.7010984065
-5.4904411804
-18.9780907319
-27.3852466638
-8.8544264080
-1.2260994201
9.4908816398
1.1049636570
-4.9470782773
-14.8116852772
4.7906602047
34.8826353640
-0.1135519755
-1.6782090678
4.5767160362
-7.4548819126
12.8519402119
26.6906815909
5.0194721000
7.0128161404
-5.3790057380
25.1687206333
28.5501490766
-40.4325520263
-11.1314856981
-47.6935015651
-5.9290985475
3.3535992960
-16.7090194656
-20.1883314296
27.4696626088
-25.1084679310
-7.4927641154
38.4881140776
0.6014026493
-16.9146094938
2.6548351836
9.9900801461
7.2037323838
-7.7712321764
-12.0979793538
-22.5148504934
-12.2642877439
34.4333822996
18.6674557067
-4.2241272686
-25.4474124987
3.6206798898
-10.5205660133
-17.8436183072
4.2267154109
10.3885042469
1.5561764661
-24.5573022450
15.8756796324
21.2738378591
-9.7109147641
7.2883146450
5.5889714642
-12.0171464573
-28.6814833937
-15.3804432382
20.0556329086
8.7974194602
10.0705498882
27.0332245308
7.5701216534
15.6910172566
21.7152105995
23.0473446995
-7.4093330874
-15.9558049824
8.4722336090
-12.2858604743
3.1087499106
-0.4299695567
-46.7500234322
-4.8802006000
-4.2534530171
-4.1333783051
7.4212330002
-22.0218556615
-27.5745193432
3.1762721184
5.5848961984
-32.8631858575
-6.9927646672
6.9778806548
-5.9316348565
12.2299920954
8.0198995496
9.7906815723
32.6369240185
0.2927229814
-4.3536698012
29.0315019468
-15.0649430806
-34.2282423783
-1.1023946967
26.4430016650
-15.4747496033
8.1155325883
30.1377161756
49.1445472663
7.6675345103
-35.1023266755
13.7616341408
-13.2353823999
3.8342851170
19.7657166462
9.1487976676
-7.3637280163
11.2105078799
-9.7599598759
-9.0678675759
15.0031648074
3.8412010708
-33.2113765021
14.4586381897
-14.1265112071
-3.7570326059
-18.4064494351
-44.4307248504
-9.0303189306
-17.0027057167
-0.1652774996
25.8037425620
-4.8190836490
-21.1090543022
-1.6271673890
9.1431597107
-16.2481970034
-14.1464690787
19.4336883043
-10.2649439658
9.3759304473
-15.7313835456
29.2558761255
8.5320713477
7.3742379621
39.5615213520
10.6019256032
14.6818917207
-13.4174260116
19.6387105270
9.3787003398
17.9344065977
-24.4101932853
-13.4004069328
-31.3277574709
11.4761836511
34.4215843968
-21.5127528993
-21.9308149674
1.2112810448
18.7468982007
-10.8077456230
-43.8539720843
65.6404491536
19.8344798340
-24.0251514857
11.8850386905
-22.5843315724
41.0912446000
-20.7621866141
-33.4330746942
-2.6076275141
11.6850388472
-10.3757462950
8.1186728242
-17.6951361504
50.1421883969
15.4041200010
14.3022418024
-5.5417033755
2.1363015437
27.4238724230
11.1794006990
-9.8134415274
-14.0640138180
24.3002718993
4.1584615471
16.3079061374
-12.8352766699
-10.1937727270
-8.1446371000
5.8976197960
-20.6246355940
-24.4128918990
-60.5447852930
25.2449511359
-0.6352526635
4.7358405166
4.5041090937
13.5480002724
-0.9752407904
-5.7415563760
-3.0883067660
5.3491360016
4.0241186413
11.1125924758
-3.3474570970
1.6160302090
31.8297512765
-19.2074633663
15.4327365296
-21.3210318065
-9.3973700604
-3.3993812349
28.5811546790
-3.1007361500
23.7564707085
17.5797672111
-2.3425444068
23.2969207323
-11.1041734447
10.2013139547
-23.7207042176
14.8996848822
-8.9525830774
9.5329306299
10.1976037901
-11.4014894064
30.1425109454
40.7515170106
5.2692520243
13.2698717215
19.5482409516
26.7341532273
24.0201978716
11.1612218421
-26.2954514364
-22.3684428589
7.8039853930
18.1678092381
-10.6730227323
24.0366331285
-18.8022994178
-28.2895196045
-3.2821157575
-2.0561754377
9.6694590277
28.0811712688
-10.4470543804
12.6961114411
-44.4411206192
-6.3674579009
11.1389594755
9.3002058161
-0.5766841083
-9.8485587464
-4.8293406825
13.7510231087
9.8319611715
18.3058484681
-38.3643182538
1.5756945999
5.3824950003
-42.4802616949
-36.2961306756
-14.4151079753
34.4668158215
4.3890274123
22.7144674690
16.5242244346
25.7628883196
9.3914646732
7.2327060542
-6.2780960951
2.5867988894
-9.8964177942
17.5470363854
-10.7285419684
-8.8980711562
1.0581954858
13.0724860365
40.3438708558
-9.5636946922
-15.8577726380
31.8696992929
-47.5853181813
18.7526385838
25.0976185552
13.4454308758
-8.6169860281
0.5637140886
4.6655318570
7.8057686804
-31.9217057161
19.8151204892
19.1589199803
7.6135186504
-6.0474608055
22.3792622010
-12.1315517204
-1.5382379226
-12.8921572218
-28.0264819360
20.8873853703
-12.1800387968
11.3371283962
15.4066360530
2.9975481607
-14.9360574655
-8.6515755579
-11.5877576096
23.1213873355
-52.9090920245
27.5587325543
2.8212074704
-25.1599607859
-15.0262546302
-6.8360729329
-33.9867477013
-24.7427801950
16.0755242563
-13.4927635651
14.6132653665
-5.7253861495
7.4906929547
31.4678188950
1.3425617227
-8.5562657188
44.3521097416
-33.4502314462
21.3744038082
28.0869924283
0.2403854580
32.5325176857
-24.7282071652
25.4955156268
16.7911602306
11.7590172994
9.7396760644
-8.1762800465
-11.6006245045
-42.9250126013
12.6980248696
11.7101343807
7.8966335613
-18.7704759789
-19.5744421364
0.2349343000
18.7324075557
29.3024566583
33.6174958769
-9.2883610040
19.1724198421
-1.5753037834
15.3148906685
11.3417602464
10.6430136622
-21.4746407652
-4.1312630024
16.2869217914
34.3547724798
0.7506648091
-35.1426283261
14.4160265563
4.3244800662
0.5063344835
6.9011148502
11.4123161946
-17.6922110753
-6.9558238023
-3.2401252530
13.9032830165
-7.5294579833
-11.6952730580
-7.4309204934
-11.7395572152
36.0209805585
-13.6409906044
-31.2433709003
10.8120893186
-18.4554440513
-24.9759648182
-13.9205747726
-30.5861961623
14.0002145151
14.3321706449
-22.4621214133
-19.4533808162
-4.3623789115
-1.6997351311
-12.5318152483
36.7822206409
-8.6560441115
5.5945366929
21.3302840189
-16.4319095518
6.1251232765
-1.0275029888
-5.6894334253
-11.3031591532
-8.1692667232
-11.3399372477
1.6420612150
-8.0423295357
-4.0146262605
27.8204132297
6.1664876563
15.5035646619
-9.5998760519
-8.8682814046
25.3268590208
2.4448025270
13.6928440013
23.3969028632
26.6377077823
-1.3313761754
-14.2638902999
8.4865662845
-20.3694852214
6.9062867959
-17.4730501450
-7.6751229750
20.4329690541
-10.9343061766
-14.9072106133
-10.3325304359
-0.5806709090
-8.8095482914
20.6657989350
0.9726403272
7.9378329564
-15.8036563284
7.8501748773
-17.5306027496
-28.6743460040
-14.6970397092
7.8986272123
-27.9762838667
3.6775822173
11.5900105760
1.3085646956
27.1832637949
6.9023188904
7.4810753965
7.7514324456
-30.2064588189
25.3892045141
-34.3371210028
-15.0588874267
-22.3039779365
-1.8196589721
15.4143681078
-2.2324868228
10.2897116880
-1.8523051455
17.2291444744
-23.2787133522
12.6474605832
-1.1973375247
-24.0044915712
19.2370411843
21.1974586066
7.0941616115
-19.6082883693
0.7762915834
-58.8582717589
-25.7681359414
-7.1144108920
12.8076278924
-13.9936538433
47.1667457755
6.8069168516
-7.7038396305
-19.3986432975
9.2350037544
-8.6453512086
-3.1831646423
-6.6701183235
-20.9839201964
4.5173600936
-4.7872012427
15.4619073994
25.3810975429
-25.1706862327
7.4304033657
10.9790611160
11.4971826099
-28.2515245848
-8.7257402515
-7.2830745296
-28.8309019220
6.6042503244
-4.0952707669
-6.4511534552
-8.5143761675
-29.8793723214
-19.1102275753
-10.5258308778
-0.2027209986
-9.6130326140
-7.6401619503
-11.7876681741
7.3219198934
-15.4721911032
22.9705464146
-0.7221307241
-17.8738264485
5.7780794604
4.3684137065
3.5285433347
29.6339832749
34.1883522208
-9.6523029897
-3.3529678922
-9.5754947413
9.0050940786
-41.3036291132
-20.5227149370
16.5361640606
-0.9725492737
-10.2023860869
10.2389805996
25.8379778009
-9.2173440129
-13.4634104506
-18.5299776132
-2.0407442132
-7.6995438209
-38.2227975457
-15.3852782032
-37.1421774346
4.1370609298
-15.9692756426
-3.1063034347
29.1233511698
-22.0311501485
4.8639830863
-0.4305478165
6.5417792619
-13.4710319776
7.1932501543
9.3456326667
54.2655304496
16.7167580008
-3.3694018947
-4.3404899205
-22.5488283453
-30.0384110963
-9.4002662838
10.9372058672
