74.6068452024
10.7860651193
75.1549019479
-6.0773009725
43.3144685145
83.1485464283
-51.3853484001
-106.4821911473
-139.0726469761
-86.8925205046
-14.0861827683
42.9679357940
-59.3974633804
-50.2457931564
53.4854546986
-100.1814542782
17.5307103717
77.2492023691
49.0797952253
-61.7094119495
-52.6782746628
-62.7160685531
115.3190200127
-6.2472548157
58.9390633798
70.7891324943
-140.1741124178
-9.8311937658
69.3216663751
-17.5790060419
39.5385355335
61.2229048110
-87.4186020675
30.5856388844
57.9593465593
63.3447505744
36.4222739158
-99.9087731864
-44.6995711541
-84.0483106195
-113.7660665548
14.8979739570
71.6409594930
-106.2626556727
-10.4824291815
-87.6285433926
-67.1652901631
30.5521703109
-56.8045590508
12.0584696146
-120.4394523844
-153.6931088082
-115.3677928091
-67.0735837765
-166.6613802442
-117.2912230913
72.3456348509
-85.1844382815
-43.0025763153
-12.5748596380
93.6597604034
70.2181690316
-66.2579223611
8.2765298483
-129.5366657592
-41.6611118687
-19.2031783298
-154.6759631384
91.5551938604
4.8420901563
-26.0743778314
9.1993617585
8.6039677645
-19.4258853790
145.6313923672
59.8259257143
1.9912827637
-162.9042713186
-103.5210631990
-31.6498260193
174.0656654208
52.2200534464
-23.1413927020
139.6328146659
47.6493022001
-34.8463671523
-131.6126805666
25.2032211360
-4.8020012556
220.4693970857
-35.7881338539
71.5644112719
-25.3186663733
-79.8577080925
-167.0199984911
49.5467840404
117.2483904607
-53.6847494133
122.6965364990
0.6159091098
-136.8923019131
-88.7512537607
-5.8795955781
-1.2393312555
-6.3151567560
-4.5794230713
8.5847551874
90.6872528387
-147.3969755549
-143.9426176394
-193.5356628986
-7.4431689249
-50.6300922345
0.6497491064
-6.0521640941
80.8136945450
-64.9564559956
-70.9871225153
-54.4110790735
-106.1587060049
60.1923666339
-18.0593065913
49.7993280331
-152.0423881962
-50.5267758355
24.3931521451
-207.0196942459
-114.1465975575
221.8735521463
75.7234331511
73.1030801354
-118.1501418500
25.8990737349
128.5884823375
-21.9353307774
-104.6098313378
116.6826733253
56.2609841072
39.6190286505
90.2259794413
-16.0286524411
59.7452162283
-80.6132136386
-137.1042472736
-45.6296659957
22.3956883662
50.0935996980
-169.2445740166
-13.6163795126
20.0516512418
28.5340878500
124.8372900885
86.6727176187
186.2497929688
-97.5617198960
105.3824835946
-4.4119951501
92.6416288150
94.1669786179
89.8758529703
-73.1732566269
-106.4567591726
-118.8265327826
93.7348966909
147.1564117992
-86.1358534346
42.7742260572
43.1813950211
127.8294079891
-126.7048998297
78.3744478550
106.4413966745
59.4294578299
170.3168247623
175.5465203007
1.7238556036
44.4078052256
9.2997984407
14.7253604338
-20.4771567140
-17.7727642540
-4.7247384686
-94.5862123654
-1.1126960023
14.9413701210
-18.1449341874
-60.0758900791
-221.0553831611
-89.2024203845
-0.9502422866
-91.0629508862
-63.5843430839
-4.9504760810
1.6326780097
-51.7323549462
37.1792235810
37.5940355171
-32.5538775278
71.4770278100
37.9402905333
16.8210680804
68.4250475958
-18.5402945389
20.8112300537
-34.7476985665
-154.0130639063
-125.1932183175
-30.3659914606
-4.1404613397
96.3530607686
15.9742243204
5.0235673028
-72.9004276519
2.9627095852
128.7855510323
-68.3637146640
-16.9196306454
-66.8692881489
-117.5209986813
89.3669346369
-25.0988875331
-78.9181036858
-137.8528094469
69.1095456655
-128.7938008289
44.7284882136
55.4324358284
186.2808309831
-4.9722531563
66.8681763862
44.8007578679
-51.9772212748
39.1890679060
54.6773425129
135.2392004726
-46.6799737598
-163.4708491089
-44.1874259675
105.2070091195
153.9998677389
213.3759459320
39.4109841487
51.9984364843
-87.3492250305
168.3127566460
5.3825214549
-169.0866154414
91.9045559988
-7.6950292265
-26.6751102524
88.1835502818
-21.3800166809
81.6798468432
104.7969048711
58.4930871610
-69.3422457918
11.6982891414
48.7635744906
2.6756679417
-16.8061691480
-57.2225446908
101.2453106410
-42.3141455942
98.0409480498
-45.3316929620
20.0759234747
59.3748852322
8.8104306263
-37.6285308161
-57.6394964964
79.5430152102
122.3514156550
96.1913998748
17.5514782646
-24.1349383956
45.8425266085
-51.0275283025
-41.0519669118
64.8116133948
-144.6814888295
12.4415191546
-8.2372426207
6.5667154499
19.3111182198
10.9225640070
-34.9586774289
162.5514949967
-77.5949684751
-53.4831736071
140.2839091518
1.9654928108
-34.6461315946
24.1789500396
40.4985067017
12.8569060189
190.8862502507
-5.7210832121
48.4405978777
-221.2223387477
-133.3660586513
-91.2891139878
-26.3622027478
96.1803903073
-98.5404467557
165.9449253222
-81.2253243466
77.2008054481
-25.3947243847
-9.2867063339
78.8656720541
28.8280933956
8.7617001032
22.0355823492
-70.8556444073
101.7428671055
92.6199619740
-46.6564856933
-5.4689215455
69.0151343221
-152.9456858230
1.4902711541
-43.8357905000
77.9607739940
19.0372028702
80.3395081061
3.5178782319
35.2720630546
53.2092292802
-31.6595170020
10.9568779475
-28.1704155722
34.3022502351
-116.2736382273
85.9558873446
67.4513801607
9.6930123278
-33.4569442561
-5.4775993889
88.6168510031
-112.4679019815
70.6064322735
203.6679769831
84.5025255289
102.5696408066
96.4043208547
-18.0796886039
-98.2060974791
-162.6349218434
-23.9625989182
-121.3189211499
-129.8346032071
52.8398716627
77.5557503498
54.3818383427
126.8175395622
39.2069391155
-67.7212587325
30.6690448052
10.1852549758
-143.5523313690
-167.4265925698
40.5682825548
107.8684734060
-53.3173505031
222.0602160052
121.0628370162
-83.6921284168
75.9956758593
-82.9645066271
63.1925293737
-42.6016850135
-15.7718204040
92.0212034615
119.6716983077
-158.2971708059
35.6532401799
113.4163598551
-74.5928458333
-36.2841243401
46.2791263404
-133.5930038928
-40.8099136394
54.2079681936
-36.0504494061
-2.7085842196
-29.0457932464
-110.7389518072
-66.2800001994
-19.5761017689
-23.3474920507
130.6006896705
102.3714422382
-188.9540646872
-10.6205459996
37.0141870467
-42.7040269931
-10.0225350000
129.2258052665
135.7354864407
-32.5719018405
77.9168418054
-95.4424032395
81.5946693493
-9.6868387796
134.4568120628
-28.3908208449
46.2674604101
-13.7806753182
51.7190426512
-73.1623794932
14.0717854531
-44.4902882516
-76.0667722263
29.3273455238
10.0554159597
118.3191996343
33.2249619261
-126.7279082322
-15.2370810100
-151.4249758714
173.9122168121
55.8837732896
56.1100889104
22.4948283510
36.4578779464
-23.4999578575
-107.3557269333
-203.1098136112
198.2325135945
-24.2430003435
-30.8056983267
119.6587127925
95.6438090533
28.9696111549
86.7631258737
-62.7838906963
-75.2083565055
94.9037510076
138.3505209132
-26.3271365063
35.3072433143
-6.5385842566
49.5483715615
6.3067978601
-59.4503468476
-48.9520945456
-99.7659863561
81.1749676453
-58.9396066394
-221.0718140905
-108.2938557291
-56.5948168295
-83.0647428966
-134.6749010736
-12.6053195817
-49.1276939087
-21.8546775329
86.6019086458
-151.3296152642
-17.8802868099
143.4489407331
144.5599222344
-23.0468045416
18.6713070361
152.5816419219
-142.8812870571
-31.8737579685
133.9144118916
-3.5797897649
-115.0404961379
97.3791529671
-71.4056858163
92.8982858382
-0.3107785747
-21.2057126314
-71.2677953516
5.0222669733
-144.7481390704
-43.7912442569
-113.8296024141
-31.1465748356
17.0296504128
-15.0493797484
11.3455162314
-13.0484128019
13.0918058873
60.1933126310
50.7267994661
-170.6687302617
105.4475613032
95.2315658503
5.4829156425
58.1491209416
58.8463232289
146.6406138944
-117.5866572044
-74.6392763029
210.2170449346
63.5479853671
1.8611350299
22.0774454011
89.5421913196
-152.3380838466
-38.4080868658
13.5080078217
-154.5609913502
106.2123045572
-131.9387273008
-87.8064886510
-123.0138090296
-83.6179532871
-49.5532549077
-26.9815915720
-11.6403301999
-142.9458831615
129.9724261060
115.1878571137
-17.1595803042
253.3693319454
-87.5037522429
40.3041785336
-73.7189977145
-118.6535725340
-26.3531964228
-281.9051399472
-74.1970157723
10.3228071197
-114.6332765393
94.6996567592
-102.3820117538
-44.8517826969
-20.2686789567
87.2023720230
32.4811748879
-154.5877035759
70.0446285474
-63.9056795751
27.0216515261
-78.3742328218
-210.1456892001
162.1708315516
45.4069143889
-13.3702897606
-1.0414560809
-29.6701657627
-132.6942405189
50.0406893400
-142.5704582805
67.9613378182
113.8455556761
-135.0236233746
21.9057338877
128.1921689958
152.6100581184
-47.7080365035
29.3328262855
139.5459957199
-33.9478356023
-74.6840150363
-1.6539851152
-31.8875663079
13.6081557470
-1.7915499691
-30.2076387054
50.2956883173
15.6623897452
-185.5216678364
-41.0025863552
-106.2519411523
-181.6283437123
-92.2495842467
82.7403396169
-100.7061131309
-66.7044763379
197.5631177844
30.1556951241
13.8884598839
7.7949804054
208.4689633170
20.8785212728
25.3910498779
126.6674782495
2.9483323022
38.7755525321
-39.9212442484
45.2987484966
-198.7885889012
49.7337582758
-213.2613010862
-3.2799597223
37.2553000663
-75.4290883361
62.6541447312
-5.2192640842
137.3328983825
15.3530556307
-97.3096635505
49.6096247316
76.6847169330
-12.1889740047
81.5946518037
8.1995569634
-104.1042109478
-2.3607355900
44.5406829186
-46.9186903639
12.5161739062
180.7734030051
0.4252442996
-103.7587276598
-37.8740673612
-123.1691793858
-26.2373775936
-42.5472711344
-23.5804129895
-134.2032226409
-37.6739040354
-85.8906891143
-102.8568113808
-49.6349552587
65.4012428905
-48.8094764739
-52.0171879146
-56.6275804495
9.0290296067
35.4886644826
97.4719244277
-112.8345089021
-122.7478473522
-27.4052145795
70.1220932389
63.7151494572
10.7303851570
-23.5973754235
4.9440617098
-17.2679399163
-108.0648160823
36.7787243653
-164.4402802603
-6.0243266796
-72.1542425089
21.5022817557
55.0899707397
-176.8331645357
-23.7597095722
77.1597814050
32.1710252016
-67.4290006162
38.6304833406
-84.5900558901
-78.4488466061
83.5192687184
24.8139273213
-157.5344483268
64.1119050828
74.2175152663
-177.5660619190
-13.1020070293
91.3591380082
-13.8544139553
95.6881869484
-17.9634368490
60.6886380299
31.8422713544
0.7980366284
-149.5852421493
31.9422247674
-12.7494490096
8.2609739969
26.2481041927
-25.6760479527
-26.0197221166
26.6035561941
-47.9566838048
19.5960048276
-139.1522327607
-92.8463766263
35.8553229439
-113.7534360958
-36.5877602356
151.7319048635
103.9735302608
20.6944014125
22.1474293510
-176.6264202681
-5.9212572793
-22.5640988932
-59.4643371212
98.9575923639
50.4291532250
95.5541487388
-1.7990194717
90.3206008773
133.0450729874
-24.6447115894
-18.6169563001
52.5559628037
-91.1991542650
19.8336240663
-104.2176281037
63.9477387795
-160.6322482776
-47.1082219424
-49.1638069377
-11.8980273478
18.8463558094
123.1220445297
195.8362780174
-43.0660115288
196.6953918022
-88.8723431056
116.6932890235
-38.2358254870
49.4966578805
-123.3834130536
-74.9923837856
8.1613638995
0.2622177409
42.1497284265
-59.2152891907
-63.8417651327
67.6880688191
-22.0644270415
-109.1409619581
75.8421147212
42.7367140765
42.1799939824
-71.7748125310
-122.4078130472
209.5370494731
128.3453897946
120.8063081682
-22.5833709952
-103.3397521758
-36.9875819716
-110.3551424298
45.4080434913
-158.3031060086
50.6146221644
-126.6179302879
156.9450964926
-76.0241065877
-29.1220019959
-66.4065701766
-12.3276424392
-104.8040610188
209.1026089561
-39.2675844063
44.2948364389
96.5647812008
108.7772677455
-88.6473756756
18.1868170096
142.5695099336
86.0532379524
-20.4291838536
66.7517142270
-29.8833981836
39.0005958239
-44.6947543829
-78.8388727756
-161.7270487380
144.6007013070
-55.4650997851
61.1753589553
125.9518490330
-117.0891926739
-56.3141522002
123.9655052347
62.6463505904
-151.2594886161
85.7571821582
7.4364511622
-30.2089286400
-60.6947500475
-98.9240651561
120.4184413568
-165.2845413413
-9.2648014510
-38.1294104057
93.6114611390
-178.7972544726
-62.0508636913
-91.2224972875
33.0547399236
-103.5168789638
16.8406966912
116.8647375807
-39.1034402434
6.0590871667
-107.5300420771
-61.1346208818
-35.7307338321
-51.9950980537
106.0503470623
79.3729522374
11.5209639770
23.1165019984
-117.0319188941
71.4345495714
53.0754578513
-18.7997416091
11.8277039530
-22.0399095796
143.8837551408
-92.4110524204
-60.8311968866
-62.6988936117
75.0485659790
-96.8543872125
-97.2862098771
-84.1626858441
-19.5635650554
-78.6293221660
-93.1309273524
30.3319565551
-11.4825293648
48.8386079494
38.2051330640
0.7880220453
112.6188438747
50.8795179029
-126.9827145300
72.3931831645
-31.0776884913
-55.0751701042
-47.7722326408
-19.8171478374
22.8485743236
33.2694330976
142.0302676763
27.3514084093
-77.1122732159
39.7487346827
-92.7317471913
-29.5056256648
-18.8681477512
-1.2542872715
54.3247584874
27.0763994201
8.5923073702
30.0114240429
0.1333765196
142.9511318365
-65.4341310886
98.6993234072
-166.9633662554
90.1272719556
-61.8805513029
-68.9724252394
-6.2584347707
-106.7253613914
-16.0543539568
43.7565611938
32.1795301359
-21.7147952719
-16.4560910289
26.3277940809
59.0466813146
-210.1544529977
35.0800784356
113.6546881251
35.9340958223
-72.3841201700
-25.3114294113
51.9975296197
-61.7962602469
-107.9714539986
-86.4109945810
50.1107929013
86.5549060738
-75.8242904779
-18.4514349417
-117.2787762474
-100.2934510760
3.7926561490
-22.9592504411
74.3163647347
-70.1057774631
-40.1259185662
92.4160115067
-30.5815155877
9.6427227885
-31.1025821868
8.7900661119
-70.6325544116
-67.7630770835
-58.2791781427
70.6584537417
-11.3814201798
-29.5744338842
-40.7628111193
-97.7914937068
51.7767616853
-174.4831023155
-26.8759307892
-76.3483394040
61.2419048869
27.9685938867
-25.6732150782
-77.8936362126
21.6719996125
49.6370369847
91.4346045800
5.0838347229
-33.2670549816
-15.6306489885
-5.9856231228
-57.4917470483
-152.7506525932
54.1913566488
-35.6709738433
-41.2512857355
54.2322333127
-118.9990839053
-97.1463406809
12.1722954965
-119.1779429238
22.7851446316
-41.4036534874
-132.8138253110
-16.9109465300
33.9318419812
-66.0920224349
-140.7107749230
194.9269307114
-142.0147046361
3.2947368438
32.1765258799
-26.2851812898
-262.1485640737
70.7088024794
91.7586159878
-16.5785123881
-146.9542020622
12.2436412644
125.5082422085
-155.5154389368
-117.2688087083
-253.1010884267
-42.2087226308
97.5802377692
-13.3026057631
-112.4351075146
-2.8430369775
68.1349945124
-103.3304966744
-0.5079441955
38.1947332014
68.5226054468
-145.4461513959
81.6892476931
-156.0613353033
-80.5101532539
40.5665488436
-154.7383121287
66.9121173088
13.8652852056
90.9499372884
-16.5699971186
99.4271952231
74.3134078939
27.1964438768
-63.1690565570
122.0923379679
148.7749131214
10.5155991757
39.8038048060
53.7080955108
-41.6469754821
31.6615370415
57.8511198285
-53.4206702005
-126.4029567713
-184.2803159667
-47.4903298688
15.7021964448
-76.2166340315
-45.7828353280
150.1272669812
-67.0208142640
26.7837727782
-89.7644080926
197.9932821265
33.3935339789
6.8392967982
72.8371823303
-45.4494048398
108.9374455217
-12.6337326303
25.3219247449
192.7952244926
-80.3170039206
-74.6967371377
68.2235648735
-105.4355594391
22.2691298598
124.5456747570
-50.8329478686
89.6496726973
-30.7890867993
